#	node	parent	dia	xbio	ybio	zbio	region	dendr
	0	0	20.00	169.87	169.87	24.00	SOMA	0
	1	0	1.70	177.51	157.15	27.00	DEND	0
	2	1	1.50	181.64	151.11	30.00	DEND	0
	3	2	1.20	190.23	145.38	30.00	DEND	0
	4	3	1.20	198.50	136.79	30.00	DEND	0
	5	4	1.20	197.55	124.70	30.00	DEND	0
	6	5	1.20	197.87	115.48	30.00	DEND	0
	7	6	1.00	192.46	105.30	30.00	DEND	0
	8	6	1.00	206.14	110.39	30.00	DEND	0
	9	8	1.00	210.27	104.34	30.00	DEND	0
	10	9	1.00	208.05	96.39	30.00	DEND	0
	11	10	1.00	204.23	88.75	30.00	DEND	0
	12	11	1.00	199.14	76.03	30.00	DEND	0
	13	12	0.90	206.14	67.76	30.00	DEND	0
	14	13	0.90	208.68	58.53	30.00	DEND	0
	15	14	0.90	209.00	47.40	30.00	DEND	0
	16	15	0.90	215.36	43.58	30.00	DEND	0
	17	16	0.80	215.68	34.67	30.00	DEND	0
	18	17	0.80	213.77	23.22	30.00	DEND	0
	19	18	0.80	213.14	14.32	30.00	DEND	0
	20	19	0.80	216.32	6.68	30.00	DEND	0
	21	20	0.80	212.18	1.27	30.00	DEND	0
	22	16	0.80	225.54	45.49	30.00	DEND	0
	23	22	0.80	229.36	33.72	30.00	DEND	0
	24	23	0.80	228.73	22.27	30.00	DEND	0
	25	24	0.80	223.95	18.45	30.00	DEND	0
	27	25	0.80	221.41	21.95	30.00	DEND	0
	28	25	0.80	224.91	7.32	30.00	DEND	0
	26	24	0.80	240.81	12.41	30.00	DEND	0
	29	9	0.90	220.77	97.34	30.00	DEND	0
	30	29	0.90	224.27	85.26	30.00	DEND	0
	31	30	0.80	214.73	86.21	30.00	DEND	0
	32	30	0.90	222.68	72.21	30.00	DEND	0
	33	32	0.80	229.04	66.49	30.00	DEND	0
	34	32	0.80	212.18	65.53	30.00	DEND	0
	271	4	1.20	207.09	128.52	33.00	DEND	0
	272	271	1.20	215.05	116.11	36.00	DEND	0
	273	272	1.00	212.50	105.30	39.00	DEND	0
	274	273	1.00	205.82	103.07	39.00	DEND	0
	296	274	0.80	197.87	109.11	39.00	DEND	0
	297	296	0.80	187.69	108.16	39.00	DEND	0
	298	297	0.80	177.19	114.84	39.00	DEND	0
	299	298	0.80	169.24	113.57	39.00	DEND	0
	300	299	0.80	170.83	103.71	39.00	DEND	0
	301	300	0.80	163.83	97.03	39.00	DEND	0
	302	301	0.80	163.83	86.21	39.00	DEND	0
	303	302	0.80	175.28	75.39	39.00	DEND	0
	304	274	1.00	208.05	90.98	39.00	DEND	0
	305	304	1.00	201.05	89.39	39.00	DEND	0
	306	305	1.00	196.91	78.57	39.00	DEND	0
	307	306	1.00	191.51	69.35	39.00	DEND	0
	308	307	0.90	192.78	62.99	39.00	DEND	0
	309	308	0.90	194.69	49.31	39.00	DEND	0
	310	308	0.90	183.55	58.22	39.00	DEND	0
	311	310	0.80	183.23	50.58	39.00	DEND	0
	312	311	0.80	186.42	40.08	39.00	DEND	0
	313	311	0.80	174.01	49.94	39.00	DEND	0
	314	313	0.80	172.42	41.67	39.00	DEND	0
	316	307	0.90	184.83	82.71	39.00	DEND	0
	317	316	0.80	191.51	85.57	39.00	DEND	0
	318	316	0.80	180.37	91.94	39.00	DEND	0
	319	318	0.80	183.87	104.02	39.00	DEND	0
	315	305	0.80	196.28	95.12	39.00	DEND	0
	275	273	1.00	213.77	95.75	39.00	DEND	0
	276	275	1.00	218.23	86.85	39.00	DEND	0
	277	276	1.00	220.77	77.94	39.00	DEND	0
	278	277	0.90	217.27	70.94	39.00	DEND	0
	279	278	0.90	219.18	64.58	39.00	DEND	0
	280	279	0.90	215.05	62.67	39.00	DEND	0
	284	280	0.80	221.09	53.76	39.00	DEND	0
	285	284	0.80	229.36	43.58	39.00	DEND	0
	286	285	0.80	234.77	34.99	39.00	DEND	0
	287	286	0.80	235.72	27.04	39.00	DEND	0
	288	287	0.80	240.81	24.18	39.00	DEND	0
	289	287	0.80	231.59	25.13	39.00	DEND	0
	290	280	0.90	209.64	54.72	39.00	DEND	0
	291	290	0.90	207.09	44.22	39.00	DEND	0
	292	291	0.90	216.32	37.86	39.00	DEND	0
	293	292	0.90	224.27	32.45	39.00	DEND	0
	294	291	0.90	201.69	35.95	39.00	DEND	0
	295	294	0.90	189.92	25.45	39.00	DEND	0
	281	279	0.80	227.45	58.53	39.00	DEND	0
	282	281	0.80	233.82	50.58	39.00	DEND	0
	283	282	0.80	238.27	38.49	39.00	DEND	0
	320	272	1.00	226.18	113.25	39.00	DEND	0
	321	320	0.90	228.09	107.21	39.00	DEND	0
	322	321	0.90	230.63	103.07	39.00	DEND	0
	323	322	0.90	230.32	89.71	39.00	DEND	0
	324	323	0.90	240.50	77.30	39.00	DEND	0
	325	324	0.80	255.77	68.71	39.00	DEND	0
	326	325	0.80	254.49	49.31	39.00	DEND	0
	327	326	0.80	245.59	37.54	39.00	DEND	0
	328	327	0.80	248.45	27.68	39.00	DEND	0
	329	325	0.80	266.58	58.22	39.00	DEND	0
	330	329	0.80	271.04	42.63	39.00	DEND	0
	331	330	0.80	280.90	31.18	39.00	DEND	0
	332	322	0.90	236.04	92.57	39.00	DEND	0
	333	332	0.90	250.68	83.03	39.00	DEND	0
	334	333	0.90	261.17	93.21	39.00	DEND	0
	335	333	0.90	269.76	75.71	39.00	DEND	0
	336	321	0.90	244.31	108.16	39.00	DEND	0
	337	336	0.90	259.58	104.34	39.00	DEND	0
	338	337	0.90	269.76	97.66	39.00	DEND	0
	339	338	0.90	272.94	89.07	39.00	DEND	0
	340	339	0.90	274.85	81.44	39.00	DEND	0
	341	340	0.90	271.35	78.57	39.00	DEND	0
	342	340	0.90	280.58	81.76	39.00	DEND	0
	343	339	0.90	280.26	90.66	39.00	DEND	0
	344	336	0.90	255.77	112.61	39.00	DEND	0
	345	344	0.90	278.67	116.43	39.00	DEND	0
	346	345	0.90	294.58	112.93	39.00	DEND	0
	347	346	0.80	309.21	118.02	39.00	DEND	0
	348	346	0.80	299.67	106.57	39.00	DEND	0
	35	2	1.30	177.19	141.24	30.00	DEND	0
	36	35	1.30	178.46	130.11	30.00	DEND	0
	37	36	1.30	175.60	119.29	30.00	DEND	0
	38	37	1.10	172.42	109.11	30.00	DEND	0
	39	38	1.00	181.33	101.16	30.00	DEND	0
	40	39	1.00	188.01	95.12	30.00	DEND	0
	41	40	1.00	193.73	97.34	30.00	DEND	0
	42	40	1.00	184.83	84.62	30.00	DEND	0
	43	42	1.00	181.01	84.94	30.00	DEND	0
	44	43	1.00	176.55	83.66	30.00	DEND	0
	45	43	1.00	181.01	74.12	30.00	DEND	0
	46	45	0.90	194.05	71.58	30.00	DEND	0
	47	45	0.90	177.83	72.85	30.00	DEND	0
	48	38	1.10	167.01	103.71	30.00	DEND	0
	49	48	1.10	165.42	90.98	27.00	DEND	0
	50	49	1.10	167.33	82.71	27.00	DEND	0
	51	50	1.10	162.88	79.21	27.00	DEND	0
	52	51	1.00	167.33	72.53	30.00	DEND	0
	53	52	1.00	171.78	65.53	30.00	DEND	0
	54	53	0.90	181.33	69.35	30.00	DEND	0
	55	54	0.90	187.37	61.08	30.00	DEND	0
	56	55	0.90	195.96	55.35	30.00	DEND	0
	57	56	0.90	196.60	46.13	30.00	DEND	0
	58	57	0.90	201.05	41.36	30.00	DEND	0
	59	58	0.90	198.82	34.36	30.00	DEND	0
	60	58	0.90	208.05	39.13	30.00	DEND	0
	61	53	0.90	170.83	52.81	30.00	DEND	0
	62	61	0.90	176.24	43.26	30.00	DEND	0
	63	62	0.80	176.55	30.54	30.00	DEND	0
	64	63	0.80	180.05	19.72	30.00	DEND	0
	65	64	0.80	178.15	13.04	30.00	DEND	0
	66	65	0.80	170.19	9.23	30.00	DEND	0
	67	65	0.80	184.83	4.14	30.00	DEND	0
	68	62	0.80	185.14	37.54	30.00	DEND	0
	69	68	0.80	194.37	30.22	30.00	DEND	0
	70	69	0.80	200.73	24.18	30.00	DEND	0
	71	51	1.00	154.29	77.62	30.00	DEND	0
	72	71	1.00	146.65	76.35	30.00	DEND	0
	73	72	1.00	142.20	71.26	30.00	DEND	0
	74	73	0.90	152.70	64.26	30.00	DEND	0
	75	74	0.90	152.70	53.76	30.00	DEND	0
	76	75	0.90	161.28	53.76	30.00	DEND	0
	77	76	0.90	171.15	45.81	30.00	DEND	0
	78	73	0.90	132.02	74.12	30.00	DEND	0
	79	78	0.90	121.20	76.03	30.00	DEND	0
	80	79	0.90	103.07	82.71	30.00	DEND	0
	81	37	1.00	163.51	118.02	30.00	DEND	0
	82	81	0.90	160.65	125.02	30.00	DEND	0
	83	81	0.90	151.42	111.34	30.00	DEND	0
	84	83	0.90	142.83	109.11	30.00	DEND	0
	85	83	0.80	151.11	107.52	30.00	DEND	0
	86	0	1.00	173.06	156.51	30.00	DEND	0
	87	86	1.00	183.55	155.88	30.00	DEND	0
	88	87	1.00	195.96	152.70	30.00	DEND	0
	89	88	1.00	203.59	142.52	30.00	DEND	0
	90	89	1.00	213.46	134.56	30.00	DEND	0
	91	90	1.00	222.36	126.61	30.00	DEND	0
	92	91	1.00	227.45	119.61	30.00	DEND	0
	93	92	1.00	232.54	109.75	30.00	DEND	0
	94	93	1.00	240.18	98.62	30.00	DEND	0
	95	94	0.90	238.27	90.98	30.00	DEND	0
	96	95	0.90	234.45	83.35	30.00	DEND	0
	97	96	0.90	234.77	76.03	30.00	DEND	0
	98	97	0.90	233.18	67.12	30.00	DEND	0
	99	98	0.90	233.50	61.71	30.00	DEND	0
	100	99	0.90	236.68	57.58	30.00	DEND	0
	101	100	0.90	235.72	48.35	30.00	DEND	0
	102	101	0.90	232.86	44.85	30.00	DEND	0
	103	101	0.90	245.27	44.54	30.00	DEND	0
	104	103	0.90	249.72	42.31	30.00	DEND	0
	105	104	0.90	243.68	38.49	30.00	DEND	0
	106	104	0.90	253.86	41.99	30.00	DEND	0
	127	94	1.00	248.45	94.48	30.00	DEND	0
	128	127	1.00	257.04	90.03	30.00	DEND	0
	129	128	1.00	268.17	86.85	30.00	DEND	0
	130	129	0.90	265.95	76.03	30.00	DEND	0
	131	130	0.90	267.22	66.49	30.00	DEND	0
	132	131	0.90	273.90	53.44	30.00	DEND	0
	133	132	0.90	275.49	40.40	27.00	DEND	0
	134	133	0.90	270.72	29.58	27.00	DEND	0
	135	134	0.90	269.44	17.50	27.00	DEND	0
	136	135	0.90	262.13	11.13	27.00	DEND	0
	137	136	0.90	265.31	5.41	27.00	DEND	0
	138	129	1.00	278.99	87.80	30.00	DEND	0
	139	138	0.90	285.35	79.53	30.00	DEND	0
	140	139	0.90	290.44	74.12	30.00	DEND	0
	141	140	0.90	288.85	70.62	30.00	DEND	0
	144	141	0.80	278.35	65.85	30.00	DEND	0
	145	141	0.80	296.80	62.03	30.00	DEND	0
	146	145	0.80	308.89	66.49	30.00	DEND	0
	147	145	0.80	295.21	55.03	30.00	DEND	0
	148	147	0.80	287.26	51.53	30.00	DEND	0
	149	148	0.80	284.71	43.58	30.00	DEND	0
	150	147	0.80	302.85	49.31	30.00	DEND	0
	151	150	0.80	299.35	35.31	30.00	DEND	0
	152	150	0.80	313.34	46.13	30.00	DEND	0
	153	152	0.80	313.98	36.58	30.00	DEND	0
	154	153	0.80	322.89	33.08	30.00	DEND	0
	155	152	0.80	321.30	49.63	30.00	DEND	0
	142	140	0.90	303.80	75.08	30.00	DEND	0
	143	142	0.90	312.07	69.67	30.00	DEND	0
	162	138	0.90	288.21	97.34	30.00	DEND	0
	163	162	0.90	300.62	104.98	30.00	DEND	0
	164	163	0.80	299.98	116.43	30.00	DEND	0
	165	164	0.80	301.57	127.88	30.00	DEND	0
	166	163	0.80	309.21	101.16	30.00	DEND	0
	167	166	0.80	311.12	88.44	30.00	DEND	0
	168	167	0.80	317.80	87.16	30.00	DEND	0
	169	168	0.80	322.57	80.48	30.00	DEND	0
	170	168	0.80	321.93	94.80	30.00	DEND	0
	156	127	1.00	246.54	84.94	30.00	DEND	0
	157	156	0.90	250.99	73.80	30.00	DEND	0
	158	157	0.90	251.63	64.58	30.00	DEND	0
	159	158	0.80	242.72	66.49	30.00	DEND	0
	160	158	0.80	255.13	53.13	30.00	DEND	0
	161	160	0.80	261.81	40.40	30.00	DEND	0
	113	93	0.90	246.22	109.43	30.00	DEND	0
	114	113	0.90	250.68	114.84	30.00	DEND	0
	115	113	0.90	251.31	106.25	30.00	DEND	0
	116	115	0.80	262.13	106.25	30.00	DEND	0
	117	116	0.80	268.49	107.52	30.00	DEND	0
	118	117	0.80	273.26	107.84	30.00	DEND	0
	121	118	0.80	275.81	101.48	30.00	DEND	0
	122	121	0.80	282.17	98.62	30.00	DEND	0
	123	118	0.80	279.31	109.75	30.00	DEND	0
	124	123	0.80	285.99	104.66	30.00	DEND	0
	119	117	0.80	261.49	114.84	30.00	DEND	0
	120	119	0.80	255.77	127.25	33.00	DEND	0
	107	92	0.90	232.86	130.11	30.00	DEND	0
	108	107	0.90	237.31	133.61	30.00	DEND	0
	109	108	0.90	240.50	137.43	30.00	DEND	0
	110	109	0.80	234.13	144.42	30.00	DEND	0
	111	110	0.80	230.00	149.83	30.00	DEND	0
	112	109	0.90	248.13	148.56	30.00	DEND	0
	125	108	0.90	239.22	126.29	33.00	DEND	0
	126	125	0.90	238.27	115.16	33.00	DEND	0
	171	88	1.00	205.82	153.65	33.00	DEND	0
	172	171	1.00	214.09	154.92	33.00	DEND	0
	173	172	1.00	230.00	155.24	33.00	DEND	0
	174	173	1.00	244.63	156.20	33.00	DEND	0
	175	174	1.00	260.22	153.01	33.00	DEND	0
	176	175	1.00	269.13	149.51	33.00	DEND	0
	177	176	0.90	268.49	140.93	33.00	DEND	0
	178	177	0.90	251.31	138.06	33.00	DEND	0
	179	177	0.90	278.03	133.29	30.00	DEND	0
	180	179	0.90	286.94	130.75	30.00	DEND	0
	181	180	0.90	289.80	122.79	30.00	DEND	0
	182	181	0.90	296.17	119.93	30.00	DEND	0
	183	181	0.90	285.99	117.70	30.00	DEND	0
	184	183	0.90	273.90	117.38	30.00	DEND	0
	185	180	0.90	297.44	136.15	30.00	DEND	0
	186	185	0.90	306.66	132.34	30.00	DEND	0
	187	176	1.00	275.81	152.70	30.00	DEND	0
	188	187	1.00	291.71	144.74	30.00	DEND	0
	189	188	1.00	308.25	145.06	30.00	DEND	0
	190	189	0.90	315.89	136.47	30.00	DEND	0
	191	190	0.90	311.75	118.98	30.00	DEND	0
	192	191	0.90	321.30	108.80	30.00	DEND	0
	193	190	0.80	320.02	138.38	30.00	DEND	0
	194	193	0.80	324.80	135.52	30.00	DEND	0
	195	193	0.80	323.52	141.24	30.00	DEND	0
	196	189	0.80	315.57	151.42	30.00	DEND	0
	197	196	0.80	320.98	159.38	30.00	DEND	0
	238	174	1.00	250.36	164.47	33.00	DEND	0
	239	238	1.00	262.13	168.60	33.00	DEND	0
	240	239	1.00	266.58	177.19	33.00	DEND	0
	241	240	1.00	278.67	177.19	33.00	DEND	0
	242	241	1.00	279.62	181.01	33.00	DEND	0
	255	242	0.90	274.53	186.73	33.00	DEND	0
	256	255	0.90	279.31	192.78	33.00	DEND	0
	257	256	0.90	273.58	202.64	33.00	DEND	0
	258	257	0.90	266.58	209.64	33.00	DEND	0
	259	258	0.90	266.26	222.68	33.00	DEND	0
	260	242	0.90	291.39	186.42	33.00	DEND	0
	261	260	0.90	294.26	192.46	33.00	DEND	0
	262	261	0.90	302.21	191.82	33.00	DEND	0
	263	261	0.90	291.71	204.23	33.00	DEND	0
	264	263	0.90	292.99	214.09	33.00	DEND	0
	265	264	0.90	299.35	214.09	33.00	DEND	0
	266	264	0.90	286.30	221.09	33.00	DEND	0
	243	241	0.90	285.03	174.33	33.00	DEND	0
	244	243	0.90	296.80	173.69	33.00	DEND	0
	245	244	0.90	305.39	165.74	33.00	DEND	0
	246	245	0.80	313.98	171.15	33.00	DEND	0
	247	246	0.80	318.12	167.33	33.00	DEND	0
	248	247	0.80	324.80	172.10	33.00	DEND	0
	249	246	0.80	312.39	183.23	33.00	DEND	0
	250	249	0.80	313.34	194.05	33.00	DEND	0
	251	250	0.80	305.39	204.87	33.00	DEND	0
	252	251	0.80	303.16	220.45	33.00	DEND	0
	253	250	0.80	321.62	196.60	33.00	DEND	0
	254	253	0.80	322.25	203.59	33.00	DEND	0
	267	240	0.90	262.45	186.10	33.00	DEND	0
	268	267	0.90	259.26	199.46	33.00	DEND	0
	269	268	0.80	252.58	213.14	33.00	DEND	0
	270	269	0.80	254.81	223.00	33.00	DEND	0
	230	173	0.90	224.91	167.01	33.00	DEND	0
	231	230	0.90	231.91	174.01	33.00	DEND	0
	232	231	0.90	240.18	167.65	33.00	DEND	0
	233	231	0.90	226.50	188.01	33.00	DEND	0
	234	233	0.90	220.45	190.23	33.00	DEND	0
	235	233	0.90	230.00	194.37	33.00	DEND	0
	236	235	0.90	228.41	203.28	33.00	DEND	0
	237	236	0.90	236.68	211.55	33.00	DEND	0
	198	172	0.90	208.68	168.28	33.00	DEND	0
	199	198	0.90	212.82	179.74	33.00	DEND	0
	200	199	0.90	213.77	186.73	33.00	DEND	0
	201	200	0.90	208.05	198.82	33.00	DEND	0
	202	201	0.90	202.00	202.00	33.00	DEND	0
	203	202	0.90	195.64	198.19	33.00	DEND	0
	204	202	0.80	200.73	210.59	33.00	DEND	0
	205	204	0.80	199.14	224.59	33.00	DEND	0
	206	205	0.80	189.60	233.82	33.00	DEND	0
	207	206	0.80	180.37	244.31	33.00	DEND	0
	208	205	0.80	204.87	232.54	33.00	DEND	0
	209	208	0.80	202.96	242.40	33.00	DEND	0
	210	201	0.80	217.27	209.96	33.00	DEND	0
	211	210	0.80	225.54	215.05	33.00	DEND	0
	212	210	0.80	215.68	223.95	33.00	DEND	0
	213	212	0.80	214.73	236.68	33.00	DEND	0
	214	213	0.80	219.82	244.95	33.00	DEND	0
	215	198	0.80	198.82	172.74	33.00	DEND	0
	216	215	0.70	190.23	180.69	33.00	DEND	0
	217	216	0.70	180.69	182.60	33.00	DEND	0
	218	217	0.70	169.24	187.37	33.00	DEND	0
	219	218	0.70	161.92	197.23	33.00	DEND	0
	220	219	0.70	151.74	201.05	33.00	DEND	0
	221	215	0.70	198.19	180.37	33.00	DEND	0
	222	221	0.70	191.19	184.51	33.00	DEND	0
	223	222	0.70	187.37	198.50	33.00	DEND	0
	224	223	0.70	182.28	211.87	33.00	DEND	0
	225	224	0.70	174.33	214.09	33.00	DEND	0
	226	225	0.70	167.97	200.73	33.00	DEND	0
	227	225	0.70	175.92	220.77	33.00	DEND	0
	228	227	0.70	171.78	229.68	33.00	DEND	0
	229	227	0.70	183.23	226.18	33.00	DEND	0
	349	0	1.30	173.69	180.05	36.00	DEND	0
	350	349	1.30	179.42	185.78	39.00	DEND	0
	351	350	1.00	175.28	197.87	42.00	DEND	0
	352	351	0.90	178.46	208.68	42.00	DEND	0
	353	352	0.90	170.19	214.09	42.00	DEND	0
	354	353	0.90	166.69	222.36	42.00	DEND	0
	355	354	0.90	154.60	218.23	42.00	DEND	0
	356	355	0.90	148.88	209.96	42.00	DEND	0
	357	356	0.90	133.61	205.82	42.00	DEND	0
	358	357	0.90	142.20	196.60	42.00	DEND	0
	359	358	0.90	145.70	189.92	42.00	DEND	0
	360	357	0.90	118.34	213.14	42.00	DEND	0
	361	360	0.90	112.30	206.78	42.00	DEND	0
	362	360	0.90	114.84	223.95	42.00	DEND	0
	363	362	0.90	104.02	229.36	42.00	DEND	0
	364	363	0.80	94.16	239.86	42.00	DEND	0
	365	364	0.80	86.21	252.58	42.00	DEND	0
	366	365	0.80	86.85	262.13	42.00	DEND	0
	373	354	0.90	166.69	238.27	42.00	DEND	0
	374	373	0.80	161.28	246.86	45.00	DEND	0
	375	374	0.80	166.69	262.13	45.00	DEND	0
	376	375	0.80	162.24	270.40	45.00	DEND	0
	377	375	0.80	178.15	271.67	45.00	DEND	0
	378	377	0.80	173.06	286.30	45.00	DEND	0
	379	373	0.90	172.74	239.54	45.00	DEND	0
	380	379	0.90	175.60	248.13	45.00	DEND	0
	381	379	0.90	186.73	233.50	45.00	DEND	0
	382	381	0.90	191.19	226.18	45.00	DEND	0
	383	382	0.90	178.46	218.23	45.00	DEND	0
	384	383	0.90	182.60	206.46	45.00	DEND	0
	385	384	0.90	180.69	200.41	45.00	DEND	0
	386	384	0.90	188.64	203.28	45.00	DEND	0
	387	382	0.90	205.82	218.55	45.00	DEND	0
	388	387	0.90	213.77	217.59	45.00	DEND	0
	389	387	0.90	210.91	207.09	45.00	DEND	0
	367	351	0.80	167.01	204.87	42.00	DEND	0
	368	367	0.80	156.83	205.82	42.00	DEND	0
	369	368	0.80	153.97	209.96	42.00	DEND	0
	370	368	0.80	156.20	196.60	42.00	DEND	0
	371	370	0.80	152.38	192.14	42.00	DEND	0
	372	370	0.80	162.56	192.14	42.00	DEND	0
	390	350	1.00	193.73	185.78	42.00	DEND	0
	391	390	1.00	204.23	193.41	42.00	DEND	0
	392	391	1.00	217.91	199.78	42.00	DEND	0
	393	392	0.90	230.00	191.19	42.00	DEND	0
	394	393	0.90	237.31	180.69	42.00	DEND	0
	395	394	0.90	242.72	177.51	42.00	DEND	0
	401	395	0.90	249.72	183.23	42.00	DEND	0
	418	401	0.90	260.86	180.37	42.00	DEND	0
	419	418	0.90	274.22	181.96	42.00	DEND	0
	420	419	0.90	277.40	176.24	42.00	DEND	0
	421	420	0.90	281.21	167.33	42.00	DEND	0
	422	420	0.90	282.49	178.15	42.00	DEND	0
	423	401	0.90	246.86	192.46	42.00	DEND	0
	424	423	0.90	237.95	204.87	42.00	DEND	0
	425	423	0.90	263.08	196.91	42.00	DEND	0
	426	425	0.90	272.31	197.23	42.00	DEND	0
	402	395	0.90	248.77	171.46	42.00	DEND	0
	403	402	0.90	263.72	165.42	42.00	DEND	0
	404	403	0.90	281.21	162.24	42.00	DEND	0
	405	404	0.80	289.80	167.01	42.00	DEND	0
	406	405	0.80	295.21	167.33	42.00	DEND	0
	407	406	0.80	298.39	157.79	42.00	DEND	0
	408	407	0.80	298.07	143.47	42.00	DEND	0
	412	406	0.80	300.30	181.33	42.00	DEND	0
	413	412	0.80	308.89	179.10	42.00	DEND	0
	414	413	0.80	312.71	167.97	42.00	DEND	0
	415	414	0.80	311.44	155.24	42.00	DEND	0
	416	413	0.80	318.43	192.46	42.00	DEND	0
	417	416	0.80	320.98	206.46	42.00	DEND	0
	409	405	0.80	289.17	178.78	42.00	DEND	0
	410	409	0.80	295.53	191.19	42.00	DEND	0
	411	410	0.80	301.89	198.50	42.00	DEND	0
	396	394	0.80	232.22	166.69	42.00	DEND	0
	397	396	0.80	231.91	156.83	42.00	DEND	0
	398	397	0.80	226.82	152.38	42.00	DEND	0
	399	398	0.80	232.54	137.43	42.00	DEND	0
	400	398	0.80	220.45	162.88	42.00	DEND	0
	493	400	0.80	221.09	175.92	42.00	DEND	0
	494	493	0.80	223.00	187.05	42.00	DEND	0
	495	493	0.80	216.00	182.60	42.00	DEND	0
	496	400	0.80	206.46	171.78	42.00	DEND	0
	427	392	1.00	217.91	215.05	42.00	DEND	0
	428	427	1.00	224.59	222.68	42.00	DEND	0
	429	428	0.90	220.14	237.95	42.00	DEND	0
	430	429	0.90	227.45	246.22	42.00	DEND	0
	431	430	0.90	223.00	261.81	45.00	DEND	0
	432	431	0.90	216.64	273.90	45.00	DEND	0
	433	432	0.90	207.73	278.35	45.00	DEND	0
	434	430	0.90	234.45	245.59	45.00	DEND	0
	435	434	0.90	243.36	240.81	45.00	DEND	0
	436	435	0.90	249.09	226.50	45.00	DEND	0
	437	434	0.90	246.54	250.99	45.00	DEND	0
	438	437	0.90	260.86	248.45	45.00	DEND	0
	439	438	0.90	270.72	238.91	45.00	DEND	0
	441	439	0.90	277.72	242.72	45.00	DEND	0
	442	441	0.90	274.85	251.31	45.00	DEND	0
	440	438	0.90	271.04	260.54	45.00	DEND	0
	443	428	0.90	234.77	218.55	45.00	DEND	0
	444	443	0.90	247.49	217.91	45.00	DEND	0
	445	444	0.90	260.86	222.68	45.00	DEND	0
	446	445	0.90	264.35	212.50	42.00	DEND	0
	447	446	0.90	271.04	202.00	42.00	DEND	0
	448	447	0.90	278.99	196.28	42.00	DEND	0
	449	448	0.90	284.40	196.91	42.00	DEND	0
	450	449	0.90	289.49	189.60	42.00	DEND	0
	451	449	0.90	290.12	201.05	42.00	DEND	0
	452	445	0.80	271.04	229.68	42.00	DEND	0
	453	452	0.80	278.03	229.68	42.00	DEND	0
	454	453	0.80	289.17	223.32	42.00	DEND	0
	455	454	0.80	290.76	212.82	42.00	DEND	0
	456	455	0.80	301.89	209.96	42.00	DEND	0
	457	454	0.80	301.57	235.09	42.00	DEND	0
	458	457	0.80	308.57	242.40	42.00	DEND	0
	459	458	0.80	318.43	243.68	42.00	DEND	0
	460	458	0.80	306.35	250.68	42.00	DEND	0
	461	453	0.80	277.40	237.31	42.00	DEND	0
	462	0	1.10	169.56	175.92	39.00	DEND	0
	463	462	1.10	167.33	172.10	42.00	DEND	0
	464	463	1.00	166.69	164.78	42.00	DEND	0
	465	464	0.90	158.42	154.60	42.00	DEND	0
	466	465	0.90	155.56	137.74	42.00	DEND	0
	467	466	0.80	140.93	132.02	42.00	DEND	0
	468	467	0.80	131.06	133.29	42.00	DEND	0
	469	468	0.80	127.88	141.56	42.00	DEND	0
	470	467	0.80	142.20	120.25	42.00	DEND	0
	471	470	0.80	139.02	110.70	42.00	DEND	0
	472	471	0.80	128.84	111.98	42.00	DEND	0
	473	465	0.80	167.33	137.43	42.00	DEND	0
	474	473	0.80	161.28	133.29	42.00	DEND	0
	475	473	0.80	176.55	132.65	42.00	DEND	0
	476	475	0.80	173.69	125.34	42.00	DEND	0
	477	475	0.80	190.87	126.93	42.00	DEND	0
	478	477	0.80	199.78	120.88	42.00	DEND	0
	479	478	0.80	201.37	114.84	42.00	DEND	0
	480	478	0.80	206.14	125.34	42.00	DEND	0
	481	480	0.80	209.64	118.34	42.00	DEND	0
	482	480	0.80	209.00	133.93	42.00	DEND	0
	483	482	0.80	206.46	142.20	42.00	DEND	0
	484	483	0.80	195.96	146.65	42.00	DEND	0
	485	484	0.80	184.19	147.29	42.00	DEND	0
	486	485	0.80	177.19	154.60	42.00	DEND	0
	487	486	0.80	182.60	168.60	42.00	DEND	0
	488	487	0.80	188.01	176.24	42.00	DEND	0
	489	488	0.80	196.60	173.37	42.00	DEND	0
	490	489	0.80	202.64	163.83	42.00	DEND	0
	491	488	0.80	188.32	182.28	42.00	DEND	0
	492	486	0.80	169.24	163.19	42.00	DEND	0
	497	0	1.50	153.01	170.83	9.00	HILLOCK	0
	498	497	1.25	135.20	170.83	9.00	HILLOCK	0
	499	498	1.00	108.80	169.87	9.00	HILLOCK	0
	500	499	ath_dia	85.26	167.65	9.00	AXON_THIN	0
	501	500	ath_dia	68.71	168.60	9.00	AXON_THIN	0
	502	501	ath_dia	44.85	168.28	9.00	AXON_THIN	0
	503	502	ath_dia	23.86	167.65	9.00	AXON_THIN	0
	504	503	1.25	4.14	167.01	9.00	AXON	0
	505	504	1.50	-1504	167.01	9.00	AXON_DIST	0
