# converted from 11_17_18_cell_1_drawing.tif from Ichinose lab S  
#  
#  xfig morph_11_17_18_cell_1.fig  
#  sort -n +13 morph_11_17_18_cell_1.fig  
#  fig2nci with scale set to 39.74   
#  set_morph_file_reg --radincr 12  
#  
#    node  parent   dia     xbio     ybio     zbio    region   dendr   
#   
     0        0     dsomadia   0          0         0        SOMA      0
     1        0     sb_dia1    5.239      -2.126    13       R2        0
     2        1     sb_dia1    8.379      -0.5033   15       R2        0
     3        2     sb_dia1    13.24      3.171     15       R2        0
     4        3     sb_dia1    16.26      6.543     15       R2        0
     5        4     sb_dia1    20.96      6.543     15       R3        0
     6        5     sb_dia1    25.31      4.353     15       R3        0
     7        6     sb_dia1    29.69      4.58      15       R3        0
     8        7     sb_dia1    34.45      5.083     15       R5        0
     9        8     sb_dia1    39.31      4.831     15       R5        0
    10        9     sb_dia1    43.33      5.46      15       R5        0
    11       10     sb_dia1    47.71      6.769     15       R6        0
    12       11     sb_dia1    51.86      4.605     15       R6        0
    13       12     sb_dia1    55.21      3.926     15       R6        0
    14       13     sb_dia1    59.91      3.749     15       R7        0
    15       14     sb_dia1    63.97      6.266     15       R7        0
    16       15     sb_dia1    65.78      8.757     15       R7        0
    17       16     sb_dia1    68.77      10.09     15       R7        0
    18       17     sb_dia1    71.49      8.606     15       R8        0
    19       18     sb_dia1    72.6       10.85     15       R8        0
    20       19     sb_dia1    75.29      12.41     15       R8        0
    21       20     sb_dia1    78.33      6.291     15       R8        0
    22       20     sb_dia1    75.64      18.65     15       R8        0
    24       13     sb_dia1    56.74      1.132     15       R6        0
    25       24     sb_dia1    61.5       -0.4026   15       R7        0
    26       25     sb_dia1    63.97      -1.938    15       R7        0
    27       26     sb_dia1    70.43      -2.038    15       R8        0
    28       27     sb_dia1    70.96      1.535     15       R8        0
    29       28     sb_dia1    75.49      1.61      15       R8        0
    30       29     sb_dia1    80.35      -3.825    15       R8        0
    31       30     sb_dia1    84.27      -4.882    15       R9        0
    32       31     sb_dia1    89.13      -7.247    15       R9        0
    33       32     sb_dia1    92.3       -7.272    15       R9        0
    34       13     sb_dia1    56.04      6.744     15       R6        0
    35       11     sb_dia1    52.84      9.713     15       R6        0
    36        2     sb_dia1    10.37      3.372     14       R2        0
    37       36     sb_dia1    10.59      8.078     15       R2        0
    38       37     sb_dia1    12.25      12.3      15       R2        0
    39       38     sb_dia1    15.5       15.55     15       R3        0
    40       39     sb_dia1    19.07      19.22     15       R3        0
    41       40     sb_dia1    21.99      23.38     15       R3        0
    42       41     sb_dia1    24.76      29.39     15       R5        0
    43       42     sb_dia1    27.13      32.41     15       R5        0
    44       43     sb_dia1    32.03      32.64     15       R6        0
    45       44     sb_dia1    38.5       31.08     15       R6        0
    46       45     sb_dia1    42.75      27.83     15       R6        0
    47       46     sb_dia1    47.11      26.04     15       R6        0
    48       47     sb_dia1    51.01      23.7      15       R6        0
    49       48     sb_dia1    54.68      22.82     15       R7        0
    50       49     sb_dia1    56.69      17.01     15       R7        0
    51       50     sb_dia1    61.83      17.11     15       R7        0
    52       49     sb_dia1    58.08      23.8      15       R7        0
    53       52     sb_dia1    61.4       21.14     15       R7        0
    54       53     sb_dia1    65.2       23.6      15       R7        0
    55       54     sb_dia1    66.76      28.64     15       R8        0
    56       55     sb_dia1    73         26.7      15       R8        0
    57       55     sb_dia1    68.02      31.86     15       R8        0
    58       57     sb_dia1    73         40.69     15       R9        0
    59       57     sb_dia1    67.54      36.11     15       R8        0
    60       52     sb_dia1    60.42      29.19     15       R7        0
    61       60     sb_dia1    59.49      34.1      15       R7        0
    62       61     sb_dia1    59.51      40.46     15       R8        0
    63       62     sb_dia1    59.06      45.72     15       R8        0
    64       63     sb_dia1    60.49      50.86     15       R8        0
    65       64     sb_dia1    62.96      54.98     15       R9        0
    66       45     sb_dia1    42.65      35.23     15       R6        0
    67       66     sb_dia1    48.34      39.03     15       R7        0
    68       67     sb_dia1    50.33      42.12     15       R7        0
    69       67     sb_dia1    45.09      42.58     15       R7        0
    70       44     sb_dia1    34.5       35.86     15       R6        0
    71       70     sb_dia1    38.4       37.57     15       R6        0
    72       71     sb_dia1    40.61      42.02     15       R7        0
    73       72     sb_dia1    42.98      46.5      15       R7        0
    74       73     sb_dia1    43.86      51.53     15       R7        0
    75       74     sb_dia1    44.74      54.68     15       R8        0
    76       75     sb_dia1    46.2       56.57     15       R8        0
    77       76     sb_dia1    49.9       54.43     15       R8        0
    78       77     sb_dia1    50.43      50.18     15       R8        0
    79       76     sb_dia1    49.02      60.44     15       R8        0
    80       79     sb_dia1    50.03      65.37     15       R8        0
    81       80     sb_dia1    51.46      68.52     15       R9        0
    82       81     sb_dia1    54.03      67.26     15       R9        0
    83       82     sb_dia1    54.15      63.92     15       R9        0
    84       83     sb_dia1    57.27      63.46     15       R9        0
    85       81     sb_dia1    55.03      72.07     15       R9        0
    86       75     sb_dia1    43.18      60.22     15       R8        0
    87       86     sb_dia1    40.39      65.15     15       R8        0
    88       87     sb_dia1    43.08      68.82     15       R8        0
    89       88     sb_dia1    47.89      68.6      15       R9        0
    90       87     sb_dia1    38.63      69.83     15       R8        0
    91       90     sb_dia1    41.85      74.03     15       R9        0
    92       43     sb_dia1    30.98      37.04     15       R6        0
    93       92     sb_dia1    34.75      40.01     15       R6        0
    94       93     sb_dia1    36.26      44.16     15       R6        0
    95       94     sb_dia1    38.85      47.89     15       R7        0
    96       95     sb_dia1    40.54      53.42     15       R7        0
    97       96     sb_dia1    40.44      57.88     15       R8        0
    98       97     sb_dia1    39.18      61.83     15       R8        0
    99       98     sb_dia1    36.56      65.83     15       R8        0
   100       99     sb_dia1    34.85      71.01     15       R8        0
   101      100     sb_dia1    33.57      74.66     15       R8        0
   102      101     sb_dia1    33.82      78.36     15       R9        0
   103      102     sb_dia1    35.03      81.73     15       R9        0
   104      103     sb_dia1    37.47      84.3      15       R9        0
   105      104     sb_dia1    42.38      86.99     15       R9        0
   106      105     sb_dia1    48.41      88.42     15       R9        0
   107      104     sb_dia1    36.49      88.1      15       R9        0
   108      102     sb_dia1    31.76      83.49     15       R9        0
   109      108     sb_dia1    30.88      85.83     15       R9        0
   110      109     sb_dia1    30.35      89.76     15       R9        0
   111       42     sb_dia1    23.83      35.81     15       R5        0
   112      111     sb_dia1    22.62      39.96     15       R6        0
   113      112     sb_dia1    21.59      44.16     15       R6        0
   114      113     sb_dia1    22.62      48.57     15       R6        0
   115      114     sb_dia1    24.16      52.57     15       R6        0
   116      115     sb_dia1    24.38      57.73     15       R7        0
   117      116     sb_dia1    26.07      60.85     15       R7        0
   118      117     sb_dia1    27.53      63.97     15       R7        0
   119      118     sb_dia1    29.21      67.19     15       R8        0
   120      119     sb_dia1    30.78      70.11     15       R8        0
   121      120     sb_dia1    29.32      72.9      15       R8        0
   122      119     sb_dia1    27.53      69.2      8        R8        0
   123        0     sb_dia1    1.642      6.826     13       R2        0
   124      123     sb_dia1    0.5033     11.07     15       R2        0
   125      124     sb_dia1    0.5033     14.07     15       R2        0
   126      125     sb_dia1    3.095      16.53     15       R2        0
   127      126     sb_dia1    4.429      20.79     15       R3        0
   128      127     sb_dia1    5.989      24.58     15       R3        0
   129      128     sb_dia1    4.982      27.38     15       R3        0
   130      129     sb_dia1    4.882      31.61     15       R3        0
   131      130     sb_dia1    5.083      35.73     15       R5        0
   132      131     sb_dia1    5.209      39.31     15       R5        0
   133      132     sb_dia1    3.875      43.46     15       R5        0
   134      133     sb_dia1    4.202      46.9      15       R6        0
   135      134     sb_dia1    7.448      50.15     15       R6        0
   136      135     sb_dia1    11.68      52.26     15       R6        0
   137      136     sb_dia1    12.91      55.74     15       R6        0
   138      137     sb_dia1    13.36      58.18     15       R7        0
   139      138     sb_dia1    14.92      60.77     15       R7        0
   140      139     sb_dia1    18.17      63.89     15       R7        0
   141      140     sb_dia1    21.29      66.51     15       R7        0
   142      141     sb_dia1    22.52      70.31     15       R8        0
   143      142     sb_dia1    22.85      74.31     15       R8        0
   144      143     sb_dia1    23.53      78.11     15       R8        0
   145      144     sb_dia1    26.2       80.57     15       R9        0
   146      145     sb_dia1    28.11      82.81     15       R9        0
   147      139     sb_dia1    12.23      63.71     15       R7        0
   148      147     sb_dia1    10.12      65.27     15       R7        0
   149      148     sb_dia1    13.59      66.73     15       R7        0
   150      149     sb_dia1    12.68      69.4      15       R8        0
   151      150     sb_dia1    12.68      70.96     15       R8        0
   152      151     sb_dia1    13.46      73.1      15       R8        0
   153      152     sb_dia1    14.82      75.99     15       R8        0
   154      135     sb_dia1    4.303      52.99     15       R6        0
   155      154     sb_dia1    2.869      56.01     15       R6        0
   156      155     sb_dia1    1.183      58.35     15       R7        0
   157      156     sb_dia1    1.636      60.92     15       R7        0
   158      157     sb_dia1    0.4026     64.72     15       R7        0
   159      158     sb_dia1    3.976      66.38     15       R7        0
   160      159     sb_dia1    5.888      69.53     15       R7        0
   161      160     sb_dia1    6.995      72.19     15       R8        0
   162      161     sb_dia1    8.329      75.09     15       R8        0
   163      162     sb_dia1    9.461      78.89     15       R8        0
   164      163     sb_dia1    9.009      83.24     15       R9        0
   165      164     sb_dia1    12.46      84.25     15       R9        0
   166      165     sb_dia1    14.82      79.67     15       R8        0
   167      164     sb_dia1    8.883      88.27     15       R9        0
   168      167     sb_dia1    9.109      93.41     15       R9        0
   169      158     sb_dia1    -0.6039    68.24     15       R7        0
   170      169     sb_dia1    0.302      71.26     15       R8        0
   171      170     sb_dia1    0.302      74.74     15       R8        0
   172      171     sb_dia1    -0.05033   77.18     15       R8        0
   173      172     sb_dia1    -1.283     80.3      15       R8        0
   174      173     sb_dia1    -2.944     82.99     15       R9        0
   175      174     sb_dia1    -4.051     85        15       R9        0
   176      175     sb_dia1    -5.737     86.89     15       R9        0
   177      176     sb_dia1    -5.184     89.13     15       R9        0
   178      177     sb_dia1    -5.511     91.14     15       R9        0
   179      178     sb_dia1    -7.851     92.6      15       R9        0
   180      179     sb_dia1    -8.53      94.04     15       R9        0
   181        0     sb_dia1    -2.365     4.102     10       R1        0
   182      181     sb_dia1    -4.479     6.115     13       R2        0
   183      182     sb_dia1    -7.599     8.002     15       R2        0
   184      183     sb_dia1    -7.725     12.71     15       R2        0
   185      184     sb_dia1    -7.046     15.83     15       R2        0
   186      185     sb_dia1    -6.618     18.39     15       R3        0
   187      186     sb_dia1    -7.398     20.96     15       R3        0
   188      187     sb_dia1    -9.059     24.08     15       R3        0
   189      188     sb_dia1    -9.059     28.11     15       R3        0
   190      189     sb_dia1    -9.185     31.91     15       R5        0
   191      190     sb_dia1    -7.398     36.36     15       R5        0
   192      191     sb_dia1    -6.819     40.06     15       R5        0
   193      192     sb_dia1    -8.958     42.85     15       R5        0
   194      193     sb_dia1    -10.07     46.98     15       R6        0
   195      194     sb_dia1    -9.612     51.33     15       R6        0
   196      195     sb_dia1    -11.17     54.68     15       R6        0
   197      196     sb_dia1    -13.19     57.37     15       R7        0
   198      197     sb_dia1    -14.97     58.81     15       R7        0
   199      198     sb_dia1    -16.1      60.59     15       R7        0
   200      199     sb_dia1    -18.12     62.61     15       R7        0
   201      200     sb_dia1    -19.45     65.53     15       R7        0
   202      201     sb_dia1    -15.65     67.87     15       R7        0
   203      202     sb_dia1    -13.41     71.31     15       R8        0
   204      203     sb_dia1    -12.18     75.11     15       R8        0
   205      204     sb_dia1    -12.08     78.79     15       R8        0
   206      205     sb_dia1    -11.3      81.25     15       R8        0
   207      206     sb_dia1    -10.85     84.27     15       R9        0
   208      207     sb_dia1    -11.85     87.75     15       R9        0
   209      208     sb_dia1    -12.63     89.73     15       R9        0
   210      209     sb_dia1    -15.55     92.88     15       R9        0
   211      207     sb_dia1    -15.43     84.17     15       R9        0
   212      211     sb_dia1    -18.44     87.95     15       R9        0
   213      201     sb_dia1    -21.11     69.07     15       R8        0
   214      213     sb_dia1    -22.7      71.54     15       R8        0
   215      214     sb_dia1    -23.7      73        15       R8        0
   216      215     sb_dia1    -24.58     76.45     15       R8        0
   217      216     sb_dia1    -19        73.88     15       R8        0
   218      216     sb_dia1    -28.06     79.37     15       R9        0
   219      218     sb_dia1    -29.16     81.58     15       R9        0
   220      219     sb_dia1    -29.06     84.95     15       R9        0
   221      220     sb_dia1    -27.05     87.39     15       R9        0
   222      221     sb_dia1    -24.91     90.64     15       R9        0
   223      222     sb_dia1    -28.16     94.44     15       R9        0
   224      220     sb_dia1    -31.73     87.17     15       R9        0
   225      224     sb_dia1    -37.87     87.17     15       R9        0
   226      188     sb_dia1    -13.16     26.22     15       R3        0
   227      226     sb_dia1    -15.63     27.45     15       R3        0
   228      227     sb_dia1    -17.31     29.01     15       R5        0
   229      228     sb_dia1    -17.87     31.58     15       R5        0
   230      229     sb_dia1    -20.08     32.71     15       R5        0
   231      230     sb_dia1    -22.55     33.04     15       R5        0
   232      231     sb_dia1    -24.01     34.83     15       R5        0
   233      232     sb_dia1    -27.45     35.73     15       R5        0
   234      233     sb_dia1    -27.25     39.73     15       R6        0
   235      234     sb_dia1    -27.91     43.08     15       R6        0
   236      235     sb_dia1    -28.13     46.1      15       R6        0
   237      236     sb_dia1    -30.15     48.24     15       R6        0
   238      237     sb_dia1    -30.15     51.23     15       R7        0
   239      238     sb_dia1    -31.25     52.92     15       R7        0
   240      239     sb_dia1    -33.95     54.48     15       R7        0
   241      240     sb_dia1    -35.61     55.26     15       R7        0
   242      241     sb_dia1    -37.62     56.17     15       R7        0
   243      242     sb_dia1    -40.31     57.5      15       R7        0
   244      243     sb_dia1    -40.41     60.62     15       R8        0
   245      244     sb_dia1    -40.74     63.87     15       R8        0
   246      245     sb_dia1    -39.18     66.66     15       R8        0
   247      246     sb_dia1    -39.76     69.45     15       R8        0
   248      247     sb_dia1    -39.41     72.35     15       R8        0
   249      248     sb_dia1    -39.53     76.14     15       R9        0
   250      245     sb_dia1    -42.65     68.44     15       R8        0
   251      250     sb_dia1    -44.21     71.79     15       R9        0
   252      251     sb_dia1    -46.78     74.58     15       R9        0
   253      250     sb_dia1    -45.55     67.66     15       R8        0
   254      233     sb_dia1    -31.61     35.61     15       R6        0
   255      254     sb_dia1    -36.84     35.83     15       R6        0
   256      183     sb_dia1    -11.6      12.28     15       R2        0
   257      256     sb_dia1    -12.61     13.84     15       R2        0
   258      257     sb_dia1    -15.17     14.62     15       R3        0
   259      258     sb_dia1    -18.97     15.63     15       R3        0
   260      259     sb_dia1    -21.87     16.28     15       R3        0
   261      260     sb_dia1    -24.33     17.41     15       R3        0
   262      261     sb_dia1    -26.8      18.75     15       R3        0
   263      262     sb_dia1    -29.47     19.07     15       R5        0
   264      263     sb_dia1    -32.26     16.18     15       R5        0
   265      264     sb_dia1    -36.01     18.7      15       R5        0
   266      265     sb_dia1    -38.37     20.36     15       R5        0
   267      266     sb_dia1    -40.49     22.7      15       R6        0
   268      267     sb_dia1    -42.5      25.04     15       R6        0
   269      268     sb_dia1    -44.74     27.6      15       R6        0
   270      269     sb_dia1    -46.88     29.84     15       R6        0
   271      270     sb_dia1    -48.74     31.86     15       R7        0
   272      271     sb_dia1    -50.1      34.88     15       R7        0
   273      272     sb_dia1    -48.84     37.34     15       R7        0
   274      273     sb_dia1    -47.28     40.14     15       R7        0
   275      274     sb_dia1    -45.95     42.58     15       R7        0
   276      275     sb_dia1    -45.04     44.82     15       R7        0
   277      276     sb_dia1    -45.27     47.71     15       R7        0
   278      277     sb_dia1    -43.38     50.4      15       R7        0
   279      278     sb_dia1    -42.25     53.52     15       R7        0
   280      277     sb_dia1    -48.62     49.95     15       R7        0
   281      280     sb_dia1    -52.74     50.73     15       R8        0
   282      281     sb_dia1    -55.89     52.64     15       R8        0
   283      282     sb_dia1    -58.68     54.66     15       R8        0
   284      283     sb_dia1    -60.67     56.44     15       R9        0
   285      284     sb_dia1    -62.91     60.44     15       R9        0
   286      272     sb_dia1    -54.66     34.65     15       R7        0
   286      286     sb_dia1    -58.33     35.98     15       R7        0
   288      286     sb_dia1    -60.8      37.77     15       R8        0
   289      288     sb_dia1    -64.37     39.23     15       R8        0
   290      289     sb_dia1    -64.04     42.48     15       R8        0
   291      290     sb_dia1    -65.25     45.37     15       R8        0
   292      291     sb_dia1    -64.27     48.16     15       R8        0
   293      292     sb_dia1    -63.69     50.63     15       R8        0
   294      293     sb_dia1    -63.81     52.29     15       R8        0
   295      294     sb_dia1    -65.37     54.98     15       R9        0
   296      289     sb_dia1    -66.83     38.02     15       R8        0
   297      296     sb_dia1    -69.5      35.78     15       R8        0
   298      297     sb_dia1    -72.19     34.55     15       R8        0
   299      298     sb_dia1    -76.42     36.34     15       R9        0
   300      299     sb_dia1    -78.11     37.9      15       R9        0
   301      300     sb_dia1    -78.56     39.68     15       R9        0
   302      301     sb_dia1    -79.97     42.17     15       R9        0
   303      302     sb_dia1    -79.97     45.02     15       R9        0
   304      303     sb_dia1    -81.08     47.41     15       R9        0
   305      304     sb_dia1    -81.76     49.32     15       R9        0
   306      305     sb_dia1    -81.98     51.86     15       R9        0
   307      306     sb_dia1    -81.03     54.1      15       R9        0
   308      307     sb_dia1    -80.88     55.81     15       R9        0
   309      298     sb_dia1    -74.99     32.44     15       R8        0
   310      309     sb_dia1    -79.52     30.8      15       R9        0
   311      264     sb_dia1    -35.96     16.43     15       R5        0
   313      311     sb_dia1    -38.95     17.24     15       R5        0
   314      313     sb_dia1    -41.12     18.29     15       R5        0
   315      314     sb_dia1    -43.78     19.17     15       R6        0
   316      315     sb_dia1    -45.12     19.4      15       R6        0
   317      316     sb_dia1    -47.58     19.4      15       R6        0
   318      317     sb_dia1    -49.9      19.4      15       R6        0
   319      318     sb_dia1    -51.84     19.1      15       R6        0
   320      319     sb_dia1    -54.81     17.77     15       R6        0
   321        0     sb_dia1    -5.108     2.743     13       R2        0
   322      321     sb_dia1    -7.348     3.196     14       R2        0
   323      322     sb_dia1    -10.92     3.976     15       R2        0
   324      323     sb_dia1    -14.17     4.202     15       R2        0
   325      324     sb_dia1    -20.31     3.397     15       R3        0
   326      325     sb_dia1    -23.75     3.07      15       R3        0
   327      326     sb_dia1    -25.54     2.516     15       R3        0
   328      327     sb_dia1    -29.11     2.063     15       R3        0
   329      328     sb_dia1    -32.13     0.9562    15       R3        0
   330      329     sb_dia1    -36.71     0.4026    15       R5        0
   331      330     sb_dia1    -40.29     1.51      15       R5        0
   332      331     sb_dia1    -44.09     2.617     15       R5        0
   333      332     sb_dia1    -47.89     2.516     15       R6        0
   334      333     sb_dia1    -49.12     2.843     15       R6        0
   335      334     sb_dia1    -52.57     2.617     15       R6        0
   336      335     sb_dia1    -53.25     6.09      15       R6        0
   337      336     sb_dia1    -54.48     7.776     15       R6        0
   338      337     sb_dia1    -54.48     11.12     15       R6        0
   339      338     sb_dia1    -58.38     9.889     15       R7        0
   340      339     sb_dia1    -60.29     10.67     15       R7        0
   341      340     sb_dia1    -62.3      12.46     15       R7        0
   342      341     sb_dia1    -65.07     12.91     15       R7        0
   343      342     sb_dia1    -66.76     12.91     15       R7        0
   344      343     sb_dia1    -68.55     13.24     15       R7        0
   345      344     sb_dia1    -70.23     15.12     15       R8        0
   346      345     sb_dia1    -72.45     16.26     15       R8        0
   347      346     sb_dia1    -75.69     15.7      15       R8        0
   348      347     sb_dia1    -79.04     15.25     15       R8        0
   349      348     sb_dia1    -81.83     14.02     15       R9        0
   350      349     sb_dia1    -83.62     13.46     15       R9        0
   351      350     sb_dia1    -85.73     13.14     15       R9        0
   352      351     sb_dia1    -87.97     12        15       R9        0
   353      352     sb_dia1    -91.44     12.78     15       R9        0
   354      335     sb_dia1    -55.81     1.61      15       R6        0
   355      354     sb_dia1    -58.15     0.1761    15       R7        0
   356      355     sb_dia1    -60.72     -1.384    15       R7        0
   357      356     sb_dia1    -65.2      0.7297    15       R7        0
   358      357     sb_dia1    -68.09     0.5033    15       R7        0
   359      358     sb_dia1    -72.35     0.4026    15       R8        0
   360      359     sb_dia1    -75.57     2.29      15       R8        0
   361      356     sb_dia1    -64.09     -3.749    15       R7        0
   362      361     sb_dia1    -66.86     -6.19     15       R7        0
   363      362     sb_dia1    -69        -8.203    15       R7        0
   364      363     sb_dia1    -72.12     -6.417    15       R8        0
   365      364     sb_dia1    -73.13     -4.957    15       R8        0
   366      365     sb_dia1    -74.23     -3.171    15       R8        0
   367      366     sb_dia1    -77.48     -2.617    15       R8        0
   368      367     sb_dia1    -79.94     -1.384    15       R8        0
   369      368     sb_dia1    -83.52     -0.05033  15       R9        0
   370      369     sb_dia1    -86.41     1.057     15       R9        0
   371      370     sb_dia1    -90.21     2.189     15       R9        0
   372      371     sb_dia1    -92.93     1.963     15       R9        0
   373      363     sb_dia1    -71.94     -9.285    15       R8        0
   374      373     sb_dia1    -75.06     -8.757    15       R8        0
   375      374     sb_dia1    -76.85     -7.927    15       R8        0
   376      375     sb_dia1    -78.71     -7.272    15       R8        0
   377      376     sb_dia1    -81.03     -6.744    15       R8        0
   378      377     sb_dia1    -83.32     -8.002    15       R9        0
   379      378     sb_dia1    -85.18     -9.134    15       R9        0
   380      379     sb_dia1    -89.2      -9.361    15       R9        0
   381      380     sb_dia1    -92.2      -8.983    15       R9        0
   382      381     sb_dia1    -94.19     -8.606    15       R9        0
   383      382     sb_dia1    -97.33     -8.228    15       R9        0
   384      373     sb_dia1    -71.11     -12.1     15       R8        0
   385      384     sb_dia1    -68.75     -11.65    15       R7        0
   387      385     sb_dia1    -61.58     -10.09    15       R7        0
   386      387     sb_dia1    -65.15     -11.37    15       R7        0
   388      324     sb_dia1    -16.48     0.5536    15       R2        0
   389      388     sb_dia1    -19.15     -1.459    15       R3        0
   390      389     sb_dia1    -22.17     -3.573    15       R3        0
   391      390     sb_dia1    -25.06     -5.46     15       R3        0
   392      391     sb_dia1    -27.86     -6.266    15       R3        0
   393      392     sb_dia1    -30.65     -7.373    15       R3        0
   394      393     sb_dia1    -33.44     -8.153    15       R5        0
   395      394     sb_dia1    -35.91     -8.832    15       R5        0
   396      395     sb_dia1    -37.8      -11.17    15       R5        0
   397      396     sb_dia1    -41.37     -12.83    15       R5        0
   398      397     sb_dia1    -44.61     -12.73    15       R6        0
   399      398     sb_dia1    -47.86     -14.19    15       R6        0
   400      399     sb_dia1    -51.31     -16.41    15       R6        0
   401      400     sb_dia1    -54        -17.41    15       R6        0
   402      401     sb_dia1    -55.79     -19.65    15       R7        0
   403        0     sb_dia1    -1.259     -6.474    13       R2        0
   404      403     sb_dia1    -3.896     -10.5     15       R2        0
   405      404     sb_dia1    -5.81      -13.2     15       R2        0
   406      405     sb_dia1    -8.402     -15.82    15       R2        0
   407      406     sb_dia1    -10.8      -17.23    15       R3        0
   408      407     sb_dia1    -13.94     -18.18    15       R3        0
   409      408     sb_dia1    -17.61     -20.38    15       R3        0
   410      409     sb_dia1    -20.18     -22.4     15       R3        0
   411      410     sb_dia1    -22.19     -24.76    15       R5        0
   412      411     sb_dia1    -25.09     -26.55    15       R5        0
   413      412     sb_dia1    -28.23     -26.32    15       R5        0
   414      413     sb_dia1    -31.45     -26.42    15       R5        0
   415      414     sb_dia1    -34.15     -25.64    15       R5        0
   416      415     sb_dia1    -36.49     -24.53    15       R5        0
   418      416     sb_dia1    -43.11     -23.6     15       R6        0
   417      418     sb_dia1    -40.14     -23.53    15       R6        0
   419      417     sb_dia1    -46.4      -24.16    15       R6        0
   420      419     sb_dia1    -49.47     -25.42    15       R6        0
   421      420     sb_dia1    -52.44     -26.4     15       R7        0
   422      421     sb_dia1    -55.41     -27.5     15       R7        0
   423      422     sb_dia1    -58.86     -27.35    15       R7        0
   424      423     sb_dia1    -61.55     -26.45    15       R7        0
   425      424     sb_dia1    -63.99     -25.26    15       R7        0
   426      425     sb_dia1    -67.06     -24.01    15       R8        0
   427      426     sb_dia1    -68.92     -21.39    15       R8        0
   428      427     sb_dia1    -71.89     -20.58    15       R8        0
   429      428     sb_dia1    -73.75     -19.1     15       R8        0
   430      429     sb_dia1    -75.54     -17.97    15       R8        0
   431      430     sb_dia1    -77.48     -19.83    15       R8        0
   432      431     sb_dia1    -78.96     -21.69    15       R8        0
   433      432     sb_dia1    -81.2      -23.25    15       R9        0
   434      433     sb_dia1    -84.1      -23.18    15       R9        0
   435      434     sb_dia1    -87.17     -22.07    15       R9        0
   436      435     sb_dia1    -89.76     -20.66    15       R9        0
   437      436     sb_dia1    -92.22     -20.21    15       R9        0
   438      437     sb_dia1    -94.82     -20.81    15       R9        0
   439      438     sb_dia1    -95.5      -22.87    15       R9        0
   440      439     sb_dia1    -94.24     -25.92    15       R9        0
   441      440     sb_dia1    -93.46     -28.61    15       R9        0
   442      441     sb_dia1    -96.15     -30.27    15       R9        0
   443      426     sb_dia1    -70.46     -25.24    15       R8        0
   444      443     sb_dia1    -73.48     -27.03    15       R8        0
   445      444     sb_dia1    -76.82     -29.82    15       R8        0
   446      445     sb_dia1    -80.07     -32.39    15       R9        0
   447      446     sb_dia1    -82.18     -34.4     15       R9        0
   448      447     sb_dia1    -83.74     -36.97    15       R9        0
   449      448     sb_dia1    -86.66     -35.96    15       R9        0
   450      449     sb_dia1    -89.23     -35.18    15       R9        0
   451      450     sb_dia1    -91.44     -36.08    15       R9        0
   452      451     sb_dia1    -93.03     -37.97    15       R9        0
   453      452     sb_dia1    -96.02     -37.75    15       R9        0
   454      453     sb_dia1    -98.04     -36.54    15       R9        0
   455      454     sb_dia1    -101.2     -35.63    15       R9        0
   456      448     sb_dia1    -86.44     -39.1     15       R9        0
   457      456     sb_dia1    -89.1      -40.34    15       R9        0
   458      457     sb_dia1    -92.45     -41.44    15       R9        0
   459      458     sb_dia1    -96.8      -41.77    15       R9        0
   460      422     sb_dia1    -58.18     -30.05    15       R7        0
   461      460     sb_dia1    -61.3      -31.5     15       R7        0
   462      461     sb_dia1    -63.87     -32.96    15       R8        0
   463      462     sb_dia1    -66.56     -35.41    15       R8        0
   464      463     sb_dia1    -69.45     -37.75    15       R8        0
   465      464     sb_dia1    -72.02     -42.78    15       R9        0
   466      464     sb_dia1    -67.56     -44.79    15       R8        0
   467      412     sb_dia1    -28.54     -28.06    15       R5        0
   468      467     sb_dia1    -31.78     -29.74    15       R5        0
   469      468     sb_dia1    -34        -31.33    15       R6        0
   470      469     sb_dia1    -36.36     -32.66    15       R6        0
   471      470     sb_dia1    -38.25     -29.87    15       R6        0
   472      471     sb_dia1    -39.71     -28.64    15       R6        0
   473      472     sb_dia1    -42.05     -28.18    15       R6        0
   474      473     sb_dia1    -45.29     -28.18    15       R6        0
   475      474     sb_dia1    -47.96     -29.19    15       R6        0
   476      475     sb_dia1    -50.1      -30.75    15       R7        0
   477      476     sb_dia1    -51.96     -33.22    15       R7        0
   478      477     sb_dia1    -53.32     -36.56    15       R7        0
   479      478     sb_dia1    -55.03     -38.93    15       R7        0
   480      479     sb_dia1    -56.67     -41.49    15       R7        0
   481      480     sb_dia1    -58.35     -44.14    15       R8        0
   482      481     sb_dia1    -60.04     -46.38    15       R8        0
   483      482     sb_dia1    -62.48     -49.97    15       R8        0
   484      483     sb_dia1    -65.6      -51.99    15       R9        0
   485      484     sb_dia1    -68.97     -52.42    15       R9        0
   486      485     sb_dia1    -71.19     -53.55    15       R9        0
   487      486     sb_dia1    -72.97     -54.98    15       R9        0
   488      470     sb_dia1    -38.37     -34.68    15       R6        0
   489      488     sb_dia1    -38.48     -37.47    15       R6        0
   490      489     sb_dia1    -40.82     -39.91    15       R6        0
   491      490     sb_dia1    -42.05     -41.7     15       R7        0
   492      491     sb_dia1    -43.83     -43.26    15       R7        0
   493      492     sb_dia1    -47.63     -43.61    15       R7        0
   494      493     sb_dia1    -50.1      -44.84    15       R7        0
   495      494     sb_dia1    -52.44     -46.83    15       R7        0
   496      495     sb_dia1    -55.46     -48.62    15       R8        0
   497      496     sb_dia1    -57.67     -50.63    15       R8        0
   498      497     sb_dia1    -59.59     -52.87    15       R8        0
   499      498     sb_dia1    -62.36     -55.08    15       R9        0
   500      499     sb_dia1    -64.82     -57.65    15       R9        0
   501      500     sb_dia1    -66.86     -60.37    15       R9        0
   502      501     sb_dia1    -69.3      -63.03    15       R9        0
   503      502     sb_dia1    -70.53     -65.95    15       R9        0
   504      503     sb_dia1    -72.55     -68.19    15       R9        0
   505      504     sb_dia1    -74.21     -69.85    15       R9        0
   506      505     sb_dia1    -75.99     -72.42    15       R9        0
   507      502     sb_dia1    -66.28     -65.27    15       R9        0
   508      507     sb_dia1    -64.72     -68.29    15       R9        0
   509      508     sb_dia1    -66.73     -71.64    15       R9        0
   510      509     sb_dia1    -69.85     -73.2     15       R9        0
   511      510     sb_dia1    -70.96     -75.89    15       R9        0
   512      511     sb_dia1    -72.75     -79.11    15       R9        0
   513      512     sb_dia1    -74.11     -81.48    15       R9        0
   514      513     sb_dia1    -75.89     -84.83    15       R9        0
   515      512     sb_dia1    -68.17     -79.11    15       R9        0
   516      492     sb_dia1    -44.39     -46.63    15       R7        0
   517      516     sb_dia1    -46.73     -48.52    15       R7        0
   518      517     sb_dia1    -49.3      -50.3     15       R8        0
   519      518     sb_dia1    -49.87     -53.45    15       R8        0
   520      519     sb_dia1    -51.89     -55.89    15       R8        0
   521      520     sb_dia1    -53.88     -58.58    15       R8        0
   522      521     sb_dia1    -54.23     -61.93    15       R8        0
   523      522     sb_dia1    -56.34     -64.72    15       R9        0
   524      523     sb_dia1    -57.67     -66.96    15       R9        0
   525      524     sb_dia1    -57.9      -70.31    15       R9        0
   526      525     sb_dia1    -58.03     -73.55    15       R9        0
   527      526     sb_dia1    -57.12     -77       15       R9        0
   528      527     sb_dia1    -58.35     -80.12    15       R9        0
   529      528     sb_dia1    -59.13     -83.59    15       R9        0
   530      529     sb_dia1    -59.46     -86.94    15       R9        0
   531      530     sb_dia1    -61.7      -89.73    15       R9        0
   532      527     sb_dia1    -54.45     -79.24    15       R9        0
   533      532     sb_dia1    -51.66     -81.13    15       R9        0
   534      533     sb_dia1    -47.74     -84.27    15       R9        0
   535      516     sb_dia1    -42.63     -48.47    15       R7        0
   536      535     sb_dia1    -43.18     -51.13    15       R7        0
   537      536     sb_dia1    -44.31     -53.04    15       R7        0
   538      537     sb_dia1    -45.55     -54.96    15       R8        0
   539      538     sb_dia1    -46.73     -56.95    15       R8        0
   540      539     sb_dia1    -48.21     -58.96    15       R8        0
   541      540     sb_dia1    -48.77     -62.86    15       R8        0
   542      541     sb_dia1    -49.77     -66.21    15       R9        0
   543      542     sb_dia1    -50.78     -68.9     15       R9        0
   544      543     sb_dia1    -52.47     -72.02    15       R9        0
   545      540     sb_dia1    -45.87     -62.63    15       R8        0
   546      545     sb_dia1    -44.19     -65.88    15       R8        0
   547      546     sb_dia1    -43.18     -70.46    15       R8        0
   548      547     sb_dia1    -43.08     -74.36    15       R9        0
   549      548     sb_dia1    -43.63     -78.16    15       R9        0
   550      549     sb_dia1    -44.19     -82.06    15       R9        0
   551      550     sb_dia1    -44.77     -86.31    15       R9        0
   552      551     sb_dia1    -45.87     -89.66    15       R9        0
   553      552     sb_dia1    -47.21     -93.13    15       R9        0
   554      553     sb_dia1    -48.54     -96.25    15       R9        0
   555      554     sb_dia1    -49.67     -98.92    15       R9        0
   556      555     sb_dia1    -50.55     -101.7    15       R9        0
   557      556     sb_dia1    -51.23     -104.5    15       R9        0
   558      489     sb_dia1    -37.17     -40.87    15       R6        0
   559      558     sb_dia1    -36.16     -43.99    15       R6        0
   560      559     sb_dia1    -35.25     -47.23    15       R7        0
   561      560     sb_dia1    -35.03     -50.45    15       R7        0
   562      561     sb_dia1    -35.15     -53.6     15       R7        0
   563      562     sb_dia1    -36.03     -56.39    15       R7        0
   564      563     sb_dia1    -37.04     -59.39    15       R7        0
   565      403     sb_dia1    -1.334     -13.19    12       R2        0
   566      565     sb_dia1    -2.617     -15.53    15       R2        0
   567      566     sb_dia1    -3.825     -18.57    15       R3        0
   568      567     sb_dia1    -5.964     -22.12    15       R3        0
   569      568     sb_dia1    -8.53      -23.45    15       R3        0
   570      569     sb_dia1    -10.22     -25.24    15       R3        0
   571      570     sb_dia1    -11.22     -27.83    15       R3        0
   573      571     sb_dia1    -11.32     -31.83    15       R5        0
   574      573     sb_dia1    -12.88     -35.53    15       R5        0
   575      574     sb_dia1    -15.9      -38.32    15       R5        0
   576      575     sb_dia1    -18.37     -39.98    15       R5        0
   577      576     sb_dia1    -20.16     -43.78    15       R6        0
   578      577     sb_dia1    -23.93     -45.24    15       R6        0
   579      578     sb_dia1    -26.52     -46.45    15       R6        0
   580      579     sb_dia1    -28.08     -49.25    15       R6        0
   581      580     sb_dia1    -31.08     -50.6     15       R7        0
   582      580     sb_dia1    -27.3      -52.82    15       R7        0
   583      582     sb_dia1    -25.82     -56.64    15       R7        0
   584      583     sb_dia1    -27.28     -60.54    15       R7        0
   585      584     sb_dia1    -31.3      -61.2     15       R7        0
   586      577     sb_dia1    -20.03     -48.82    15       R6        0
   587      586     sb_dia1    -21.36     -51.99    15       R6        0
   588      587     sb_dia1    -21.49     -55.69    15       R7        0
   589      588     sb_dia1    -20.58     -59.13    15       R7        0
   590      589     sb_dia1    -20.71     -62.05    15       R7        0
   591      590     sb_dia1    -22.14     -64.49    15       R7        0
   592      591     sb_dia1    -24.51     -67.29    15       R8        0
   593      592     sb_dia1    -26.62     -69.98    15       R8        0
   594      593     sb_dia1    -29.09     -71.54    15       R8        0
   595      594     sb_dia1    -32.86     -73.55    15       R8        0
   596      595     sb_dia1    -29.09     -75.44    15       R8        0
   597      596     sb_dia1    -27.5      -77.81    15       R8        0
   598      597     sb_dia1    -28.86     -80.47    15       R9        0
   599      598     sb_dia1    -31.3      -80.7     15       R9        0
   600      599     sb_dia1    -34.55     -81.71    15       R9        0
   601      600     sb_dia1    -36.89     -83.37    15       R9        0
   602      601     sb_dia1    -38.58     -85.05    15       R9        0
   603      602     sb_dia1    -39.91     -88.3     15       R9        0
   604      603     sb_dia1    -41.02     -91.52    15       R9        0
   605      604     sb_dia1    -42.38     -94.44    15       R9        0
   606      605     sb_dia1    -42.6      -97.79    15       R9        0
   607      602     sb_dia1    -37.02     -88.17    15       R9        0
   608      607     sb_dia1    -38.12     -91.42    15       R9        0
   609      608     sb_dia1    -39.51     -94.44    15       R9        0
   610      609     sb_dia1    -40.71     -98.57    15       R9        0
   611      599     sb_dia1    -31.2      -84.27    15       R9        0
   612      611     sb_dia1    -29.19     -86.61    15       R9        0
   613      612     sb_dia1    -27.08     -88.85    15       R9        0
   614      613     sb_dia1    -27.3      -92.43    15       R9        0
   615      614     sb_dia1    -27.5      -94.89    15       R9        0
   616      615     sb_dia1    -29.52     -96.68    15       R9        0
   617      616     sb_dia1    -29.42     -99.57    15       R9        0
   618      586     sb_dia1    -17.92     -52.39    15       R6        0
   619      618     sb_dia1    -17.79     -55.41    15       R7        0
   620      619     sb_dia1    -18.92     -58.28    15       R7        0
   621      620     sb_dia1    -17.26     -61.22    15       R7        0
   622      621     sb_dia1    -18.37     -64.67    15       R7        0
   623      622     sb_dia1    -20.48     -67.01    15       R7        0
   624      623     sb_dia1    -22.72     -69.7     15       R8        0
   625      624     sb_dia1    -23.6      -73.05    15       R8        0
   626        0     sb_dia1    2.236      -9.14     13       R2        0
   627      626     sb_dia1    3.249      -12.71    15       R2        0
   628      627     sb_dia1    2.642      -15.63    15       R2        0
   629      628     sb_dia1    2.516      -18.87    15       R3        0
   630      629     sb_dia1    0.8556     -22.45    15       R3        0
   631      630     sb_dia1    0.1761     -27.35    15       R3        0
   632      631     sb_dia1    -0.5033    -31.48    15       R3        0
   633      632     sb_dia1    -1.837     -35.05    15       R5        0
   634      633     sb_dia1    -3.07      -38.85    15       R5        0
   635      634     sb_dia1    -4.404     -42.65    15       R5        0
   636      635     sb_dia1    -6.19      -46.78    15       R6        0
   637      636     sb_dia1    -8.43      -50.91    15       R6        0
   638      637     sb_dia1    -10.09     -55.49    15       R6        0
   639      638     sb_dia1    -12        -58.83    15       R7        0
   640      639     sb_dia1    -12.1      -61.85    15       R7        0
   641      640     sb_dia1    -11.32     -65.88    15       R7        0
   642      641     sb_dia1    -9.311     -69.68    15       R7        0
   643      642     sb_dia1    -10.77     -73.83    15       R8        0
   644      643     sb_dia1    -15.35     -75.39    15       R8        0
   645      644     sb_dia1    -17.92     -77.18    15       R8        0
   646      645     sb_dia1    -19.7      -79.19    15       R8        0
   647      646     sb_dia1    -19.8      -82.76    15       R9        0
   648      647     sb_dia1    -17.69     -85.78    15       R9        0
   649      648     sb_dia1    -17.69     -88.68    15       R9        0
   650      649     sb_dia1    -18.92     -91.24    15       R9        0
   651      650     sb_dia1    -21.16     -93.58    15       R9        0
   652      651     sb_dia1    -22.6      -96.05    15       R9        0
   653      652     sb_dia1    -22.95     -99.72    15       R9        0
   654      653     sb_dia1    -24.51     -102.1    15       R9        0
   655      652     sb_dia1    -19.7      -99.3     15       R9        0
   656      655     sb_dia1    -16.36     -100.2    15       R9        0
   657      642     sb_dia1    -7.524     -73.28    15       R8        0
   658      657     sb_dia1    -5.737     -76.62    15       R8        0
   659      658     sb_dia1    -3.624     -79.87    15       R8        0
   660      659     sb_dia1    -3.85      -82.64    15       R9        0
   661      660     sb_dia1    -5.637     -84.65    15       R9        0
   662      661     sb_dia1    -8.078     -86.56    15       R9        0
   663      662     sb_dia1    -8.53      -89       15       R9        0
   664      663     sb_dia1    -6.064     -92.25    15       R9        0
   665      664     sb_dia1    -3.825     -95.7     15       R9        0
   666      665     sb_dia1    -1.837     -99.3     15       R9        0
   667      666     sb_dia1    0.1761     -103.7    15       R9        0
   668      667     sb_dia1    2.189      -108.8    15       R9        0
   669      632     sb_dia1    2.441      -34.22    15       R5        0
   670      669     sb_dia1    4.328      -37.57    15       R5        0
   671      670     sb_dia1    4.555      -41.37    15       R5        0
   672      671     sb_dia1    4.102      -44.82    15       R5        0
   673      672     sb_dia1    5.46       -48.84    15       R6        0
   674      673     sb_dia1    6.794      -53.2     15       R6        0
   675      674     sb_dia1    8.681      -57.55    15       R7        0
   676      675     sb_dia1    8.908      -61.68    15       R7        0
   677      676     sb_dia1    8.48       -64.92    15       R7        0
   678      677     sb_dia1    6.115      -68.27    15       R7        0
   679      678     sb_dia1    2.667      -69.38    15       R7        0
   680      679     sb_dia1    2.894      -72.62    15       R8        0
   681      680     sb_dia1    2.994      -75.79    15       R8        0
   682      681     sb_dia1    4.454      -79.37    15       R8        0
   683      682     sb_dia1    5.108      -82.71    15       R9        0
   684      683     sb_dia1    4.026      -86.06    15       R9        0
   685      684     sb_dia1    7.121      -88.75    15       R9        0
   686      685     sb_dia1    10.92      -89.53    15       R9        0
   687      686     sb_dia1    15.15      -91.52    15       R9        0
   688      677     sb_dia1    11.37      -68.09    15       R7        0
   689      688     sb_dia1    14.37      -70.33    15       R8        0
   690      689     sb_dia1    17.41      -73.68    15       R8        0
   691      690     sb_dia1    19.53      -76.67    15       R8        0
   692      691     sb_dia1    21.64      -79.27    15       R8        0
   693      692     sb_dia1    21.19      -83.95    15       R9        0
   694      693     sb_dia1    19.43      -86.39    15       R9        0
   695      694     sb_dia1    20.96      -89.76    15       R9        0
   696      695     sb_dia1    22.45      -93.66    15       R9        0
   697      696     sb_dia1    21.77      -98.14    15       R9        0
   698      697     sb_dia1    21.54      -101.4    15       R9        0
   699      698     sb_dia1    19.4       -104.1    15       R9        0
   700      696     sb_dia1    25.19      -96       15       R9        0
   701      700     sb_dia1    26.52      -100.3    15       R9        0
   702      701     sb_dia1    25.52      -103.9    15       R9        0
   703      702     sb_dia1    24.96      -107.3    15       R9        0
   704      703     sb_dia1    27         -108.4    15       R9        0
   705      671     sb_dia1    8.631      -42.73    15       R5        0
   706      705     sb_dia1    12.53      -43.63    15       R5        0
   707      706     sb_dia1    14.65      -46.4     15       R6        0
   708      630     sb_dia1    3.045      -25.62    15       R3        0
   709      708     sb_dia1    5.964      -27.73    15       R3        0
   710      709     sb_dia1    10.44      -30.42    15       R3        0
   711      710     sb_dia1    13.89      -33.9     15       R5        0
   712        1     sb_dia1    6.97       -6.694    14       R2        0
   713      712     sb_dia1    10.42      -7.373    15       R2        0
   714      713     sb_dia1    11.32      -10.37    15       R2        0
   715      714     sb_dia1    10.19      -13.26    15       R2        0
   716      715     sb_dia1    12.56      -16.18    15       R3        0
   717      716     sb_dia1    13.79      -20.53    15       R3        0
   718      717     sb_dia1    18.7       -23.33    15       R3        0
   719      718     sb_dia1    22.6       -26.9     15       R5        0
   720      719     sb_dia1    23.5       -31.35    15       R5        0
   721      720     sb_dia1    27.73      -34.73    15       R5        0
   722      721     sb_dia1    32.06      -37.7     15       R6        0
   723      722     sb_dia1    35.93      -40.01    15       R6        0
   724      723     sb_dia1    37.49      -44.34    15       R6        0
   725      724     sb_dia1    38.75      -48.57    15       R7        0
   726      725     sb_dia1    37.77      -51.71    15       R7        0
   727      726     sb_dia1    33.17      -54.83    15       R7        0
   728      727     sb_dia1    29.37      -54       15       R7        0
   729      728     sb_dia1    28.18      -52.21    15       R7        0
   730      729     sb_dia1    26.4       -50.81    15       R6        0
   731      730     sb_dia1    25.94      -46.2     15       R6        0
   732      731     sb_dia1    23.63      -43.89    15       R6        0
   733      732     sb_dia1    20.06      -41.14    15       R6        0
   734      730     sb_dia1    22.22      -50       15       R6        0
   735      727     sb_dia1    30.35      -58.03    15       R7        0
   736      735     sb_dia1    27.13      -59.96    15       R7        0
   737      736     sb_dia1    24.91      -63.94    15       R7        0
   738      737     sb_dia1    24.16      -67.44    15       R8        0
   739      738     sb_dia1    24.76      -72.04    15       R8        0
   740      739     sb_dia1    25.72      -76.2     15       R8        0
   741      740     sb_dia1    25.94      -80.25    15       R9        0
   742      741     sb_dia1    29.14      -82.26    15       R9        0
   743      742     sb_dia1    31.45      -86.86    15       R9        0
   744      743     sb_dia1    35.41      -88.53    15       R9        0
   745      744     sb_dia1    37.27      -91.12    15       R9        0
   746      745     sb_dia1    36.13      -94.99    15       R9        0
   747      745     sb_dia1    40.46      -93.46    15       R9        0
   748      747     sb_dia1    40.09      -97.71    15       R9        0
   749      748     sb_dia1    40.76      -101.6    15       R9        0
   750      749     sb_dia1    42.25      -105.9    15       R9        0
   751      750     sb_dia1    44.79      -112.1    15       R9        0
   752      736     sb_dia1    28.46      -64.72    15       R8        0
   753      752     sb_dia1    28.11      -67.87    15       R8        0
   754      753     sb_dia1    27.88      -70.48    15       R8        0
   755      754     sb_dia1    30.93      -73.15    15       R8        0
   756      755     sb_dia1    34.5       -75.77    15       R9        0
   757      756     sb_dia1    36.74      -79.72    15       R9        0
   758      757     sb_dia1    39.51      -82.23    15       R9        0
   759      758     sb_dia1    40.69      -88.5     15       R9        0
   760      726     sb_dia1    40.24      -54.88    15       R7        0
   761      760     sb_dia1    42.78      -58.15    15       R8        0
   762      761     sb_dia1    41.65      -61.73    15       R8        0
   763      762     sb_dia1    39.78      -63.74    15       R8        0
   764      763     sb_dia1    37.92      -65.9     15       R8        0
   765      764     sb_dia1    33.47      -69.43    15       R8        0
   766      764     sb_dia1    39.13      -69.93    15       R8        0
   767      766     sb_dia1    43.36      -71.64    15       R9        0
   768      767     sb_dia1    48.52      -75.82    15       R9        0
   769      763     sb_dia1    45.77      -64.8     15       R8        0
   770      769     sb_dia1    50.68      -64.57    15       R8        0
   771      724     sb_dia1    41.44      -47.61    15       R7        0
   772      771     sb_dia1    44.79      -49.32    15       R7        0
   773      772     sb_dia1    49.57      -49.92    15       R7        0
   774      773     sb_dia1    51.06      -54.08    15       R8        0
   775      774     sb_dia1    52.32      -58.63    15       R8        0
   776      775     sb_dia1    55.36      -62.13    15       R9        0
   777      723     sb_dia1    40.11      -41.04    15       R6        0
   778      777     sb_dia1    43.68      -41.55    15       R7        0
   779      723     sb_dia1    38.78      -37.52    15       R6        0
   780      721     sb_dia1    30.72      -33.06    15       R5        0
   781      780     sb_dia1    35.81      -32.23    15       R6        0
   782      781     sb_dia1    37.87      -34.4     15       R6        0
   783      782     sb_dia1    42.55      -34.32    15       R6        0
   784      783     sb_dia1    45.32      -38.05    15       R7        0
   785      784     sb_dia1    49.02      -40.24    15       R7        0
   786      785     sb_dia1    53.6       -42.5     15       R7        0
   787      786     sb_dia1    56.29      -45.12    15       R8        0
   788      787     sb_dia1    56.06      -48.77    15       R8        0
   789      788     sb_dia1    60.09      -49.6     15       R8        0
   790      789     sb_dia1    61.58      -52.11    15       R8        0
   791      790     sb_dia1    60.69      -55.11    15       R8        0
   792      791     sb_dia1    60.9       -58.38    15       R9        0
   793      792     sb_dia1    61.8       -62.25    15       R9        0
   794      793     sb_dia1    62.98      -65.75    15       R9        0
   795      794     sb_dia1    59.94      -69.17    15       R9        0
   796      795     sb_dia1    58         -72.52    15       R9        0
   797      796     sb_dia1    55.69      -76.14    15       R9        0
   798      797     sb_dia1    54.2       -78.96    15       R9        0
   799      798     sb_dia1    56.22      -82.91    15       R9        0
   800      799     sb_dia1    59.26      -88.35    15       R9        0
   801      794     sb_dia1    66.13      -67.46    15       R9        0
   802      801     sb_dia1    70.06      -67.82    15       R9        0
   803      802     sb_dia1    72.07      -70.43    15       R9        0
   804      803     sb_dia1    74.53      -74.31    15       R9        0
   805      791     sb_dia1    64.62      -57.1     15       R9        0
   806      805     sb_dia1    68.42      -58.66    15       R9        0
   807      806     sb_dia1    69.98      -61.42    15       R9        0
   808      807     sb_dia1    73.48      -63.59    15       R9        0
   809      808     sb_dia1    76.45      -63.14    15       R9        0
   810      809     sb_dia1    79.57      -61.47    15       R9        0
   811      810     sb_dia1    82.59      -60.02    15       R9        0
   812      811     sb_dia1    86.16      -57.9     15       R9        0
   813      806     sb_dia1    69.95      -56.34    15       R9        0
   814      813     sb_dia1    74.76      -57.55    15       R9        0
   815      717     sb_dia1    18.5       -20.79    15       R3        0
   816      815     sb_dia1    23.07      -20.11    15       R3        0
   817      713     sb_dia1    14.14      -4.706    15       R2        0
   818      817     sb_dia1    17.39      -3.02     15       R2        0
   819      818     sb_dia1    20.61      -3.926    15       R3        0
   820      819     sb_dia1    18.6       -7.499    15       R3        0
   821      819     sb_dia1    24.51      -5.813    15       R3        0
   822      821     sb_dia1    28.08      -9.512    15       R3        0
   823      822     sb_dia1    31.56      -12.41    15       R5        0
   824      823     sb_dia1    30.55      -15.53    15       R5        0
   825      824     sb_dia1    33.01      -19.55    15       R5        0
   826      825     sb_dia1    37.02      -22.9     15       R5        0
   827      826     sb_dia1    42.17      -25.59    15       R6        0
   828      827     sb_dia1    47.18      -27.93    15       R6        0
   829      828     sb_dia1    51.79      -30.17    15       R7        0
   830      829     sb_dia1    54.33      -34.32    15       R7        0
   831      830     sb_dia1    57.05      -39       15       R7        0
   832      831     sb_dia1    59.36      -43.78    15       R8        0
   833      832     sb_dia1    62.71      -46.8     15       R8        0
   834      833     sb_dia1    66.28      -48.14    15       R8        0
   835      834     sb_dia1    69.33      -50.93    15       R9        0
   836      835     sb_dia1    73.53      -53.72    15       R9        0
   837      832     sb_dia1    64.82      -43.91    15       R8        0
   838      837     sb_dia1    70.08      -45.8     15       R9        0
   839      838     sb_dia1    73.75      -46.58    15       R9        0
   840      839     sb_dia1    78.01      -44.79    15       R9        0
   841      840     sb_dia1    82.16      -45.5     15       R9        0
   842      841     sb_dia1    87.29      -45.92    15       R9        0
   843      823     sb_dia1    35.46      -11.4     15       R5        0
   844      843     sb_dia1    39.93      -12.3     15       R5        0
   845      844     sb_dia1    43.73      -14.97    15       R6        0
   846      845     sb_dia1    48.97      -17.11    15       R6        0
   847      846     sb_dia1    52.67      -19.33    15       R6        0
   848      847     sb_dia1    57.12      -23.25    15       R7        0
   849      848     sb_dia1    61.25      -25.82    15       R7        0
   850      849     sb_dia1    65.63      -28.38    15       R8        0
   851      850     sb_dia1    70.08      -31.18    15       R8        0
   852      851     sb_dia1    68.62      -35.08    15       R8        0
   853      846     sb_dia1    53.77      -16.76    15       R6        0
   854      853     sb_dia1    57.47      -16.33    15       R7        0
   855      854     sb_dia1    61.93      -19.1     15       R7        0
   856      855     sb_dia1    62.15      -22.9     15       R7        0
   857      855     sb_dia1    66.73      -19       15       R7        0
   858      857     sb_dia1    71.54      -21.01    15       R8        0
   859      858     sb_dia1    76.45      -23.02    15       R8        0
   860      859     sb_dia1    81.58      -24.69    15       R9        0
   861      843     sb_dia1    38.25      -7.725    15       R5        0
   862      861     sb_dia1    40.04      -4.605    15       R5        0
   863      862     sb_dia1    44.51      -4.479    15       R5        0
   864      863     sb_dia1    50.1       -5.033    15       R6        0
   865      864     sb_dia1    56.47      -7.398    15       R6        0
   866      865     sb_dia1    61.7       -8.958    15       R7        0
   867      866     sb_dia1    66.28      -10.97    15       R7        0
   868      867     sb_dia1    69.63      -9.612    15       R7        0
   869      868     sb_dia1    75.21      -10.29    15       R8        0
   870      869     sb_dia1    80.35      -10.39    15       R8        0
   871      870     sb_dia1    84.6       -11.52    15       R9        0
   872      871     sb_dia1    88.85      -15.65    15       R9        0
   873      872     sb_dia1    92.2       -14.87    15       R9        0
