#	node	parent	dia	xbio	ybio	zbio	region	dendr
	0	0	22.00	174.20	159.71	29.93	SOMA	0
	1	0	2.00	176.72	174.20	21.38	HILLOCK	0
	2	1	1.50	186.48	184.59	17.10	HILLOCK	0
	3	2	1.25	198.45	189.95	17.10	HILLOCK	0
	4	3	ath_dia	210.11	196.56	12.83	AXON_THIN	0
	5	4	ath_dia	225.23	205.38	12.83	AXON_THIN	0
	6	5	ath_dia	237.83	210.42	8.55	AXON_THIN	0
	7	6	1.25	246.96	217.98	8.55	AXON	0
	8	7	1.50	260.19	228.06	8.55	AXON	0
	9	8	1.50	271.53	239.72	4.28	AXON	0
	10	9	1.50	283.19	259.25	4.28	AXON	0
	11	10	1.50	292.95	275.63	4.28	AXON	0
	12	11	1.50	307.13	292.32	0.00	AXON	0
	13	12	1.50	318.15	308.07	0.00	AXON	0
	14	0	1.50	178.61	172.62	34.21	DEND	0
	15	14	1.50	181.13	185.22	34.21	DEND	0
	16	15	1.50	184.59	194.99	34.21	DEND	0
	17	16	1.50	177.98	208.85	34.21	DEND	0
	18	17	1.50	172.31	219.56	34.21	DEND	0
	19	18	1.50	165.38	228.06	34.21	DEND	0
	20	19	1.50	150.57	235.31	34.21	DEND	0
	65	20	1.00	140.18	230.90	34.21	DEND	0
	66	65	0.80	126.32	232.16	34.21	DEND	0
	67	66	0.70	113.72	227.43	34.21	DEND	0
	68	67	0.70	95.13	229.32	34.21	DEND	0
	69	65	0.90	139.55	217.67	34.21	DEND	0
	70	69	0.90	143.33	207.27	34.21	DEND	0
	71	70	0.80	155.30	198.14	34.21	DEND	0
	72	71	0.80	158.76	186.17	34.21	DEND	0
	74	72	0.80	149.31	177.35	34.21	DEND	0
	75	74	0.80	143.96	168.84	34.21	DEND	0
	73	72	0.80	168.53	193.41	34.21	DEND	0
	76	73	0.80	173.88	201.92	34.21	DEND	0
	77	70	0.80	130.73	200.97	34.21	DEND	0
	78	77	0.70	118.13	202.86	34.21	DEND	0
	79	77	0.70	117.81	207.59	34.21	DEND	0
	80	79	0.70	111.20	217.67	34.21	DEND	0
	81	80	0.70	107.10	225.54	34.21	DEND	0
	82	20	1.20	144.59	242.24	29.93	DEND	0
	83	82	1.20	143.96	250.11	29.93	DEND	0
	84	83	1.20	137.66	259.88	29.93	DEND	0
	85	84	1.20	134.51	271.85	29.93	DEND	0
	102	85	1.00	128.21	273.74	29.93	DEND	0
	103	102	1.00	119.70	269.33	29.93	DEND	0
	104	103	1.00	109.94	272.16	29.93	DEND	0
	110	104	0.70	106.47	281.61	29.93	DEND	0
	111	110	0.70	109.62	289.49	29.93	DEND	0
	112	111	0.70	100.17	296.73	29.93	DEND	0
	113	112	0.70	91.67	295.16	29.93	DEND	0
	114	112	0.70	98.28	302.72	29.93	DEND	0
	115	114	0.70	94.19	301.14	29.93	DEND	0
	149	104	1.00	104.58	267.44	29.93	DEND	0
	150	149	1.00	90.41	264.92	34.21	DEND	0
	151	150	1.00	74.03	253.89	34.21	DEND	0
	156	151	0.80	57.33	261.45	34.21	DEND	0
	157	156	0.80	47.57	265.86	34.21	DEND	0
	158	157	0.70	32.45	262.71	34.21	DEND	0
	159	158	0.70	19.85	252.63	34.21	DEND	0
	160	159	0.60	9.77	251.06	34.21	DEND	0
	161	160	0.60	1.58	256.41	34.21	DEND	0
	162	159	0.70	23.94	242.55	34.21	DEND	0
	163	157	0.70	44.10	275.94	29.93	DEND	0
	164	163	0.70	45.68	285.71	29.93	DEND	0
	165	164	0.60	58.59	281.93	29.93	DEND	0
	166	165	0.60	68.99	282.87	29.93	DEND	0
	167	164	0.60	36.86	297.36	29.93	DEND	0
	168	167	0.60	24.26	289.17	29.93	DEND	0
	169	168	0.60	16.38	284.45	29.93	DEND	0
	170	169	0.60	18.59	276.26	29.93	DEND	0
	171	169	0.60	8.51	291.69	29.93	DEND	0
	152	150	0.80	84.74	277.52	34.21	DEND	0
	153	152	0.80	74.66	289.49	29.93	DEND	0
	154	153	0.80	68.67	301.46	29.93	DEND	0
	155	154	0.80	56.07	309.33	29.93	DEND	0
	105	103	0.80	120.02	261.14	29.93	DEND	0
	106	105	0.80	112.46	254.21	34.21	DEND	0
	107	106	0.80	103.32	250.43	34.21	DEND	0
	108	107	0.80	98.91	242.55	34.21	DEND	0
	109	108	0.70	87.26	239.40	34.21	DEND	0
	116	85	1.10	140.18	277.20	29.93	DEND	0
	117	116	1.10	139.86	282.56	29.93	DEND	0
	118	117	1.10	131.99	293.90	25.66	DEND	0
	119	118	1.10	126.00	297.05	25.66	DEND	0
	120	119	1.10	125.37	308.07	25.66	DEND	0
	121	120	1.10	128.52	316.26	25.66	DEND	0
	122	121	1.00	127.58	321.30	25.66	DEND	0
	123	121	0.90	141.44	315.32	25.66	DEND	0
	124	123	0.90	148.05	313.74	25.66	DEND	0
	125	124	0.90	156.87	321.30	25.66	DEND	0
	126	117	1.00	151.52	288.23	25.66	DEND	0
	127	126	1.00	162.23	278.78	25.66	DEND	0
	128	127	1.00	176.72	275.00	25.66	DEND	0
	129	128	1.00	188.69	279.09	25.66	DEND	0
	130	129	1.00	200.03	281.30	25.66	DEND	0
	131	130	1.00	217.98	281.93	25.66	DEND	0
	132	131	1.00	223.65	287.60	25.66	DEND	0
	133	132	1.00	232.79	288.54	25.66	DEND	0
	134	133	0.90	237.83	296.10	21.38	DEND	0
	135	134	0.90	250.43	304.61	21.38	DEND	0
	136	135	0.90	241.61	315.63	21.38	DEND	0
	137	136	0.90	235.94	321.93	21.38	DEND	0
	138	135	0.90	259.88	305.87	21.38	DEND	0
	139	138	0.90	270.27	300.51	17.10	DEND	0
	140	138	0.90	262.40	320.99	17.10	DEND	0
	141	133	0.90	237.20	280.04	25.66	DEND	0
	142	141	0.90	238.46	264.60	25.66	DEND	0
	143	142	0.90	252.32	261.77	25.66	DEND	0
	144	143	0.90	262.71	255.47	25.66	DEND	0
	145	126	0.90	152.15	301.46	25.66	DEND	0
	146	145	0.90	160.02	310.28	25.66	DEND	0
	147	146	0.90	175.46	311.85	25.66	DEND	0
	148	147	0.90	191.21	319.73	25.66	DEND	0
	86	83	1.00	158.45	255.47	29.93	DEND	0
	87	86	1.00	165.06	254.21	29.93	DEND	0
	88	87	1.00	173.25	260.51	29.93	DEND	0
	89	88	1.00	186.48	260.51	29.93	DEND	0
	90	89	1.00	198.77	260.82	29.93	DEND	0
	91	90	1.00	208.85	253.58	29.93	DEND	0
	92	91	1.00	217.98	252.00	29.93	DEND	0
	93	91	1.00	204.44	243.50	29.93	DEND	0
	94	93	0.90	198.14	234.36	29.93	DEND	0
	95	94	0.90	192.47	227.12	34.21	DEND	0
	96	95	0.90	182.07	229.95	34.21	DEND	0
	97	96	0.90	169.79	237.83	29.93	DEND	0
	98	97	0.90	163.49	246.33	29.93	DEND	0
	99	95	0.80	199.40	219.56	34.21	DEND	0
	100	99	0.80	201.92	210.42	34.21	DEND	0
	101	100	0.80	197.19	205.38	34.21	DEND	0
	21	16	1.00	195.62	201.60	34.21	DEND	0
	22	21	1.00	210.11	206.33	34.21	DEND	0
	23	22	1.00	221.76	214.83	34.21	DEND	0
	24	23	1.00	234.99	223.65	34.21	DEND	0
	25	24	1.00	250.74	239.40	38.48	DEND	0
	26	25	1.00	262.40	242.55	38.48	DEND	0
	27	26	1.00	270.59	243.18	38.48	DEND	0
	28	27	1.00	280.04	247.59	34.21	DEND	0
	29	28	1.00	288.54	251.37	34.21	DEND	0
	30	29	1.00	299.25	251.69	34.21	DEND	0
	32	30	0.90	309.65	258.93	34.21	DEND	0
	33	32	0.90	317.52	257.67	34.21	DEND	0
	34	33	0.90	321.93	264.29	34.21	DEND	0
	35	30	0.90	304.61	241.61	34.21	DEND	0
	36	35	0.80	312.80	234.36	34.21	DEND	0
	37	36	0.80	315.32	227.75	34.21	DEND	0
	39	37	0.80	322.25	230.27	34.21	DEND	0
	38	36	0.80	321.62	239.40	34.21	DEND	0
	31	29	0.50	285.71	256.41	34.21	DEND	0
	40	25	1.00	246.33	251.37	38.48	DEND	0
	41	40	1.00	246.96	263.66	34.21	DEND	0
	42	41	0.80	253.89	268.70	34.21	DEND	0
	43	42	0.80	265.55	270.59	34.21	DEND	0
	44	43	0.80	261.77	281.30	34.21	DEND	0
	45	44	0.80	256.10	289.17	34.21	DEND	0
	46	43	0.80	277.83	275.00	29.93	DEND	0
	47	46	0.60	292.01	270.90	29.93	DEND	0
	48	46	0.60	275.63	291.69	29.93	DEND	0
	49	48	0.60	284.45	301.77	25.66	DEND	0
	50	49	0.60	296.10	303.66	25.66	DEND	0
	51	50	0.60	303.35	318.78	25.66	DEND	0
	52	49	0.60	281.61	311.54	25.66	DEND	0
	53	52	0.60	278.15	321.93	25.66	DEND	0
	54	41	1.00	241.92	276.57	34.21	DEND	0
	55	54	1.00	238.46	288.23	34.21	DEND	0
	56	55	1.00	241.29	298.31	34.21	DEND	0
	57	56	0.80	230.90	308.07	29.93	DEND	0
	58	57	0.80	227.12	318.78	29.93	DEND	0
	59	58	0.80	223.34	321.93	29.93	DEND	0
	60	58	0.80	229.64	321.30	29.93	DEND	0
	61	56	0.80	248.85	299.57	29.93	DEND	0
	62	61	0.80	251.69	307.44	29.93	DEND	0
	63	62	0.80	252.00	317.84	29.93	DEND	0
	64	63	0.80	242.55	321.93	29.93	DEND	0
	172	0	1.20	188.69	160.65	34.21	DEND	0
	173	172	1.20	202.55	163.49	34.21	DEND	0
	174	173	1.20	215.15	166.64	38.48	DEND	0
	175	174	1.20	222.71	167.58	38.48	DEND	0
	176	175	1.00	233.73	177.35	38.48	DEND	0
	177	176	1.00	242.24	186.17	38.48	DEND	0
	178	177	1.00	255.47	194.04	34.21	DEND	0
	179	178	1.00	269.96	200.97	34.21	DEND	0
	180	179	1.00	282.56	211.05	34.21	DEND	0
	181	180	0.90	290.75	212.63	29.93	DEND	0
	182	181	0.90	306.18	213.89	29.93	DEND	0
	183	182	0.90	317.21	218.61	29.93	DEND	0
	184	183	0.90	321.30	211.68	29.93	DEND	0
	185	183	0.90	320.67	227.12	29.93	DEND	0
	186	181	0.80	283.19	221.76	29.93	DEND	0
	187	186	0.80	277.20	229.01	29.93	DEND	0
	188	187	0.80	271.22	233.73	29.93	DEND	0
	189	188	0.80	265.86	238.77	29.93	DEND	0
	190	189	0.80	271.53	249.48	25.66	DEND	0
	191	190	0.80	278.78	257.04	25.66	DEND	0
	192	191	0.80	290.12	265.55	25.66	DEND	0
	193	192	0.80	295.16	272.48	21.38	DEND	0
	194	193	0.80	289.49	273.74	21.38	DEND	0
	195	194	0.70	280.98	275.63	21.38	DEND	0
	196	195	0.70	272.79	276.89	21.38	DEND	0
	197	196	0.70	260.51	276.26	21.38	DEND	0
	198	194	0.80	296.42	284.45	21.38	DEND	0
	199	198	0.80	301.14	296.73	17.10	DEND	0
	200	199	0.80	305.24	312.17	17.10	DEND	0
	201	200	0.80	306.81	321.93	17.10	DEND	0
	202	180	0.90	266.81	217.67	34.21	DEND	0
	203	202	0.90	255.78	221.13	34.21	DEND	0
	204	203	0.80	247.59	229.32	29.93	DEND	0
	205	204	0.80	240.03	234.36	29.93	DEND	0
	206	205	0.80	231.84	242.24	29.93	DEND	0
	207	206	0.80	225.23	240.98	29.93	DEND	0
	208	207	0.80	220.82	247.91	29.93	DEND	0
	209	203	0.80	244.44	214.20	34.21	DEND	0
	210	209	0.80	242.24	206.01	34.21	DEND	0
	211	175	1.10	231.21	157.19	42.76	DEND	0
	212	211	1.10	245.07	150.89	47.03	DEND	0
	213	212	1.00	256.73	157.82	47.03	DEND	0
	214	213	1.00	266.49	162.23	47.03	DEND	0
	215	214	0.90	278.78	171.05	47.03	DEND	0
	216	215	0.90	287.60	178.92	42.76	DEND	0
	217	216	0.70	297.05	182.07	42.76	DEND	0
	218	217	0.70	303.35	180.18	42.76	DEND	0
	219	218	0.70	306.18	170.42	47.03	DEND	0
	220	217	0.70	295.79	190.26	42.76	DEND	0
	221	220	0.70	291.06	192.15	42.76	DEND	0
	222	220	0.70	303.66	195.93	42.76	DEND	0
	223	222	0.70	306.18	189.95	42.76	DEND	0
	224	222	0.70	299.88	202.23	42.76	DEND	0
	225	216	0.90	286.02	185.54	42.76	DEND	0
	226	225	0.90	283.19	194.36	42.76	DEND	0
	227	226	0.90	275.94	198.14	42.76	DEND	0
	228	227	0.90	276.89	204.12	42.76	DEND	0
	229	228	0.80	285.08	210.11	38.48	DEND	0
	230	229	0.80	291.06	220.82	38.48	DEND	0
	231	230	0.70	303.35	223.65	38.48	DEND	0
	232	231	0.70	309.33	228.38	38.48	DEND	0
	233	230	0.70	286.02	230.90	38.48	DEND	0
	234	233	0.70	275.94	233.10	38.48	DEND	0
	235	234	0.70	275.00	239.40	38.48	DEND	0
	236	228	0.80	267.12	210.74	42.76	DEND	0
	237	236	0.80	263.03	220.82	38.48	DEND	0
	238	237	0.80	257.04	229.01	38.48	DEND	0
	239	236	0.80	253.58	211.05	42.76	DEND	0
	240	239	0.80	235.62	219.56	42.76	DEND	0
	241	240	0.80	219.24	221.13	42.76	DEND	0
	242	241	0.80	206.64	206.33	42.76	DEND	0
	243	212	1.00	257.04	144.90	47.03	DEND	0
	244	243	1.00	264.29	139.86	47.03	DEND	0
	245	244	1.00	268.70	140.81	47.03	DEND	0
	246	245	0.90	279.72	145.53	47.03	DEND	0
	247	246	0.90	291.06	148.05	47.03	DEND	0
	248	247	0.90	297.99	156.56	47.03	DEND	0
	249	248	0.90	306.50	166.01	47.03	DEND	0
	250	249	0.90	321.62	168.21	47.03	DEND	0
	251	249	0.90	317.52	174.51	47.03	DEND	0
	252	251	0.80	311.85	183.65	42.76	DEND	0
	253	252	0.80	312.48	193.73	42.76	DEND	0
	254	253	0.80	319.10	204.12	42.76	DEND	0
	255	245	1.00	269.96	134.51	47.03	DEND	0
	256	255	1.00	279.09	129.15	47.03	DEND	0
	257	256	0.90	289.80	124.11	47.03	DEND	0
	258	257	0.90	300.83	123.17	51.31	DEND	0
	259	258	0.90	305.24	110.25	51.31	DEND	0
	260	259	0.90	311.54	103.01	51.31	DEND	0
	261	260	0.90	309.96	95.45	51.31	DEND	0
	262	260	0.90	318.47	104.90	51.31	DEND	0
	263	262	0.90	321.62	99.86	51.31	DEND	0
	264	258	0.90	307.13	127.89	51.31	DEND	0
	265	264	0.90	320.36	123.17	51.31	DEND	0
	266	264	0.90	319.41	140.18	51.31	DEND	0
	267	257	0.80	282.24	115.29	51.31	DEND	0
	268	267	0.80	272.48	113.09	51.31	DEND	0
	269	268	0.80	266.81	120.96	47.03	DEND	0
	270	269	0.80	253.58	126.00	47.03	DEND	0
	271	270	0.80	242.24	134.19	47.03	DEND	0
	272	271	0.80	237.20	141.12	47.03	DEND	0
	273	272	0.80	236.88	148.37	47.03	DEND	0
	274	0	1.50	183.33	151.52	38.48	DEND	0
	275	274	1.50	180.50	142.38	38.48	DEND	0
	276	275	1.20	179.87	134.19	38.48	DEND	0
	277	276	1.20	174.20	121.59	38.48	DEND	0
	278	277	1.20	169.16	109.62	38.48	DEND	0
	279	278	1.20	163.17	98.91	38.48	DEND	0
	280	279	1.10	161.60	86.00	38.48	DEND	0
	281	280	1.10	157.19	69.30	42.76	DEND	0
	282	281	1.00	142.70	64.89	47.03	DEND	0
	283	282	1.00	131.04	58.91	47.03	DEND	0
	284	283	1.00	123.17	53.24	47.03	DEND	0
	285	284	1.00	114.66	49.46	47.03	DEND	0
	286	285	1.00	103.32	48.20	47.03	DEND	0
	287	286	0.90	91.35	43.47	47.03	DEND	0
	288	287	0.90	76.86	33.71	47.03	DEND	0
	289	288	0.80	63.63	21.11	47.03	DEND	0
	290	289	0.70	50.09	25.83	47.03	DEND	0
	291	290	0.70	31.50	28.04	47.03	DEND	0
	292	291	0.70	12.60	25.52	47.03	DEND	0
	293	289	0.80	67.41	10.71	47.03	DEND	0
	294	293	0.80	68.67	4.73	47.03	DEND	0
	299	285	0.70	113.40	35.28	47.03	DEND	0
	300	299	0.70	109.31	21.11	47.03	DEND	0
	301	300	0.70	105.53	12.92	47.03	DEND	0
	295	284	0.70	124.11	40.32	47.03	DEND	0
	296	295	0.70	122.85	26.46	47.03	DEND	0
	297	296	0.70	126.63	11.03	47.03	DEND	0
	298	297	0.70	126.32	2.21	47.03	DEND	0
	302	281	0.90	160.34	57.96	42.76	DEND	0
	303	302	0.90	162.54	43.16	42.76	DEND	0
	304	303	0.90	160.97	26.78	47.03	DEND	0
	305	304	0.90	164.12	13.23	47.03	DEND	0
	306	305	0.90	169.79	3.78	47.03	DEND	0
	307	306	0.80	164.43	0.63	47.03	DEND	0
	308	306	0.80	178.29	14.18	47.03	DEND	0
	309	308	0.80	184.28	26.46	47.03	DEND	0
	310	309	0.80	186.17	43.47	47.03	DEND	0
	311	276	1.00	195.62	125.06	38.48	DEND	0
	312	311	1.00	208.53	115.61	38.48	DEND	0
	313	312	1.00	213.26	103.32	38.48	DEND	0
	314	313	1.00	218.61	86.31	38.48	DEND	0
	315	314	0.90	212.94	74.34	38.48	DEND	0
	316	315	0.90	206.33	62.69	42.76	DEND	0
	317	316	0.80	195.30	67.41	42.76	DEND	0
	318	317	0.80	185.54	71.82	42.76	DEND	0
	319	318	0.70	186.17	82.53	38.48	DEND	0
	320	318	0.80	178.61	65.52	42.76	DEND	0
	321	320	0.80	174.20	73.40	42.76	DEND	0
	322	321	0.70	164.43	71.19	42.76	DEND	0
	323	320	0.70	175.14	51.98	42.76	DEND	0
	324	323	0.70	170.73	38.75	42.76	DEND	0
	325	316	0.90	202.86	51.66	42.76	DEND	0
	326	325	0.90	210.74	39.38	42.76	DEND	0
	327	326	0.90	217.35	34.65	47.03	DEND	0
	328	327	0.90	219.87	25.20	47.03	DEND	0
	329	328	0.80	233.10	15.44	47.03	DEND	0
	330	329	0.80	249.48	2.21	47.03	DEND	0
	331	329	0.70	229.32	4.41	47.03	DEND	0
	332	331	0.70	233.10	1.26	47.03	DEND	0
	333	331	0.70	218.30	4.41	47.03	DEND	0
	334	333	0.70	206.64	9.45	47.03	DEND	0
	335	334	0.70	187.43	6.62	47.03	DEND	0
	336	327	0.80	232.16	40.64	47.03	DEND	0
	337	336	0.80	248.85	37.17	47.03	DEND	0
	338	337	0.80	256.10	22.05	47.03	DEND	0
	341	314	1.00	230.90	83.79	42.76	DEND	0
	340	341	0.90	240.35	91.67	42.76	DEND	0
	339	340	0.90	243.50	108.36	42.76	DEND	0
	342	341	0.80	241.61	72.14	42.76	DEND	0
	343	342	0.80	243.18	57.33	42.76	DEND	0
	344	343	0.80	254.52	50.40	47.03	DEND	0
	345	344	0.80	265.55	52.92	47.03	DEND	0
	346	345	0.80	280.67	48.51	47.03	DEND	0
	347	346	0.80	292.95	47.88	47.03	DEND	0
	348	345	0.80	265.86	63.32	47.03	DEND	0
	349	348	0.80	280.67	65.84	47.03	DEND	0
	350	312	0.70	223.02	125.37	38.48	DEND	0
	351	350	0.70	240.66	130.73	38.48	DEND	0
	352	351	0.70	249.17	126.32	38.48	DEND	0
	353	0	1.50	165.69	149.00	34.21	DEND	0
	354	353	1.30	157.82	139.86	34.21	DEND	0
	355	354	1.10	144.90	132.62	38.48	DEND	0
	356	355	1.00	133.25	126.00	38.48	DEND	0
	357	356	1.00	119.07	120.02	38.48	DEND	0
	358	357	1.00	102.69	114.03	38.48	DEND	0
	359	358	1.00	90.09	107.73	38.48	DEND	0
	360	359	1.00	75.29	101.12	38.48	DEND	0
	361	360	1.00	67.73	107.10	38.48	DEND	0
	362	361	1.00	55.76	119.39	38.48	DEND	0
	377	362	0.80	44.42	117.81	38.48	DEND	0
	378	377	0.80	41.90	104.90	42.76	DEND	0
	379	378	0.80	33.71	92.30	42.76	DEND	0
	380	379	0.80	21.74	76.55	42.76	DEND	0
	381	380	0.80	10.71	74.66	42.76	DEND	0
	382	380	0.80	28.98	61.74	42.76	DEND	0
	383	377	0.80	36.54	122.85	42.76	DEND	0
	384	383	0.80	26.15	118.76	42.76	DEND	0
	385	384	0.80	14.18	118.76	42.76	DEND	0
	386	362	0.80	56.39	129.47	38.48	DEND	0
	387	386	0.80	55.13	142.38	38.48	DEND	0
	388	387	0.80	50.40	153.41	38.48	DEND	0
	363	361	0.80	76.23	117.81	38.48	DEND	0
	364	363	0.80	80.64	131.99	38.48	DEND	0
	365	364	0.80	79.38	143.01	38.48	DEND	0
	366	365	0.60	65.52	145.22	38.48	DEND	0
	367	366	0.60	61.74	156.24	38.48	DEND	0
	368	365	0.70	85.68	153.72	38.48	DEND	0
	369	368	0.70	87.26	165.38	38.48	DEND	0
	370	369	0.70	93.87	173.57	38.48	DEND	0
	371	370	0.70	107.42	177.98	38.48	DEND	0
	372	371	0.70	120.02	182.70	38.48	DEND	0
	373	372	0.70	131.99	179.87	38.48	DEND	0
	374	370	0.70	86.00	184.28	38.48	DEND	0
	375	374	0.70	91.04	200.34	38.48	DEND	0
	376	375	0.70	102.69	204.44	38.48	DEND	0
	389	354	1.20	158.13	126.32	38.48	DEND	0
	390	389	1.20	165.06	114.66	42.76	DEND	0
	391	390	1.20	169.79	102.69	47.03	DEND	0
	392	391	1.20	175.77	89.15	47.03	DEND	0
	393	392	1.20	177.03	77.49	51.31	DEND	0
	394	393	1.20	171.99	74.34	51.31	DEND	0
	395	394	1.20	160.65	68.36	51.31	DEND	0
	396	395	1.10	146.16	59.85	51.31	DEND	0
	397	396	1.10	133.25	55.13	55.59	DEND	0
	398	397	1.10	119.07	45.68	55.59	DEND	0
	399	398	1.10	119.70	39.69	55.59	DEND	0
	400	399	0.90	130.10	37.17	55.59	DEND	0
	401	400	0.90	137.66	29.61	55.59	DEND	0
	402	401	0.90	143.33	15.12	55.59	DEND	0
	403	402	0.90	149.63	5.67	55.59	DEND	0
	410	403	0.90	158.13	0.63	59.86	DEND	0
	411	403	0.90	149.63	0.95	59.86	DEND	0
	412	402	0.90	141.44	4.73	59.86	DEND	0
	413	412	0.90	133.88	2.52	59.86	DEND	0
	404	399	1.10	108.68	26.46	59.86	DEND	0
	405	404	1.10	99.23	17.33	59.86	DEND	0
	406	405	0.90	85.37	14.49	59.86	DEND	0
	407	406	0.90	70.88	7.56	59.86	DEND	0
	408	405	1.00	103.01	9.14	59.86	DEND	0
	409	408	1.00	103.01	1.26	59.86	DEND	0
	470	394	0.90	172.62	65.21	51.31	DEND	0
	471	470	0.90	177.35	55.44	51.31	DEND	0
	472	471	0.90	174.51	46.31	51.31	DEND	0
	473	472	0.90	182.70	38.75	51.31	DEND	0
	474	473	0.90	189.63	34.34	51.31	DEND	0
	475	474	0.90	190.89	22.68	55.59	DEND	0
	476	475	0.90	190.58	16.07	55.59	DEND	0
	477	476	0.80	182.07	4.41	55.59	DEND	0
	478	476	0.80	202.55	4.41	55.59	DEND	0
	414	392	1.00	186.48	77.49	51.31	DEND	0
	415	414	1.00	191.84	68.36	51.31	DEND	0
	416	415	1.00	201.92	66.47	51.31	DEND	0
	417	416	1.00	210.11	73.08	51.31	DEND	0
	418	417	1.00	224.91	86.94	51.31	DEND	0
	419	418	1.00	241.29	88.20	51.31	DEND	0
	420	419	1.00	256.41	89.78	51.31	DEND	0
	421	420	1.00	265.55	86.63	51.31	DEND	0
	422	421	1.00	279.72	84.42	55.59	DEND	0
	423	422	0.90	280.98	77.18	55.59	DEND	0
	424	423	0.90	275.94	69.93	55.59	DEND	0
	425	424	0.90	264.92	57.33	55.59	DEND	0
	426	423	0.90	289.49	81.59	55.59	DEND	0
	427	426	0.90	307.44	78.75	55.59	DEND	0
	428	427	0.90	320.99	76.23	55.59	DEND	0
	432	421	0.80	269.01	96.08	51.31	DEND	0
	433	432	0.80	277.52	106.47	51.31	DEND	0
	429	420	0.90	247.28	98.91	51.31	DEND	0
	430	429	0.90	240.66	107.42	51.31	DEND	0
	431	430	0.90	233.42	109.31	51.31	DEND	0
	434	417	0.90	216.72	69.62	51.31	DEND	0
	435	434	0.90	214.20	58.91	51.31	DEND	0
	436	435	0.90	215.78	47.88	51.31	DEND	0
	437	436	0.90	226.49	40.64	55.59	DEND	0
	438	437	0.90	237.51	41.27	55.59	DEND	0
	439	438	0.90	248.85	29.93	55.59	DEND	0
	440	439	0.90	253.26	23.00	55.59	DEND	0
	441	440	0.80	260.51	28.67	55.59	DEND	0
	442	441	0.80	266.18	26.46	55.59	DEND	0
	443	441	0.80	259.88	33.39	55.59	DEND	0
	444	440	0.90	261.45	16.07	55.59	DEND	0
	445	444	0.90	278.15	13.23	59.86	DEND	0
	446	445	0.90	288.54	15.75	59.86	DEND	0
	447	446	0.90	296.42	22.37	59.86	DEND	0
	448	434	0.90	230.27	66.47	51.31	DEND	0
	449	448	0.90	240.98	59.22	55.59	DEND	0
	450	449	0.90	254.84	55.76	55.59	DEND	0
	451	450	0.90	264.92	50.40	55.59	DEND	0
	452	451	0.90	278.46	49.77	55.59	DEND	0
	453	452	0.90	295.47	41.90	55.59	DEND	0
	454	453	0.80	299.88	33.71	55.59	DEND	0
	455	454	0.80	318.47	32.76	55.59	DEND	0
	456	453	0.90	304.61	46.94	55.59	DEND	0
	457	456	0.90	318.78	45.68	55.59	DEND	0
	458	416	0.90	205.38	57.02	51.31	DEND	0
	459	458	0.90	205.07	44.10	55.59	DEND	0
	460	459	0.90	203.81	37.80	55.59	DEND	0
	461	460	0.80	194.04	31.82	55.59	DEND	0
	462	460	0.90	214.83	34.02	55.59	DEND	0
	463	462	0.90	219.56	20.48	55.59	DEND	0
	464	463	0.80	226.80	10.40	55.59	DEND	0
	465	464	0.80	247.91	10.40	59.86	DEND	0
	466	465	0.80	258.62	1.58	59.86	DEND	0
	467	466	0.80	275.31	0.95	59.86	DEND	0
	468	467	0.80	292.01	2.52	59.86	DEND	0
	469	468	0.80	313.11	9.14	59.86	DEND	0
	479	0	1.60	161.91	154.04	34.21	DEND	0
	480	479	1.40	146.48	152.46	38.48	DEND	0
	481	480	1.20	127.26	149.94	42.76	DEND	0
	482	481	1.10	117.81	143.01	42.76	DEND	0
	483	482	1.00	118.13	130.10	47.03	DEND	0
	484	483	1.00	123.48	120.02	47.03	DEND	0
	485	484	0.90	138.92	109.62	47.03	DEND	0
	486	485	0.80	151.20	112.77	47.03	DEND	0
	487	486	0.80	160.02	115.29	47.03	DEND	0
	488	485	0.80	140.81	98.60	51.31	DEND	0
	489	488	0.80	136.40	92.30	51.31	DEND	0
	490	489	0.80	126.32	91.67	51.31	DEND	0
	491	489	0.80	140.81	82.22	51.31	DEND	0
	492	488	0.80	150.57	92.61	51.31	DEND	0
	493	492	0.70	158.45	87.26	51.31	DEND	0
	494	493	0.70	152.78	80.33	51.31	DEND	0
	495	494	0.70	159.08	72.14	51.31	DEND	0
	496	493	0.70	167.90	90.41	51.31	DEND	0
	497	484	0.90	115.92	110.25	51.31	DEND	0
	498	497	0.90	111.83	102.38	51.31	DEND	0
	499	498	0.80	100.80	99.86	51.31	DEND	0
	500	499	0.80	85.68	95.45	51.31	DEND	0
	501	500	0.80	81.27	83.79	51.31	DEND	0
	502	501	0.80	70.88	82.22	51.31	DEND	0
	503	500	0.80	77.18	96.71	51.31	DEND	0
	504	503	0.80	73.71	107.42	51.31	DEND	0
	505	504	0.80	61.74	107.73	51.31	DEND	0
	506	498	0.90	118.76	89.46	51.31	DEND	0
	507	506	0.90	125.37	77.81	51.31	DEND	0
	508	507	0.90	125.06	59.85	51.31	DEND	0
	509	508	0.80	147.11	55.76	51.31	DEND	0
	510	509	0.80	164.12	58.59	51.31	DEND	0
	511	509	0.80	148.05	44.10	51.31	DEND	0
	512	511	0.80	158.76	34.65	51.31	DEND	0
	513	508	0.80	108.36	51.03	55.59	DEND	0
	514	513	0.70	98.28	60.80	55.59	DEND	0
	515	514	0.70	87.89	63.00	55.59	DEND	0
	516	514	0.70	100.80	72.14	55.59	DEND	0
	517	513	0.60	104.27	42.53	55.59	DEND	0
	518	517	0.60	94.19	34.65	55.59	DEND	0
	519	518	0.60	81.90	35.60	55.59	DEND	0
	520	517	0.60	113.72	24.57	55.59	DEND	0
	521	520	0.60	116.55	17.64	55.59	DEND	0
	522	521	0.60	109.94	9.45	55.59	DEND	0
	523	522	0.60	118.13	2.52	55.59	DEND	0
	524	521	0.60	129.15	17.96	55.59	DEND	0
	525	524	0.60	132.93	9.77	55.59	DEND	0
	526	482	1.10	99.54	136.08	47.03	DEND	0
	527	526	1.10	81.27	124.43	51.31	DEND	0
	528	527	1.10	61.74	111.20	51.31	DEND	0
	529	528	1.10	40.01	101.43	51.31	DEND	0
	530	529	1.10	18.90	87.26	51.31	DEND	0
	531	481	0.90	116.24	161.91	47.03	DEND	0
	532	531	0.90	104.90	169.16	47.03	DEND	0
	533	532	0.90	97.65	182.70	47.03	DEND	0
	534	533	0.90	84.42	180.50	47.03	DEND	0
	535	534	0.70	72.14	182.07	47.03	DEND	0
	536	535	0.70	62.69	175.14	47.03	DEND	0
	537	535	0.70	64.26	187.11	47.03	DEND	0
	538	537	0.70	63.00	197.19	47.03	DEND	0
	539	538	0.70	51.66	199.71	47.03	DEND	0
	540	538	0.70	72.77	207.59	47.03	DEND	0
	541	540	0.70	86.94	196.25	47.03	DEND	0
	542	540	0.70	68.36	224.91	42.76	DEND	0
	543	542	0.70	60.48	241.29	42.76	DEND	0
	544	543	0.70	43.79	242.55	42.76	DEND	0
	545	544	0.70	32.76	248.22	42.76	DEND	0
	546	545	0.70	17.96	247.28	42.76	DEND	0
	547	545	0.70	33.71	258.62	42.76	DEND	0
	548	479	1.60	160.34	157.19	42.76	DEND	0
	549	548	1.40	168.21	167.27	42.76	DEND	0
	550	549	1.20	172.94	176.40	42.76	DEND	0
	551	550	1.00	187.11	175.46	47.03	DEND	0
	552	551	1.00	193.41	164.12	47.03	DEND	0
	553	552	1.00	196.56	149.63	47.03	DEND	0
	554	553	0.90	186.17	143.64	47.03	DEND	0
	555	554	0.90	179.24	137.97	47.03	DEND	0
	556	555	0.90	175.14	129.47	47.03	DEND	0
	557	556	0.90	169.79	118.76	47.03	DEND	0
	558	553	1.00	203.81	144.27	47.03	DEND	0
	559	558	0.90	196.56	134.19	47.03	DEND	0
	560	559	0.90	191.84	127.89	47.03	DEND	0
	561	560	0.90	181.76	119.70	47.03	DEND	0
	562	561	0.90	186.17	109.62	47.03	DEND	0
	563	562	0.90	178.29	101.12	47.03	DEND	0
	564	560	0.90	198.77	121.59	47.03	DEND	0
	565	558	1.00	208.53	143.01	47.03	DEND	0
	566	565	0.90	211.68	134.82	47.03	DEND	0
	567	566	0.90	215.78	126.00	47.03	DEND	0
	568	567	0.90	205.07	118.13	47.03	DEND	0
	569	568	0.80	190.58	111.51	47.03	DEND	0
	570	569	0.80	189.32	95.76	47.03	DEND	0
	571	570	0.80	183.65	90.09	47.03	DEND	0
	572	570	0.80	201.92	93.87	47.03	DEND	0
	573	568	0.90	210.42	106.16	47.03	DEND	0
	574	573	0.90	207.27	91.04	47.03	DEND	0
	575	573	0.90	231.21	112.46	47.03	DEND	0
	576	565	0.90	212.94	147.74	47.03	DEND	0
	577	576	0.90	209.79	155.61	47.03	DEND	0
	578	576	0.90	222.71	141.12	47.03	DEND	0
	579	578	0.90	223.97	133.88	47.03	DEND	0
	580	579	0.90	233.10	126.63	47.03	DEND	0
	581	580	0.90	231.21	115.92	47.03	DEND	0
	582	550	1.10	176.72	187.74	42.76	DEND	0
	583	582	1.10	170.73	200.97	42.76	DEND	0
	584	583	1.10	164.12	211.05	42.76	DEND	0
	585	584	1.10	150.26	212.31	42.76	DEND	0
	586	585	1.10	138.60	223.65	42.76	DEND	0
	587	586	1.10	123.48	234.68	42.76	DEND	0
	588	587	1.10	122.54	240.35	42.76	DEND	0
	603	588	1.00	114.98	242.24	42.76	DEND	0
	604	603	1.00	109.31	251.69	42.76	DEND	0
	605	604	0.80	91.98	253.26	42.76	DEND	0
	606	605	0.80	78.44	261.77	42.76	DEND	0
	607	606	0.80	63.63	265.23	42.76	DEND	0
	608	607	0.80	60.17	274.68	42.76	DEND	0
	609	607	0.80	57.33	265.55	42.76	DEND	0
	610	604	0.90	112.77	262.71	38.48	DEND	0
	611	610	0.70	102.69	270.90	38.48	DEND	0
	612	611	0.70	98.60	283.82	38.48	DEND	0
	613	612	0.70	92.61	293.58	38.48	DEND	0
	614	613	0.70	99.23	308.39	38.48	DEND	0
	615	611	0.70	92.30	273.42	38.48	DEND	0
	616	615	0.70	78.75	280.04	38.48	DEND	0
	617	616	0.70	68.04	287.91	38.48	DEND	0
	618	617	0.70	64.58	303.66	38.48	DEND	0
	619	618	0.70	74.97	309.96	38.48	DEND	0
	620	618	0.70	50.09	316.58	38.48	DEND	0
	621	610	0.80	125.69	269.64	38.48	DEND	0
	622	621	0.80	128.21	286.65	38.48	DEND	0
	623	622	0.80	123.80	296.10	34.21	DEND	0
	624	623	0.80	114.66	303.03	34.21	DEND	0
	625	624	0.80	111.83	320.67	34.21	DEND	0
	626	623	0.80	134.51	305.24	34.21	DEND	0
	627	626	0.80	125.06	313.11	34.21	DEND	0
	628	627	0.80	124.74	320.99	34.21	DEND	0
	629	588	1.00	135.77	246.02	42.76	DEND	0
	630	629	0.90	136.08	260.19	38.48	DEND	0
	631	630	0.90	139.86	274.05	38.48	DEND	0
	632	631	0.90	150.89	284.76	38.48	DEND	0
	633	632	0.80	156.24	297.99	34.21	DEND	0
	634	633	0.80	161.91	314.37	34.21	DEND	0
	635	634	0.80	161.28	319.10	34.21	DEND	0
	636	629	0.90	151.20	242.24	38.48	DEND	0
	637	636	0.90	162.23	249.48	38.48	DEND	0
	638	637	0.90	163.17	259.25	38.48	DEND	0
	639	638	0.90	176.09	265.86	38.48	DEND	0
	640	639	0.80	183.02	282.24	38.48	DEND	0
	641	640	0.80	182.39	296.73	34.21	DEND	0
	642	641	0.80	176.72	313.74	34.21	DEND	0
	643	642	0.80	169.79	314.37	34.21	DEND	0
	644	642	0.80	176.72	320.99	34.21	DEND	0
	645	639	0.90	190.58	264.92	38.48	DEND	0
	646	645	0.80	196.56	254.52	38.48	DEND	0
	647	646	0.80	197.51	242.87	38.48	DEND	0
	648	647	0.80	185.85	232.16	38.48	DEND	0
	649	648	0.80	181.76	233.10	38.48	DEND	0
	653	649	0.80	169.16	233.73	38.48	DEND	0
	654	653	0.80	164.43	223.02	38.48	DEND	0
	655	653	0.80	165.69	240.98	38.48	DEND	0
	650	648	0.80	186.17	220.82	38.48	DEND	0
	651	648	0.80	181.76	245.39	38.48	DEND	0
	652	651	0.80	182.39	258.30	38.48	DEND	0
	589	587	0.90	118.44	227.12	42.76	DEND	0
	590	589	0.90	115.61	219.24	42.76	DEND	0
	591	590	0.90	114.03	211.68	42.76	DEND	0
	592	591	0.90	104.90	213.26	42.76	DEND	0
	593	591	0.90	126.00	206.33	42.76	DEND	0
	594	589	0.80	110.88	234.68	42.76	DEND	0
	595	594	0.80	105.84	240.98	42.76	DEND	0
	596	595	0.80	91.98	231.84	42.76	DEND	0
	597	596	0.70	99.23	218.61	42.76	DEND	0
	598	597	0.70	105.53	205.38	47.03	DEND	0
	599	598	0.70	115.29	191.84	47.03	DEND	0
	600	596	0.80	82.53	241.61	42.76	DEND	0
	601	600	0.80	76.23	250.74	42.76	DEND	0
	602	601	0.80	67.10	253.26	42.76	DEND	0
	670	585	0.80	142.38	202.86	42.76	DEND	0
	671	670	0.80	128.52	196.25	42.76	DEND	0
	672	670	0.80	144.90	184.91	42.76	DEND	0
	673	672	0.80	135.77	181.76	42.76	DEND	0
	674	672	0.80	157.82	177.03	42.76	DEND	0
	656	582	0.90	191.84	193.73	42.76	DEND	0
	657	656	0.90	204.75	189.00	42.76	DEND	0
	658	657	0.90	207.59	183.65	42.76	DEND	0
	697	658	0.80	206.96	171.99	47.03	DEND	0
	698	697	0.80	211.05	163.80	47.03	DEND	0
	699	698	0.80	219.24	156.56	47.03	DEND	0
	700	699	0.80	227.75	148.37	47.03	DEND	0
	701	700	0.80	228.69	140.81	47.03	DEND	0
	702	700	0.80	233.73	152.15	47.03	DEND	0
	659	657	0.90	220.82	190.26	42.76	DEND	0
	660	659	0.90	234.36	184.28	42.76	DEND	0
	661	660	0.90	240.03	177.98	42.76	DEND	0
	662	661	0.90	236.88	171.99	42.76	DEND	0
	663	661	0.90	251.37	194.04	42.76	DEND	0
	664	663	0.90	242.24	199.40	42.76	DEND	0
	665	664	0.90	235.31	202.55	42.76	DEND	0
	666	663	0.90	257.67	191.52	42.76	DEND	0
	667	666	0.80	257.99	178.61	42.76	DEND	0
	668	667	0.80	250.43	169.16	42.76	DEND	0
	669	666	0.90	269.33	197.82	42.76	DEND	0
	675	656	0.90	196.56	211.68	42.76	DEND	0
	676	675	0.90	189.00	218.30	42.76	DEND	0
	677	676	0.90	188.37	229.95	42.76	DEND	0
	678	677	0.90	195.30	237.20	42.76	DEND	0
	679	677	0.90	175.77	231.53	42.76	DEND	0
	680	675	0.90	204.75	221.13	42.76	DEND	0
	681	680	0.90	212.31	235.31	38.48	DEND	0
	682	681	0.90	217.98	242.24	38.48	DEND	0
	683	682	0.90	230.27	248.54	38.48	DEND	0
	684	683	0.90	239.72	261.14	34.21	DEND	0
	685	682	0.90	223.65	257.36	38.48	DEND	0
	686	685	0.90	218.93	271.22	38.48	DEND	0
	687	686	0.90	207.59	284.13	34.21	DEND	0
	688	687	0.80	199.08	283.82	34.21	DEND	0
	689	688	0.80	194.36	293.90	34.21	DEND	0
	690	689	0.80	192.15	306.50	34.21	DEND	0
	691	687	0.80	212.31	295.79	34.21	DEND	0
	692	691	0.80	209.48	303.03	34.21	DEND	0
	693	692	0.80	204.12	311.22	34.21	DEND	0
	695	693	0.80	194.99	317.21	34.21	DEND	0
	696	693	0.80	210.74	317.52	34.21	DEND	0
	694	692	0.80	218.61	306.50	34.21	DEND	0
