# aii cell (cell-2) from Yoshi (Tsukamoto and Omi, JCN, 2013)	
#								
# Measurements taken manually from 3d image of the cell using NetFabb software (see cell2-yoshi-measurements.doc and avg-cell2-yoshi-measurements.txt for details)								
#								
# values in um								
#								
# Narender Dhingra (10/21/2014)								
#
# original x, y, z values normalized to soma location at 0,0,0, and numbers converted to um (by dividing with 1012 - scale factor given by Yoshi) - Narender Dhingra (11/5/2014)
#
#	node	parent	dia	xbio	ybio	zbio	region	dendr
#								
	0	0	8.01	0	0	0	SOMA	0
	10	0	0.55	4.45	0.89	5.47	DEND	0
	10	10	2.02	4.45	0.89	5.47	DEND	1
	20	0	0.3	0.23	-3.3	-2.92	DEND	2
	30	0	0.25	4.19	-3.48	-3.44	DEND	3
	30	30	2.47	4.19	-3.48	-3.44	DEND	4
	40	0	0.29	-2.24	-3.91	-1.45	DEND	5
	40	40	1.92	-2.24	-3.91	-1.45	DEND	6
	50	0	0.29	-0.08	-6.19	-0.74	DEND	7
	50	50	1.7	-0.08	-6.19	-0.74	DEND	8
	60	0	0.22	2.42	-3.27	6.64	DEND	9
	60	60	2.28	2.42	-3.27	6.64	DEND	10
	70	0	0.42	-0.93	-3.26	2.99	DEND	11
	81	70	0.42	-1.84	-2.67	5.03	DEND	12
	81	81	2.09	-1.84	-2.67	5.03	DEND	13
	82	70	0.42	-0.86	-4.39	3.33	DEND	14
	82	82	1.19	-0.86	-4.39	3.33	DEND	15
	91	0	1.14	1.23	-5.69	2.6	DEND	16
	92	91	1.14	2.05	-9.06	1.68	DEND	17
	93	92	1.14	1.56	-11.66	2.06	DEND	18
	94	93	1.14	2.69	-15.46	3.37	DEND	19
	95	94	1.14	2.35	-21.17	4.15	DEND	20
	96	95	0.37	2.36	-23.24	2.97	DEND	21
	100	91	0.41	1.58	-7.1	5.2	DEND	22
	100	100	1.58	1.58	-7.1	5.2	DEND	23
	110	100	0.87	2.56	-5.75	7.84	DEND	24
	110	110	2.46	2.56	-5.75	7.84	DEND	25
	120	100	0.35	-0.32	-10.05	8.92	DEND	26
	120	120	2.49	-0.32	-10.05	8.92	DEND	27
	131	120	0.7	0.2	-14.33	9.11	DEND	28
	132	131	0.31	4.89	-13.83	8.87	DEND	29
	132	132	1.93	4.89	-13.83	8.87	DEND	30
	140	131	0.36	0.07	-17.97	9.96	DEND	31
	140	140	1.47	0.07	-17.97	9.96	DEND	32
	150	140	0.42	-1.77	-27.26	13.14	DEND	33
	150	150	1.61	-1.77	-27.26	13.14	DEND	34
	160	150	0.27	-1.41	-29.32	12.9	DEND	35
	160	160	1.88	-1.41	-29.32	12.9	DEND	36
	180	92	0.31	1.59	-10.44	-0.65	DEND	37
	180	180	2.12	1.59	-10.44	-0.65	DEND	38
	190	93	0.37	3.41	-11.97	-0.6	DEND	39
	190	190	1.65	3.41	-11.97	-0.6	DEND	40
	200	190	0.3	2.67	-12.53	-1.86	DEND	41
	210	93	0.17	4.18	-10.67	1.74	DEND	42
	210	210	2.02	4.18	-10.67	1.74	DEND	43
	220	210	0.17	4.8	-9.27	3.64	DEND	44
	220	220	1.53	4.8	-9.27	3.64	DEND	45
	221	220	0.48	4.31	-8.4	5.81	DEND	46
	230	93	0.17	0.18	-11.18	4.15	DEND	47
	230	230	3.11	0.18	-11.18	4.15	DEND	48
	240	230	0.24	0.23	-15.76	4.06	DEND	49
	240	240	1.46	0.23	-15.76	4.06	DEND	50
	260	93	0.17	3.6	-11.83	4.61	DEND	51
	260	260	2.39	3.6	-11.83	4.61	DEND	52
	261	260	0.42	2.04	-10.94	5.88	DEND	53
	270	94	0.27	0.99	-15.21	2.09	DEND	54
	271	270	0.22	-0.05	-15.47	-1.71	DEND	55
	271	271	1.69	-0.05	-15.47	-1.71	DEND	56
	280	270	0.29	-0.88	-15.76	3.22	DEND	57
	280	280	1.91	-0.88	-15.76	3.22	DEND	58
	290	94	0.39	7.83	-15.3	2.2	DEND	59
	290	290	3.23	7.83	-15.3	2.2	DEND	60
	300	94	0.52	4.96	-14.52	5.07	DEND	61
	300	300	1.68	4.96	-14.52	5.07	DEND	62
	310	300	0.25	6.38	-10.83	5.75	DEND	63
	310	310	2.7	6.38	-10.83	5.75	DEND	64
	320	310	0.3	8.61	-11.3	8.22	DEND	65
	320	320	2.31	8.61	-11.3	8.22	DEND	66
	330	94	0.72	5.79	-26.53	11.37	DEND	67
	340	330	0.55	4.44	-28.03	13.74	DEND	68
	350	330	0.75	6.96	-27.93	12.26	DEND	69
	350	350	1.37	6.96	-27.93	12.26	DEND	70
	360	350	0.43	9.11	-27.99	11.48	DEND	71
	370	350	0.22	6.42	-28.72	12.92	DEND	72
	371	370	0.78	8.59	-30.96	17.85	DEND	73
	170	350	0.51	8.14	-30.28	12.03	DEND	74
	380	170	0.47	9.35	-31.2	12.11	DEND	75
	381	380	0.18	10.19	-30.67	12.47	DEND	76
	381	381	0.81	10.19	-30.67	12.47	DEND	77
	390	380	0.12	9.4	-31.96	12.61	DEND	78
	390	390	0.8	9.4	-31.96	12.61	DEND	79
	400	170	0.55	9.34	-29.49	10.37	DEND	80
	401	400	0.22	9.64	-30.74	9.06	DEND	81
	401	401	0.86	9.64	-30.74	9.06	DEND	82
	250	170	0.43	9.14	-34.46	11.61	DEND	83
	410	250	0.6	9.63	-33.6	12.69	DEND	84
	420	250	0.25	9.48	-35.54	15.87	DEND	85
	420	420	1.61	9.48	-35.54	15.87	DEND	86
	421	420	0.34	8.28	-36.06	17.8	DEND	87
	430	250	0.48	10.06	-36.23	11.54	DEND	88
	440	430	0.16	8.98	-38.14	10.59	DEND	89
	440	440	1.01	8.98	-38.14	10.59	DEND	90
	460	95	0.91	5.43	-27.07	5.29	DEND	91
	470	460	0.34	4.98	-27.38	8.14	DEND	92
	480	460	0.62	6.18	-32.57	4.01	DEND	93
	480	480	2.81	6.18	-32.57	4.01	DEND	94
	490	480	0.67	6.19	-34.77	5.35	DEND	95
	500	490	0.41	9	-40.15	3.15	DEND	96
	510	490	0.56	3.36	-36.95	7.51	DEND	97
	520	510	0.2	1.99	-37.76	8.23	DEND	98
	520	520	1.58	1.99	-37.76	8.23	DEND	99
	530	95	0.88	1.34	-24.92	6.42	DEND	100
	540	530	0.33	1.2	-25.7	5.61	DEND	101
	550	530	0.83	1.63	-28.36	8.35	DEND	102
	550	550	2.2	1.63	-28.36	8.35	DEND	103
	560	550	0.22	0.04	-31.16	8.3	DEND	104
	560	560	0.81	0.04	-31.16	8.3	DEND	105
	570	550	0.41	2.4	-30.98	8.56	DEND	106
	570	570	1	2.4	-30.98	8.56	DEND	107
	580	570	0.32	1.43	-32.08	7.01	DEND	108
	580	580	1.96	1.43	-32.08	7.01	DEND	109
	590	580	0.45	2.13	-32.74	9.28	DEND	110
	600	580	0.29	0.58	-35.62	4.39	DEND	111
	600	600	1.64	0.58	-35.62	4.39	DEND	112
	610	600	0.24	0.81	-36.56	5.4	DEND	113
	620	600	0.23	2.69	-36.23	4.76	DEND	114
	621	620	0.23	2.87	-36.38	5.24	DEND	115
	630	620	0.22	3.55	-36.38	4.42	DEND	116
	630	630	1.04	3.55	-36.38	4.42	DEND	117
	640	621	0.17	6.44	-39.37	4.45	DEND	118
	640	640	2.26	6.44	-39.37	4.45	DEND	119
	650	550	0.22	-1	-28.57	9.65	DEND	120
	650	650	1.74	-1	-28.57	9.65	DEND	121
	651	650	0.27	-0.25	-29.4	10.53	DEND	122
	652	650	0.31	-2.99	-27.42	9.12	DEND	123
	660	550	0.21	0.25	-29.96	11.35	DEND	124
	660	660	1.67	0.25	-29.96	11.35	DEND	125
	670	660	0.21	0.14	-29.3	12.6	DEND	126
	670	670	0.55	0.14	-29.3	12.6	DEND	127
	680	660	0.56	-0.82	-33.29	12.42	DEND	128
	690	680	0.57	-0.2	-35.12	13.7	DEND	129
	690	690	2.05	-0.2	-35.12	13.7	DEND	130
	700	680	0.37	-0.12	-32.88	14.44	DEND	131
	710	660	0.32	-3.26	-32.47	11.81	DEND	132
	710	710	1.41	-3.26	-32.47	11.81	DEND	133
	720	710	0.48	-5.6	-32.83	9.65	DEND	134
	720	720	1.61	-5.6	-32.83	9.65	DEND	135
	730	720	0.31	-9.06	-33.75	10.83	DEND	136
	730	730	1.61	-9.06	-33.75	10.83	DEND	137
	740	550	0.64	3.1	-30.87	11.04	DEND	138
	740	740	1.54	3.1	-30.87	11.04	DEND	139
	750	740	0.29	2.21	-32.44	10.56	DEND	140
	760	740	0.32	2.28	-32.33	12.15	DEND	141
	760	760	0.86	2.28	-32.33	12.15	DEND	142
	770	760	0.26	1.76	-33.56	10.54	DEND	143
	770	770	0.76	1.76	-33.56	10.54	DEND	144
	780	770	0.19	0.9	-35.39	7.53	DEND	145
	780	780	1.95	0.9	-35.39	7.53	DEND	146
	790	780	0.29	3.61	-34.95	6.99	DEND	147
	790	790	1.07	3.61	-34.95	6.99	DEND	148
	800	760	0.28	2.47	-34.43	13.51	DEND	149
	800	800	2.44	2.47	-34.43	13.51	DEND	150
	810	800	0.28	-0.66	-37.71	15.71	DEND	151
	810	810	1.77	-0.66	-37.71	15.71	DEND	152
	820	740	0.32	4.66	-31.85	11.71	DEND	153
	820	820	1.69	4.66	-31.85	11.71	DEND	154
	830	820	0.25	5.28	-34.84	11.56	DEND	155
	830	830	1.01	5.28	-34.84	11.56	DEND	156
	840	820	0.41	6.27	-34.21	8.16	DEND	157
	840	840	1.11	6.27	-34.21	8.16	DEND	158
	850	840	0.31	7.2	-34.65	7.6	DEND	159
	850	850	1.42	7.2	-34.65	7.6	DEND	160
	860	850	0.22	5.54	-35.83	9.57	DEND	161
	860	860	1.02	5.54	-35.83	9.57	DEND	162
	870	860	0.19	7.77	-38.42	9.1	DEND	163
	870	870	1.7	7.77	-38.42	9.1	DEND	164
	880	850	0.26	7.88	-36.43	7.04	DEND	165
	880	880	1.46	7.88	-36.43	7.04	DEND	166
	890	880	0.15	9	-36.87	8.01	DEND	167
	890	890	0.51	9	-36.87	8.01	DEND	168
	900	880	0.43	9.43	-37.4	5.61	DEND	169
	901	900	0.18	11.56	-38.46	6.67	DEND	170
	901	901	1.89	11.56	-38.46	6.67	DEND	171
	910	850	0.31	10.89	-33.39	6.71	DEND	172
	910	910	0.93	10.89	-33.39	6.71	DEND	173
	920	910	0.31	11.26	-32.89	5.76	DEND	174
	920	920	0.96	11.26	-32.89	5.76	DEND	175
	930	920	0.21	9.04	-32.71	6.58	DEND	176
	930	930	1.09	9.04	-32.71	6.58	DEND	177
	940	930	0.28	7.9	-32.72	8.32	DEND	178
	940	940	1.36	7.9	-32.72	8.32	DEND	179
	950	930	0.25	9.87	-33.06	4.61	DEND	180
	950	950	1.21	9.87	-33.06	4.61	DEND	181
	960	950	0.23	9.16	-31.39	5.34	DEND	182
	960	960	0.79	9.16	-31.39	5.34	DEND	183
	970	960	0.27	8.03	-30.31	4.99	DEND	184
	970	970	0.89	8.03	-30.31	4.99	DEND	185
	980	970	0.33	6.51	-28.82	6.01	DEND	186
	980	980	1.81	6.51	-28.82	6.01	DEND	187
	990	980	0.19	6.87	-28.61	8.02	DEND	188
	990	990	1.43	6.87	-28.61	8.02	DEND	189
	1000	980	0.18	6.5	-27.72	4.5	DEND	190
	1000	1000	0.9	6.5	-27.72	4.5	DEND	191
