#   node  parent    dia       xbio       ybio      zbio      region   dendr
#
     0        0     dsomadia   0          0         0         SOMA      0
     1        0       0.9299   -6.975     2.48      -5.52     AXONP      0
     2        1         1.55   -8.989     1.705     -5.52     AXONP      0
     3        2        0.558   -11.47     -0.155    -5.52     AXONP      0
     4        3         0.62   -14.57     -0.465    -5.52     AXON      0
     5        4         0.62   -17.67     -0.465    -5.52     AXON      0
     6        5         0.62   -20.77     -0.465    -5.52     AXON      0
     7        6         0.62   -23.87     0.155     -5.52     AXON      0
     8        7         0.62   -26.97     0.7749    -5.52     AXON      0
     9        8         0.62   -30.07     1.395     -5.52     AXON      0
    10        9         0.62   -33.17     1.395     -5.52     AXON      0
    11       10       0.9299   -36.27     1.705     -5.52     AXON      0
    12       11       0.9299   -39.37     2.635     -5.52     AXON      0
    13       12       0.9299   -42.93     3.1       -6.08     AXON      0
    14       13       0.9299   -45.26     2.635     -6.08     AXON      0
    15       14         0.62   -48.36     1.705     -7.2      AXON      0
    16       15         0.62   -51.46     1.085     -7.2      AXON      0
    17       16         0.62   -54.56     0.465     -7.2      AXON      0
    18       17       0.9299   -57.66     -0.465    -7.2      AXON      0
    19       18         0.62   -60.76     -1.085    -7.2      AXON      0
    20       19         0.62   -64.17     -2.015    -6.64     AXON      0
    21       20         0.62   -67.58     -2.325    -6.08     AXON      0
    22       21         0.62   -70.37     -3.152    -6.08     AXON      0
    23       22         0.62   -74.09     -4.495    -5.52     AXON      0
    24       23         0.62   -77.6      -4.702    -5.52     AXON      0
    25       24         0.62   -80.28     -6.045    -5.52     AXON      0
    26       25         0.62   -83.38     -6.355    -5.52     AXON      0
    27       26         0.62   -86.48     -6.355    -5.52     AXON      0
    28       27         0.62   -90.31     -6.767    -5.52     AXON      0
    29       28         0.62   -92.99     -7.285    -5.52     AXON      0
    30       29         0.62   -95.78     -8.524    -5.52     AXON      0
    31       28       0.5258   -90.93     -4.907    -5.52     DEND      0
    32        0         1.55   7.285      -1.395    -13.9     DENDP      0
    33       32         1.55   10.07      2.325     -13.9     DENDP      0
    34       33         1.55   11.31      7.13      -15       DENDP      0
    35       34         1.55   11.16      10.38     -13.9     DEND      0
    36       35         1.24   12.71      13.17     -13.9     DEND      0
    37       36        1.876   13.64      16.58     -13.4     DEND      0
    38       37       0.9299   14.88      19.68     -12.8     DEND      0
    39       38       0.9299   16.43      22.78     -12.8     DEND      0
    40       39       0.9299   17.36      25.88     -12.2     DEND      0
    41       40         0.62   20.92      29.6      -12.2     DEND      0
    42       41       0.9299   21.08      31.15     -12.8     DEND      0
    43       42         0.62   22.01      34.25     -12.8     DEND      0
    44       43         0.62   22.63      37.35     -13.4     DEND      0
    45       44         0.62   21.7       40.45     -13.4     DEND      0
    46       45         0.62   21.39      43.55     -13.4     DEND      0
    47       46         0.62   21.7       46.65     -13.4     DEND      0
    48       47         0.62   22.94      49.75     -12.8     DEND      0
    49       48       0.9299   23.56      52.85     -13.4     DEND      0
    50       49       0.9299   24.49      55.95     -13.4     DEND      0
    51       50       0.9299   25.11      58.74     -13.9     DEND      0
    52       51       0.9299   24.49      61.84     -14.5     DEND      0
    53       52         0.62   24.33      64.32     -14.5     DEND      0
    54       53         0.62   24.95      68.2      -14.5     DEND      0
    55       54         0.62   27.59      70.83     -14.5     DEND      0
    56       55         0.62   29.45      73.31     -14.5     DEND      0
    57       56       0.9299   30.69      76.41     -14.5     DEND      0
    58       57       0.9299   32.24      79.2      -14.5     DEND      0
    59       58         1.86   33.79      82.3      -15       DEND      0
    60       59       0.9299   35.34      83.23     -15       DEND      0
    61       60       0.9299   37.82      85.4      -15       DEND      0
    62       61       0.9299   40.61      86.95     -15       DEND      0
    63       62         0.62   43.71      88.19     -15       DEND      0
    64       63         0.62   46.19      90.05     -15       DEND      0
    65       64         0.62   45.88      93.15     -15       DEND      0
    66       65         0.62   45.88      96.25     -15       DEND      0
    67       66         0.62   45.1       98.73     -14.5     DEND      0
    68       67         0.62   50.84      100.9     -14.5     DEND      0
    69       68         0.62   51.77      104       -14.5     DEND      0
    70       69       0.9299   53.01      107.1     -14.5     DEND      0
    71       70       0.9299   53.32      110.2     -15       DEND      0
    72       71         0.62   53.32      110.2     -14.5     DEND      0
    73       72         0.62   56.57      113.6     -15       DEND      0
    74       73         0.62   59.83      113       -15       DEND      0
    75       74         0.62   62.93      113.9     -15.6     DEND      0
    76       75         0.62   65.41      116.4     -15.6     DEND      0
    77       76         0.62   67.27      118.9     -15.6     DEND      0
    78       77         0.62   69.75      121       -15.6     DEND      0
    79       78         0.62   72.23      123.2     -15.6     DEND      0
    80       79         0.62   73.47      126.3     -15.6     DEND      0
    81       80         0.62   75.02      129.1     -15.6     DEND      0
    82       81         0.62   76.57      131.9     -15.6     DEND      0
    83       82       0.9299   78.11      134.7     -15       DEND      0
    84       83         0.62   78.42      137.8     -15.6     DEND      0
    85       84         0.62   77.19      140.9     -15.6     DEND      0
    86       85         0.62   77.19      144       -15.6     DEND      0
    87       86         0.62   77.8       147.1     -15.6     DEND      0
    88       87         0.62   77.8       150.2     -15.6     DEND      0
    89       88        0.434   78.11      153.3     -15.6     DEND      0
    90       64       0.9299   49.29      90.36     -15       DEND      0
    91       90       0.9299   52.39      88.81     -14.5     DEND      0
    92       91         0.62   55.49      89.74     -14.5     DEND      0
    93       92         0.62   58.59      90.98     -14.5     DEND      0
    94       93         0.62   61.69      92.53     -14.5     DEND      0
    95       94         0.62   64.48      94.39     -14.5     DEND      0
    96       95         0.62   65.25      94.85     -14.5     DEND      0
    97       96         0.62   66.65      100.6     -15       DEND      0
    98       97         0.62   69.13      102.4     -15.6     DEND      0
    99       98         0.62   71.61      104.6     -15       DEND      0
   100       99         0.62   74.09      107.1     -15       DEND      0
   101      100         0.62   76.88      109       -15       DEND      0
   102      101         0.62   79.66      110.5     -14.5     DEND      0
   103      102       0.9299   82.14      113       -14.5     DEND      0
   104      103         0.62   83.38      116.1     -14.5     DEND      0
   105      104         0.62   83.07      119.5     -14.5     DEND      0
   106      105         0.62   83.07      122.6     -13.9     DEND      0
   107      106         0.62   82.76      125.7     -14.5     DEND      0
   108      107         0.62   83.07      128.8     -15       DEND      0
   109      108         0.62   84         131.9     -15       DEND      0
   110      109         0.62   86.17      134.1     -15.6     DEND      0
   111      110         0.62   88.34      136.2     -15.6     DEND      0
   112      111       0.9299   91.13      138.4     -15.6     DEND      0
   113      112       0.9299   94.23      139.6     -15.6     DEND      0
   114      113        0.434   96.09      142.7     -15.6     DEND      0
   115       96       0.9299   69.59      93.3      -14.5     DEND      0
   116      115         0.62   72.54      94.08     -15       DEND      0
   117      116        0.434   75.64      94.08     -15.6     DEND      0
   118       73         0.62   56.42      116.1     -15       DEND      0
   119      118         0.62   55.49      119.5     -14.5     DEND      0
   120      119         0.62   54.87      122.6     -14.5     DEND      0
   121      120         0.62   54.25      125.7     -15       DEND      0
   122      121         0.62   51.77      127.6     -15       DEND      0
   123       72         0.62   50.22      115.8     -14.5     DEND      0
   124      123         0.62   48.67      118.3     -14.5     DEND      0
   125      124         0.62   47.74      121.4     -15       DEND      0
   126      125        0.434   46.19      122.6     -15.6     DEND      0
   127      126        0.434   43.4       124.5     -15.6     DEND      0
   128       54         0.62   23.56      70.83     -14.5     DEND      0
   129      128       0.9299   23.56      73.93     -14.5     DEND      0
   130      129       0.9299   24.8       77.03     -14.5     DEND      0
   131      130         0.62   24.8       80.13     -14.5     DEND      0
   132      131         0.62   24.95      81.83     -14.5     DEND      0
   133      132         0.62   26.97      86.33     -14.5     DEND      0
   134      133       0.9299   27.28      89.43     -14.5     DEND      0
   135      134         0.62   27.9       92.53     -14.5     DEND      0
   136      135       0.9299   29.14      95.63     -14.5     DEND      0
   137      136         0.62   30.38      98.73     -14.5     DEND      0
   138      137         0.62   30.69      101.8     -15       DEND      0
   139      138         0.62   30.69      104.9     -15       DEND      0
   140      139         0.62   31.62      108       -14.5     DEND      0
   141      140       0.9299   31.93      111.1     -14.5     DEND      0
   142      141       0.9299   32.86      114.2     -15       DEND      0
   143      142       0.9299   32.86      117.3     -15.6     DEND      0
   144      143       0.9299   31.62      120.4     -15.6     DEND      0
   145      144         0.62   30.69      123.5     -15.6     DEND      0
   146      145         0.62   28.52      126       -15.6     DEND      0
   147      146         0.62   26.04      128.2     -15.6     DEND      0
   148       67        0.434   43.71      99.35     -14.5     DEND      0
   149      148         0.62   40.61      99.35     -14.5     DEND      0
   150      149       0.9299   37.51      98.42     -14.5     DEND      0
   151      150       0.9299   34.72      99.97     -14.5     DEND      0
   152      151         0.62   31.62      100.3     -15       DEND      0
   153      152         0.62   29.14      101.8     -15       DEND      0
   154      153         0.62   26.97      104.3     -15       DEND      0
   155      154         0.62   24.8       106.8     -15       DEND      0
   156      155         0.62   24.18      109.9     -15       DEND      0
   157      156         0.62   22.63      112.7     -15       DEND      0
   158      157         0.62   22.63      115.8     -15.6     DEND      0
   159      158         0.62   22.63      118.9     -15.6     DEND      0
   160      159       0.9299   22.63      122       -15.6     DEND      0
   161        0       0.9299   1.24       -7.904    -12.2     DENDP      0
   162      161       0.9299   0.31       -11       -12.8     DENDP      0
   163      162       0.9299   -0.62      -14.1     -13.4     DENDP      0
   164      163       0.9299   -0.62      -17.2     -13.9     DEND      0
   165      164       0.9299   -0.9299    -20.3     -14.5     DEND      0
   166      165       0.9299   -1.55      -23.4     -14.5     DEND      0
   167      166       0.9299   -1.86      -26.5     -15       DEND      0
   168      167       0.9299   -2.48      -29.6     -15       DEND      0
   169      168       0.9299   -3.1       -32.7     -15       DEND      0
   170      169       0.9299   -2.48      -35.8     -15       DEND      0
   171      170         0.62   0          -37.97    -15       DEND      0
   172      171         0.62   3.1        -39.21    -15       DEND      0
   173      172         0.62   4.65       -42.31    -15       DEND      0
   174      173         0.62   7.749      -43.86    -15       DEND      0
   175      174         0.62   10.85      -44.48    -15       DEND      0
   176      175         0.62   13.95      -44.79    -15       DEND      0
   177      176         0.62   17.05      -45.41    -15       DEND      0
   178      177         0.62   20.15      -46.03    -15       DEND      0
   179      178         0.62   23.56      -45.41    -15       DEND      0
   180      179         0.62   26.04      -47.58    -14.5     DEND      0
   181      180       0.9299   28.83      -49.13    -14.5     DEND      0
   182      181       0.9299   31.93      -49.75    -14.5     DEND      0
   183      182       0.9299   35.34      -52.08    -14.5     DEND      0
   184      183         0.62   32.08      -56.88    -15       DEND      0
   185      184         0.62   32.24      -58.12    -15.6     DEND      0
   186      185         0.62   32.24      -61.22    -15.6     DEND      0
   187      186         0.62   31.93      -64.32    -15.6     DEND      0
   188      187         0.62   32.24      -65.56    -15       DEND      0
   189      188         0.62   35.65      -68.66    -15       DEND      0
   190      189         0.62   38.44      -71.76    -15       DEND      0
   191      190         0.62   40.61      -74.24    -14.5     DEND      0
   192      191         0.62   43.09      -76.41    -14.5     DEND      0
   193      192         0.62   44.64      -79.2     -14.5     DEND      0
   194      193        0.434   46.19      -82.3     -13.9     DEND      0
   195      172       0.9299   6.2        -35.49    -15       DEND      0
   196      195       0.9299   6.82       -32.39    -15       DEND      0
   197      196       0.9299   5.58       -29.6     -15       DEND      0
   198      197         0.62   4.03       -26.5     -15.6     DEND      0
   199      198         0.62   1.86       -24.02    -15       DEND      0
   200      196       0.9299   10.85      -31.15    -15       DEND      0
   201      200         0.62   13.95      -30.22    -15       DEND      0
   202      201         0.62   17.05      -29.29    -15       DEND      0
   203      202         0.62   16.43      -26.19    -15       DEND      0
   204      203         0.62   14.57      -23.71    -15       DEND      0
   205      204         0.62   12.71      -21.23    -15       DEND      0
   206      205         0.62   10.23      -19.06    -15       DEND      0
   207      206        0.434   8.679      -15.96    -15       DEND      0
   208      202         0.62   18.29      -31.77    -15       DEND      0
   209      208       0.9299   20.77      -33.63    -15       DEND      0
   210       33       0.9299   13.33      1.705     -13.9     DEND      0
   211      210       0.9299   15.81      -0.7749   -13.9     DEND      0
   212      211       0.9299   18.91      -0.465    -14.5     DEND      0
   213      212       0.9299   22.01      0.465     -14.5     DEND      0
   214      213       0.9299   25.73      0.9299    -14.5     DEND      0
   215      214       0.9299   28.36      1.395     -14.5     DEND      0
   216      215       0.9299   32.24      1.395     -15       DEND      0
   217      216         0.62   34.41      1.085     -15       DEND      0
   218      217         0.62   37.51      1.705     -15       DEND      0
   219      218         0.62   40.61      2.635     -14.5     DEND      0
   220      219        1.525   45.88      5.27      -14.5     DEND      0
   221      220         0.62   46.5       7.595     -13.9     DEND      0
   222      221         0.62   47.43      9.144     -13.9     DEND      0
   223      222       0.9299   49.29      11.62     -14.5     DEND      0
   224      223       0.9299   49.91      14.72     -14.5     DEND      0
   225      224       0.9299   50.22      17.82     -15       DEND      0
   226      225       0.9299   51.46      20.92     -15       DEND      0
   227      226       0.9299   53.63      24.49     -15       DEND      0
   228      227         0.62   55.8       25.26     -15       DEND      0
   229      228         0.62   58.28      27.12     -15       DEND      0
   230      229         0.62   59.83      29.91     -14.5     DEND      0
   231      230         0.62   61.38      33.01     -14.5     DEND      0
   232      231         0.62   61.38      36.11     -14.5     DEND      0
   233      232         0.62   61.38      39.21     -15       DEND      0
   234      233         0.62   63.24      41.69     -15       DEND      0
   235      234         0.62   66.03      43.86     -14.5     DEND      0
   236      235         0.62   66.65      46.96     -14.5     DEND      0
   237      236         0.62   68.2       50.06     -14.5     DEND      0
   238      237         0.62   70.37      52.54     -14.5     DEND      0
   239      238         0.62   73.47      53.78     -14.5     DEND      0
   240      239         0.62   76.26      55.33     -14.5     DEND      0
   241      240         0.62   79.35      55.64     -13.9     DEND      0
   242      241         0.62   82.76      55.95     -13.9     DEND      0
   243      242       0.9299   85.86      56.26     -13.9     DEND      0
   244      243         0.62   87.41      59.05     -13.9     DEND      0
   245      244         0.62   87.41      62.15     -13.9     DEND      0
   246      245         0.62   87.41      65.25     -13.9     DEND      0
   247      246         0.62   87.72      68.35     -13.9     DEND      0
   248      247       0.9299   90.82      69.59     -13.9     DEND      0
   249      248       0.9299   93.92      68.66     -14.5     DEND      0
   250      235         0.62   68.2       42        -14.5     DEND      0
   251      250       0.9299   70.99      40.14     -13.9     DEND      0
   252      251       0.9299   74.09      39.21     -13.9     DEND      0
   253      252         0.62   77.19      39.21     -14.5     DEND      0
   254      253         0.62   80.28      39.83     -14.5     DEND      0
   255      254         0.62   82.45      42.31     -14.5     DEND      0
   256      255         0.62   83.38      45.72     -13.9     DEND      0
   257      256         0.62   85.86      48.2      -13.9     DEND      0
   258      257         0.62   87.1       51.3      -13.9     DEND      0
   259      258         2.17   87.72      54.4      -13.9     DEND      0
   260      231         0.62   65.72      32.39     -14.5     DEND      0
   261      260         0.62   68.82      31.46     -14.5     DEND      0
   262      261         0.62   71.3       29.6      -14.5     DEND      0
   263      262         0.62   74.4       28.36     -14.5     DEND      0
   264      263         0.62   77.19      29.91     -14.5     DEND      0
   265      264         0.62   80.28      31.15     -14.5     DEND      0
   266      265         0.62   82.76      33.63     -14.5     DEND      0
   267      266         0.62   85.24      35.8      -14.5     DEND      0
   268      267         0.62   88.65      36.73     -13.9     DEND      0
   269      268       0.9299   91.75      37.66     -13.9     DEND      0
   270      269         0.62   95.16      37.35     -13.4     DEND      0
   271      270         0.62   98.26      36.73     -13.4     DEND      0
   272        0       0.9299   7.13       -7.595    -15.6     DENDP      0
   273      272       0.9299   9.144      -7.904    -15       DENDP      0
   274      273       0.9299   11.47      -11.47    -15       DENDP      0
   275      274         0.62   15.5       -11.78    -14.5     DEND      0
   276      275         0.62   18.91      -14.1     -14.5     DEND      0
   277      276       0.9299   22.01      -15.03    -14.5     DEND      0
   278      277       0.9299   24.8       -17.2     -13.9     DEND      0
   279      278         0.62   27.9       -18.44    -13.9     DEND      0
   280      279         0.62   30.69      -20.3     -13.4     DEND      0
   281      280         0.62   32.55      -22.78    -13.4     DEND      0
   282      281         0.62   35.03      -24.95    -13.4     DEND      0
   283      282       0.9299   38.13      -24.95    -13.4     DEND      0
   284      283       0.9299   41.23      -24.95    -13.9     DEND      0
   285      284         0.62   44.33      -25.26    -14.5     DEND      0
   286      285         0.62   46.5       -27.74    -14.5     DEND      0
   287      286         0.62   47.89      -30.22    -14.5     DEND      0
   288      287         0.62   51.77      -30.53    -14.5     DEND      0
   289      288         0.62   54.87      -29.91    -14.5     DEND      0
   290      289         0.62   56.26      -28.21    -14.5     DEND      0
   291      290         0.62   60.45      -31.77    -14.5     DEND      0
   292      291         0.62   62.93      -34.25    -14.5     DEND      0
   293      292         0.62   64.17      -37.35    -14.5     DEND      0
   294      293         0.62   65.41      -40.45    -14.5     DEND      0
   295      294         0.62   64.48      -43.24    -14.5     DEND      0
   296      295         0.62   62.93      -46.34    -14.5     DEND      0
   297      296         0.62   61.38      -49.13    -13.9     DEND      0
   298      297         0.62   60.76      -52.23    -13.9     DEND      0
   299      298         0.62   62.31      -55.33    -13.9     DEND      0
   300      299         0.62   62.93      -58.43    -13.9     DEND      0
   301      300         0.62   63.86      -61.53    -13.9     DEND      0
   302      301         0.62   64.48      -64.63    -13.9     DEND      0
   303      302         0.62   66.34      -67.73    -13.4     DEND      0
   304      303         0.62   68.51      -70.21    -13.4     DEND      0
   305      304         0.62   69.13      -74.09    -13.4     DEND      0
   306      188        1.141   28.83      -67.73    -15.6     DEND      0
   307      306        0.434   27.59      -70.83    -15.6     DEND      0
   308      307         1.86   27.9       -75.48    -15       DEND      0
   309      308       0.8059   26.35      -75.02    -15       DEND      0
   310      309        0.434   26.04      -80.44    -15       DEND      0
   311      310         0.62   26.19      -84.47    -15       DEND      0
   312      311         0.62   28.98      -86.02    -15       DEND      0
   313      312         0.62   31.31      -87.57    -15       DEND      0
   314      313        0.434   34.41      -86.95    -14.5     DEND      0
   315      312        0.434   30.38      -82.92    -15       DEND      0
   316      311       0.7172   22.63      -83.54    -15       DEND      0
   317      316        0.434   22.01      -78.89    -15       DEND      0
   318      316        1.534   18.29      -84.16    -14.5     DEND      0
   319      318       0.8069   17.67      -81.37    -14.5     DEND      0
   320      319        0.434   17.36      -78.27    -15       DEND      0
   321      318         0.62   18.29      -88.5     -14.5     DEND      0
   322      321         0.62   19.53      -91.6     -14.5     DEND      0
   323      184         0.62   28.21      -56.57    -15       DEND      0
   324      323         0.62   25.11      -56.57    -15       DEND      0
   325      324       0.9299   22.63      -54.71    -15       DEND      0
   326      325         0.62   20.15      -52.23    -15       DEND      0
   327      326        0.434   17.67      -50.06    -15       DEND      0
   328      179         0.62   23.87      -43.55    -15       DEND      0
   329      328         0.62   26.04      -41.07    -15.6     DEND      0
   330      329         0.62   27.9       -38.59    -15.6     DEND      0
   331      330         0.62   29.14      -35.65    -15.6     DEND      0
   332      331         0.62   33.17      -39.21    -15.6     DEND      0
   333      182         0.62   35.49      -44.48    -15       DEND      0
   334      333        0.434   39.21      -45.88    -15       DEND      0
   335      291         0.62   64.79      -31.77    -13.9     DEND      0
   336      335         0.62   67.27      -29.29    -13.9     DEND      0
   337      336         0.62   69.75      -26.81    -13.9     DEND      0
   338      337         0.62   72.23      -24.33    -13.9     DEND      0
   339      338       0.9299   74.09      -21.85    -13.9     DEND      0
   340      339       0.9299   77.19      -20.61    -13.9     DEND      0
   341      340       0.9299   81.99      -20.61    -14.5     DEND      0
   342      341       0.9299   81.83      -17.82    -14.5     DEND      0
   343      342         0.62   81.83      -14.72    -14.5     DEND      0
   344      343         0.62   79.97      -12.24    -14.5     DEND      0
   345      344         0.62   77.8       -9.764    -14.5     DEND      0
   346      345         0.62   74.71      -7.904    -13.9     DEND      0
   347      346         0.62   72.23      -5.425    -13.9     DEND      0
   348      347         0.62   70.99      -2.325    -13.9     DEND      0
   349      341         0.62   83.07      -21.85    -13.9     DEND      0
   350      349       0.9299   88.19      -24.49    -13.9     DEND      0
   351      350       0.9299   87.1       -26.81    -13.9     DEND      0
   352      351       0.9299   86.48      -29.91    -13.9     DEND      0
   353      352       0.9299   83.69      -31.46    -13.9     DEND      0
   354      353         0.62   79.97      -33.32    -13.9     DEND      0
   355      354         0.62   79.66      -36.11    -13.9     DEND      0
   356      355         0.62   79.66      -39.21    -14.5     DEND      0
   357      337         0.62   73.78      -31.15    -13.9     DEND      0
   358      357         0.62   75.64      -33.94    -13.9     DEND      0
   359      350        1.348   89.89      -22.78    -13.9     DEND      0
   360      359         0.62   91.13      -19.99    -14.5     DEND      0
   361      360         0.62   91.75      -16.58    -13.9     DEND      0
   362      361         0.62   92.06      -13.48    -13.9     DEND      0
   363      362         0.62   94.23      -10.38    -13.9     DEND      0
   364      294         0.62   68.51      -41.69    -15       DEND      0
   365      364         0.62   70.99      -43.55    -15       DEND      0
   366      365         0.62   74.09      -44.48    -15       DEND      0
   367      366         0.62   77.19      -45.41    -14.5     DEND      0
   368      367         0.62   80.28      -46.65    -14.5     DEND      0
   369      368         0.62   83.38      -47.27    -14.5     DEND      0
   370      369       0.9299   86.48      -47.27    -14.5     DEND      0
   371      370         0.62   90.2       -44.79    -15       DEND      0
   372      371       0.9299   94.23      -41.07    -15       DEND      0
   373      372       0.9299   94.85      -40.14    -15       DEND      0
   374      373       0.9299   97.33      -37.97    -15       DEND      0
   375      374       0.9299   98.57      -34.87    -15       DEND      0
   376      375       0.9299   98.57      -31.46    -14.5     DEND      0
   377      376         0.62   97.64      -28.05    -13.9     DEND      0
   378      377         0.62   99.5       -25.57    -13.9     DEND      0
   379      378         0.62   102.6      -24.64    -13.9     DEND      0
   380      379         0.62   105.7      -23.71    -13.9     DEND      0
   381      380         0.62   108.8      -22.78    -13.9     DEND      0
   382      381         0.62   111.6      -21.23    -13.9     DEND      0
   383      382         0.62   114.7      -21.54    -14.5     DEND      0
   384      383         0.62   117.8      -21.54    -14.5     DEND      0
   385      384         0.62   120.3      -19.06    -14.5     DEND      0
   386      385         0.62   122.8      -17.2     -14.5     DEND      0
   387      372       0.9299   97.02      -44.79    -15       DEND      0
   388      387         0.62   98.57      -47.58    -15.6     DEND      0
   389      388        0.434   100.1      -50.37    -15.6     DEND      0
   390      220         0.62   48.05      5.115     -13.9     DEND      0
   391      390       0.9299   50.84      6.665     -13.9     DEND      0
   392      391       0.9299   53.94      7.595     -14.5     DEND      0
   393      392         0.62   57.04      8.214     -14.5     DEND      0
   394      393         0.62   60.14      8.834     -14.5     DEND      0
   395      394         0.62   62.15      9.609     -13.9     DEND      0
   396      395         0.62   63.39      8.214     -13.9     DEND      0
   397      396         0.62   70.06      9.144     -13.4     DEND      0
   398      397         0.62   73.16      8.214     -12.8     DEND      0
   399      398       0.9299   76.26      6.82      -12.8     DEND      0
   400      399         0.62   80.59      2.635     -13.4     DEND      0
   401      400         0.62   82.76      0.465     -13.4     DEND      0
   402      401         0.62   87.41      -0.9299   -13.9     DEND      0
   403      402         1.86   87.1       1.085     -13.9     DEND      0
   404      403       0.9299   89.27      3.565     -13.9     DEND      0
   405      404       0.9299   92.37      4.185     -13.4     DEND      0
   406      405       0.9299   95.47      5.425     -13.4     DEND      0
   407      406         0.62   97.95      3.565     -13.4     DEND      0
   408      407         0.62   99.19      0.465     -13.4     DEND      0
   409      408         0.62   99.81      -2.635    -13.4     DEND      0
   410      409         0.62   101.7      -5.115    -13.4     DEND      0
   411      410         0.62   104.8      -6.045    -13.4     DEND      0
   412      411         0.62   107.9      -5.735    -13.4     DEND      0
   413      412         0.62   111        -6.355    -13.9     DEND      0
   414      413         0.62   114.1      -6.355    -13.9     DEND      0
   415      414         0.62   117.2      -6.975    -13.9     DEND      0
   416      415         0.62   120.3      -6.975    -13.9     DEND      0
   417      402       0.9299   90.05      -4.34     -13.9     DEND      0
   418      417         0.62   87.72      -7.285    -14.5     DEND      0
   419      399       0.9299   77.49      8.834     -13.4     DEND      0
   420      419       0.9299   78.73      11.62     -13.4     DEND      0
   421      420       0.9299   81.52      13.79     -13.9     DEND      0
   422      421         0.62   84         16.27     -13.9     DEND      0
   423      422         0.62   86.48      18.13     -13.9     DEND      0
   424      423       0.9299   89.89      17.51     -13.4     DEND      0
   425      424       0.9299   92.68      19.06     -13.4     DEND      0
   426      425       0.9299   93.61      22.16     -13.4     DEND      0
   427      423         0.62   86.48      20.92     -13.4     DEND      0
   428      427         0.62   85.86      24.02     -13.4     DEND      0
   429      428        0.434   86.48      27.12     -13.9     DEND      0
   430      429         0.62   89.58      28.98     -13.4     DEND      0
   431      430         0.62   92.06      29.14     -13.4     DEND      0
   432      431         0.62   93.77      24.8      -13.4     DEND      0
   433      432         0.62   100.4      27.74     -13.4     DEND      0
   434      433         0.62   103.5      27.43     -13.9     DEND      0
   435      434         0.62   106.6      27.12     -13.9     DEND      0
   436      435         0.62   110        27.43     -13.9     DEND      0
   437      436         0.62   112.5      29.6      -13.4     DEND      0
   438      437         0.62   113.8      32.7      -13.4     DEND      0
   439      438         0.62   115        35.8      -13.4     DEND      0
   440      439         0.62   116.6      38.59     -13.4     DEND      0
   441      440        0.434   115.6      41.69     -13.4     DEND      0
   442      407         0.62   98.57      6.355     -13.4     DEND      0
   443      442         0.62   101.7      7.904     -13.4     DEND      0
   444      443       0.9299   104.8      7.904     -13.4     DEND      0
   445      444         0.62   107.9      8.524     -13.4     DEND      0
   446      445         0.62   111        8.834     -13.4     DEND      0
   447       33       0.9299   14.26      4.805     -14.5     DEND      0
   448      447         0.62   17.67      6.045     -13.9     DEND      0
   449      448         0.62   20.77      7.904     -13.9     DEND      0
   450      449       0.9299   23.25      9.764     -13.9     DEND      0
   451      450       0.9299   26.04      11.31     -13.9     DEND      0
   452      451         0.62   29.14      11.31     -15       DEND      0
   453      452         0.62   32.24      12.55     -15       DEND      0
   454      453         0.62   35.34      12.86     -15       DEND      0
   455      454         0.62   39.68      12.09     -15       DEND      0
   456      455         0.62   41.07      10.85     -15       DEND      0
   457      456         0.62   44.95      4.65      -14.5     DEND      0
   458      457         0.62   46.5       0.62      -15       DEND      0
   459      458       0.9299   47.74      -2.325    -15       DEND      0
   460      459       0.9299   50.53      -4.185    -15       DEND      0
   461      460       0.9299   51.46      -7.285    -15       DEND      0
   462      211         1.24   15.19      -2.945    -14.5     DEND      0
   463      462         1.24   13.64      -5.735    -15       DEND      0
   464      463        1.295   13.33      -8.834    -15       DEND      0
   465      285       0.9299   45.88      -21.54    -14.5     DEND      0
   466      465       0.9299   46.81      -18.44    -14.5     DEND      0
   467      466         0.62   47.74      -15.34    -14.5     DEND      0
   468      467         0.62   48.36      -12.24    -14.5     DEND      0
   469      468         0.62   51.46      -11.31    -14.5     DEND      0
   470      469         0.62   54.87      -10.38    -14.5     DEND      0
   471      470         0.62   57.35      -8.214    -13.9     DEND      0
   472      471         0.62   60.14      -6.665    -14.5     DEND      0
   473      472       0.9299   63.24      -5.425    -14.5     DEND      0
   474      473       0.9299   63.55      -2.325    -14.5     DEND      0
   475      474         0.62   63.55      0.7749    -14.5     DEND      0
   476      475         0.62   63.55      3.875     -13.9     DEND      0
   477      476         1.24   63.55      6.975     -13.9     DEND      0
   478      468         0.62   44.02      -11.93    -14.5     DEND      0
   479      478       0.9299   40.92      -11.93    -14.5     DEND      0
   480      479       0.9299   39.06      -14.72    -15       DEND      0
   481      480        0.434   39.68      -17.82    -15       DEND      0
   482       44         0.62   26.66      40.14     -13.4     DEND      0
   483      482       0.9299   29.76      40.76     -13.9     DEND      0
   484      483       0.9299   32.55      42.31     -15       DEND      0
   485      484         0.62   35.65      43.24     -15       DEND      0
   486      485         0.62   38.13      45.1      -15       DEND      0
   487      486         1.86   41.23      46.65     -14.5     DEND      0
   488      487         1.86   43.71      49.13     -14.5     DEND      0
   489      488       0.9299   46.81      50.37     -14.5     DEND      0
   490      489         0.62   48.36      48.2      -14.5     DEND      0
   491      490         0.62   50.84      46.34     -15       DEND      0
   492      491         0.62   53.94      46.96     -15       DEND      0
   493      227       0.9299   52.08      28.05     -14.5     DEND      0
   494      493         1.24   48.67      33.01     -15       DEND      0
   495      494         0.62   49.91      35.8      -15       DEND      0
   496      495         0.62   52.39      38.28     -15       DEND      0
   497      496         0.62   54.56      40.45     -15       DEND      0
   498      497         0.62   56.11      43.24     -15       DEND      0
   499      498         0.62   56.42      46.65     -15       DEND      0
   500      451       0.9299   25.42      14.72     -14.5     DEND      0
   501      500       0.9299   26.04      17.82     -14.5     DEND      0
   502      494         0.62   44.95      34.56     -15.6     DEND      0
   503      502         0.62   42.47      36.73     -15.6     DEND      0
   504      503         0.62   42.16      40.14     -15.6     DEND      0
   505      504         0.62   42.16      43.24     -15       DEND      0
   506      454         0.62   34.1       15.65     -15.6     DEND      0
   507      506         0.62   32.55      18.75     -15.6     DEND      0
   508      507         0.62   30.69      21.54     -15       DEND      0
   509      508       0.9299   29.14      25.73     -15       DEND      0
   510      509         1.55   32.55      26.81     -15.6     DEND      0
   511      510       0.9299   31.93      30.22     -15       DEND      0
   512      511         0.62   31.93      33.32     -15       DEND      0
   513      512         0.62   31         36.42     -13.9     DEND      0
   514      510         0.62   35.96      27.12     -15.6     DEND      0
   515      514         0.62   37.51      29.91     -15.6     DEND      0
   516      515       0.9299   39.21      32.39     -15.6     DEND      0
   517      516       0.9299   40.61      35.49     -15.6     DEND      0
   518      516       0.9299   40.61      30.84     -15.6     DEND      0
   519      518       0.9299   43.09      33.32     -15.6     DEND      0
   520      518       0.9299   42.47      28.36     -16.2     DEND      0
   521      484         0.62   32.24      44.17     -15.6     DEND      0
   522      521         0.62   30.38      46.65     -15.6     DEND      0
   523      522         0.62   29.76      49.75     -15.6     DEND      0
   524      523         0.62   29.45      52.85     -15       DEND      0
   525      486         0.62   38.13      49.13     -15       DEND      0
   526      525         0.62   37.82      52.23     -15       DEND      0
   527      526         0.62   36.58      55.33     -14.5     DEND      0
   528      527         0.62   34.72      58.12     -14.5     DEND      0
   529      528         0.62   31.62      58.12     -14.5     DEND      0
   530      529         0.62   28.52      58.43     -13.9     DEND      0
   531      489         0.62   45.88      53.47     -14.5     DEND      0
   532      531       0.9299   45.26      56.57     -14.5     DEND      0
   533      532         0.62   44.64      59.67     -14.5     DEND      0
   534      533         0.62   41.23      59.98     -14.5     DEND      0
   535      534         0.62   39.37      62.46     -14.5     DEND      0
   536      535         0.62   38.13      65.56     -14.5     DEND      0
   537      536         0.62   38.44      68.97     -13.9     DEND      0
   538      537         0.62   39.99      71.76     -13.9     DEND      0
   539      538         0.62   41.54      74.55     -13.9     DEND      0
   540      539        0.434   41.54      77.65     -13.9     DEND      0
   541      533         0.62   45.26      62.77     -14.5     DEND      0
   542      541         0.62   45.57      65.87     -14.5     DEND      0
   543      542         0.62   46.19      68.97     -14.5     DEND      0
   544      543         0.62   48.36      71.45     -14.5     DEND      0
   545      544         1.24   51.46      72.07     -14.5     DEND      0
   546      545       0.9299   54.25      74.24     -14.5     DEND      0
   547      546       0.9299   55.49      77.34     -14.5     DEND      0
   548      547         0.62   54.87      80.44     -13.9     DEND      0
   549      548         0.62   54.87      83.54     -14.5     DEND      0
   550      549         0.62   53.63      86.64     -14.5     DEND      0
   551      228       0.9299   57.35      23.4      -14.5     DEND      0
   552      551       0.9299   60.14      21.54     -14.5     DEND      0
   553      552         0.62   62.93      19.99     -14.5     DEND      0
   554      553       0.9299   66.34      19.99     -14.5     DEND      0
   555      554         0.62   69.44      18.75     -14.5     DEND      0
   556      555         0.62   72.54      17.82     -14.5     DEND      0
   557      556         0.62   75.64      17.51     -14.5     DEND      0
   558      552       0.9299   58.28      19.37     -14.5     DEND      0
   559      558         0.62   57.97      16.27     -14.5     DEND      0
   560      559         0.62   60.45      14.41     -14.5     DEND      0
   561      558        0.434   56.11      15.96     -14.5     DEND      0
   562      545        1.154   53.01      68.66     -15       DEND      0
   563      562       0.9299   54.87      66.18     -15.6     DEND      0
   564      563         0.62   59.83      66.49     -15.6     DEND      0
   565      564       0.9299   62.31      68.35     -15.6     DEND      0
   566      565       0.9299   63.55      71.45     -15.6     DEND      0
   567      566       0.9299   64.17      74.86     -15       DEND      0
   568      567         0.62   64.48      77.96     -15       DEND      0
   569      568         0.62   64.17      81.06     -14.5     DEND      0
   570      569        0.434   64.17      84.16     -14.5     DEND      0
   571      563         0.62   54.25      62.15     -15       DEND      0
   572      571        0.434   51.77      59.98     -15       DEND      0
   573      509       0.9299   27.12      27.59     -13.9     DEND      0
   574      573       0.9299   23.25      28.67     -13.4     DEND      0
   575      574         0.62   19.84      28.67     -12.8     DEND      0
   576      575         0.62   17.36      26.81     -12.2     DEND      0
   577      576         0.62   15.19      29.29     -12.2     DEND      0
   578      577         0.62   15.19      32.39     -12.8     DEND      0
   579      578         0.62   13.95      35.49     -12.8     DEND      0
   580      579         0.62   14.26      38.28     -12.8     DEND      0
   581      580         0.62   13.33      41.07     -15       DEND      0
   582      581       0.9299   13.64      44.17     -15       DEND      0
   583      582       0.9299   13.64      47.27     -15       DEND      0
   584      583         0.62   13.64      50.37     -15       DEND      0
   585      584         0.62   12.71      53.47     -15       DEND      0
   586      585         0.62   13.33      56.57     -15       DEND      0
   587       53         0.62   21.08      62.15     -14.5     DEND      0
   588      587         0.62   17.98      62.77     -15       DEND      0
   589      588         0.62   16.12      65.25     -15       DEND      0
   590      589        0.434   14.26      68.04     -15       DEND      0
   591      132         0.62   22.32      81.06     -14.5     DEND      0
   592      591       0.9299   19.53      79.51     -15       DEND      0
   593      592       0.9299   18.29      82.61     -15       DEND      0
   594      593         0.62   16.74      85.71     -14.5     DEND      0
   595      592       0.9299   22.01      76.72     -14.5     DEND      0
   596      493       0.9299   53.94      30.53     -15       DEND      0
   597      596         0.62   55.49      33.32     -15       DEND      0
   598      597         0.62   56.42      36.42     -15       DEND      0
   599      598         0.62   58.28      39.21     -15       DEND      0
   600      599         0.62   59.21      42.31     -15       DEND      0
   601      600         0.62   59.21      45.41     -15       DEND      0
   602      601         0.62   58.9       48.51     -15       DEND      0
   603      602         0.62   59.52      51.61     -14.5     DEND      0
   604      603         0.62   60.45      54.71     -15       DEND      0
   605      604       0.9299   61.38      57.81     -15       DEND      0
   606      605       0.9299   63.24      60.29     -15.6     DEND      0
   607      606         0.62   64.79      63.08     -15.6     DEND      0
   608      607         0.62   67.89      64.01     -15.6     DEND      0
   609      608         0.62   71.3       64.94     -15       DEND      0
   610      609         0.62   73.47      67.42     -15       DEND      0
   611      610         0.62   73.78      70.52     -15.6     DEND      0
   612      611         0.62   74.4       73.62     -15.6     DEND      0
   613      612         0.62   75.95      76.41     -15.6     DEND      0
   614      613         0.62   76.57      79.51     -15.6     DEND      0
   615      614       0.9299   78.11      82.3      -15.6     DEND      0
   616      615         0.62   81.21      81.06     -15       DEND      0
   617      616         0.62   84.31      80.44     -15       DEND      0
   618      617         0.62   87.72      80.44     -14.5     DEND      0
   619      618         0.62   88.96      80.75     -14.5     DEND      0
   620      619         0.62   92.06      79.51     -14.5     DEND      0
   621      620       0.9299   95.16      79.2      -14.5     DEND      0
   622      621       0.9299   98.26      79.82     -14.5     DEND      0
   623      622         0.62   99.81      82.92     -14.5     DEND      0
   624      623         0.62   100.1      86.33     -13.9     DEND      0
   625      624         0.62   99.81      89.43     -13.9     DEND      0
   626      625         0.62   102        91.91     -14.5     DEND      0
   627      626       0.9299   102.6      95.01     -14.5     DEND      0
   628      619         1.24   90.82      84.16     -14.5     DEND      0
   629      628        0.434   91.75      87.26     -14.5     DEND      0
   630      620         0.62   91.13      76.41     -14.5     DEND      0
   631      290       0.9299   55.02      -25.42    -14.5     DEND      0
   632      631        0.434   51.3       -24.64    -14.5     DEND      0
   633      287        1.209   45.88      -33.32    -14.5     DEND      0
   634      633       0.7738   43.09      -33.94    -15       DEND      0
   635      634        0.434   39.99      -33.94    -15       DEND      0
   636      339         0.62   71.61      -17.2     -13.9     DEND      0
   637      636        0.434   70.68      -14.1     -13.9     DEND      0
   638        0         0.62   -4.65      6.045     -15       DENDP      0
   639      638         0.62   -6.51      8.834     -14.5     DENDP      0
   640      639         0.62   -8.369     11.62     -14.5     DENDP      0
   641      640         0.62   -9.299     14.72     -14.5     DEND      0
   642      641         0.62   -9.299     17.82     -15       DEND      0
   643      642         0.62   -9.299     20.92     -15       DEND      0
   644      643         0.62   -8.989     24.02     -15       DEND      0
   645      644        1.974   -8.679     27.12     -15       DEND      0
   646      645       0.6091   -7.44      30.53     -15       DEND      0
   647      646         1.55   -5.89      34.25     -13.9     DEND      0
   648      647         1.55   -4.96      36.73     -13.4     DEND      0
   649      648         0.62   -5.58      39.83     -13.4     DEND      0
   650      649        0.434   -5.58      42.93     -13.4     DEND      0
   651       37         1.24   17.05      19.99     -19       DEND      0
   652      651         1.24   19.22      22.47     -19.5     DEND      0
   653      652       0.9299   21.39      24.64     -20.1     DEND      0
   654      653         1.24   26.04      23.09     -20.6     DEND      0
   655      654         1.24   29.14      24.02     -21.8     DEND      0
   656      655       0.9299   33.63      25.88     -21.8     DEND      0
   657      656         1.24   34.1       28.36     -21.8     DEND      0
   658      657       0.9299   35.65      31.15     -21.8     DEND      0
   659      658       0.9299   37.2       34.25     -21.2     DEND      0
   660      659         0.62   39.06      37.04     -21.2     DEND      0
   661      660         0.62   39.68      40.14     -20.6     DEND      0
   662      661         0.62   42.78      41.07     -21.2     DEND      0
   663      662         0.62   45.88      40.14     -21.2     DEND      0
   664      663       0.9299   48.98      40.14     -21.8     DEND      0
   665      664       0.9299   51.77      41.69     -21.2     DEND      0
   666      665       0.9299   54.25      43.55     -21.2     DEND      0
   667      666       0.9299   56.73      46.96     -21.2     DEND      0
   668      667         0.62   58.59      49.13     -20.6     DEND      0
   669      668         0.62   60.76      51.61     -20.6     DEND      0
   670      669         0.62   63.86      52.23     -20.1     DEND      0
   671      670       0.9299   66.65      54.09     -20.6     DEND      0
   672      671       0.9299   69.13      56.26     -20.1     DEND      0
   673      672         0.62   71.92      58.43     -20.1     DEND      0
   674      673         0.62   75.02      58.74     -20.1     DEND      0
   675      674         0.62   78.11      58.74     -20.1     DEND      0
   676      675         0.62   81.21      57.5      -20.1     DEND      0
   677      676         0.62   84.31      58.12     -19.5     DEND      0
   678      677         0.62   87.72      57.81     -19.5     DEND      0
   679      678         0.62   90.51      56.57     -19.5     DEND      0
   680      679         0.62   93.61      56.26     -20.1     DEND      0
   681      680         0.62   96.4       54.71     -20.1     DEND      0
   682      665         2.17   58.28      42.93     -21.2     DEND      0
   683      682         0.62   61.07      44.79     -21.2     DEND      0
   684      683         0.62   64.17      45.72     -20.6     DEND      0
   685      684         0.62   67.27      45.72     -20.6     DEND      0
   686      685         0.62   70.06      43.55     -20.1     DEND      0
   687      686         0.62   73.16      42.62     -20.1     DEND      0
   688      687         0.62   75.02      40.14     -20.1     DEND      0
   689      688         0.62   75.02      37.04     -20.1     DEND      0
   690      689         0.62   75.33      33.94     -20.1     DEND      0
   691      690         0.62   77.8       32.08     -20.1     DEND      0
   692      691         0.62   80.9       32.08     -20.1     DEND      0
   693      692         0.62   84         32.08     -20.1     DEND      0
   694      693       0.9299   89.74      30.53     -20.1     DEND      0
   695      694       0.9299   91.75      32.7      -19.5     DEND      0
   696      695         0.62   93.61      30.84     -19.5     DEND      0
   697      696         0.62   96.71      32.08     -19.5     DEND      0
   698      697         0.62   99.5       30.84     -20.6     DEND      0
   699      698         0.62   102.6      30.22     -20.6     DEND      0
   700      699         0.62   106        30.84     -20.1     DEND      0
   701      700         0.62   108.8      32.7      -19.5     DEND      0
   702      701         0.62   111.6      34.25     -19.5     DEND      0
   703      702         0.62   114.1      36.42     -20.1     DEND      0
   704      703         0.62   116.9      37.97     -20.1     DEND      0
   705      704         0.62   120        36.73     -20.1     DEND      0
   706      705         0.62   122.4      34.25     -20.1     DEND      0
   707      706       0.9299   124.3      31.77     -20.1     DEND      0
   708      707       0.9299   126.2      29.29     -20.1     DEND      0
   709      272         0.62   9.609      -9.764    -20.6     DEND      0
   710      709         0.62   9.299      -12.86    -20.6     DEND      0
   711      710       0.9299   10.85      -15.65    -20.6     DEND      0
   712      711       0.9299   13.33      -18.13    -20.6     DEND      0
   713      712       0.9299   16.12      -19.68    -20.6     DEND      0
   714      713         0.62   19.22      -20.92    -20.6     DEND      0
   715      714         0.62   22.32      -20.3     -20.6     DEND      0
   716      715         0.62   24.8       -18.13    -20.6     DEND      0
   717      716         0.62   27.59      -19.68    -21.2     DEND      0
   718      717         0.62   29.45      -22.16    -20.6     DEND      0
   719      718         0.62   31         -24.95    -20.6     DEND      0
   720      719         0.62   33.79      -26.5     -20.6     DEND      0
   721      720         0.62   36.58      -28.05    -20.6     DEND      0
   722      721       0.9299   39.06      -30.53    -20.6     DEND      0
   723      722         0.62   41.85      -32.39    -20.6     DEND      0
   724      723         0.62   44.95      -32.39    -20.6     DEND      0
   725      724         0.62   47.43      -34.56    -20.6     DEND      0
   726      725         0.62   49.91      -36.73    -20.6     DEND      0
   727      726         0.62   51.61      -35.96    -20.1     DEND      0
   728      727         0.62   49.6       -40.3     -20.1     DEND      0
   729      728         0.62   51.77      -41.38    -20.6     DEND      0
   730      729         0.62   51.15      -49.44    -20.6     DEND      0
   731      730         0.62   52.39      -52.54    -20.6     DEND      0
   732      731         0.62   54.87      -54.4     -20.6     DEND      0
   733      732         0.62   56.73      -56.88    -20.6     DEND      0
   734      733         0.62   57.97      -59.98    -20.6     DEND      0
   735      734         0.62   57.66      -63.08    -20.6     DEND      0
   736      735         0.62   56.73      -66.18    -20.1     DEND      0
   737      736        0.434   56.73      -69.28    -21.2     DEND      0
   738      737        0.434   57.97      -72.38    -21.2     DEND      0
   739      716         0.62   26.5       -13.17    -21.2     DEND      0
   740      739         0.62   31.93      -16.89    -21.2     DEND      0
   741      740         0.62   35.34      -17.82    -21.2     DEND      0
   742      741         1.55   38.44      -16.58    -20.6     DEND      0
   743      742         0.62   41.54      -15.96    -20.6     DEND      0
   744      743         0.62   44.64      -16.58    -20.6     DEND      0
   745      744         0.62   47.12      -18.44    -20.6     DEND      0
   746      745         0.62   49.91      -19.99    -20.6     DEND      0
   747      746         0.62   52.7       -21.54    -20.6     DEND      0
   748      747         0.62   54.87      -24.02    -20.6     DEND      0
   749      748         0.62   57.97      -24.95    -20.1     DEND      0
   750      749         0.62   60.45      -27.12    -20.1     DEND      0
   751      750         0.62   62.93      -29.6     -20.1     DEND      0
   752      751         0.62   66.34      -30.84    -20.1     DEND      0
   753      752         0.62   69.44      -29.91    -19.5     DEND      0
   754      753         0.62   72.54      -29.29    -19.5     DEND      0
   755      754         0.62   75.33      -30.84    -19.5     DEND      0
   756      755         0.62   78.42      -30.84    -20.1     DEND      0
   757      756         0.62   80.9       -32.7     -20.1     DEND      0
   758      757         0.62   83.38      -34.87    -20.1     DEND      0
   759      758         0.62   86.48      -34.56    -20.6     DEND      0
   760      759         0.62   88.03      -31.77    -20.6     DEND      0
   761      760         0.62   88.65      -28.67    -20.6     DEND      0
   762      761         0.62   91.13      -26.5     -20.1     DEND      0
   763      762         0.62   94.23      -26.19    -20.1     DEND      0
   764      654       0.9299   27.9       19.06     -20.6     DEND      0
   765      764       0.9299   27.9       15.96     -21.2     DEND      0
   766      765       0.9299   29.14      13.17     -21.2     DEND      0
   767      766       0.9299   31.62      11        -21.2     DEND      0
   768      767         0.62   34.1       9.144     -21.8     DEND      0
   769      768         0.62   37.2       8.834     -21.2     DEND      0
   770      769         0.62   40.3       8.524     -21.2     DEND      0
   771      770       0.9299   41.23      8.369     -20.6     DEND      0
   772      771       0.9299   46.5       5.27      -20.6     DEND      0
   773      772       0.9299   47.12      1.705     -20.6     DEND      0
   774      773         0.62   46.81      -1.395    -21.2     DEND      0
   775      774         0.62   45.88      -4.495    -21.2     DEND      0
   776      775         0.62   43.4       -6.665    -21.2     DEND      0
   777      776         1.24   41.54      -9.454    -20.6     DEND      0
   778      777         2.48   40.92      -12.55    -20.6     DEND      0
   779      771         0.62   43.09      11.47     -20.6     DEND      0
   780      779         0.62   46.81      12.86     -20.6     DEND      0
   781      780         0.62   49.29      15.03     -20.6     DEND      0
   782      781         0.62   49.91      18.13     -20.6     DEND      0
   783      782         0.62   51.77      20.61     -21.2     DEND      0
   784      783       0.9299   54.25      23.09     -21.2     DEND      0
   785      784       0.9299   57.04      24.95     -21.2     DEND      0
   786      785       0.9299   57.04      28.05     -21.2     DEND      0
   787      786       0.9299   57.35      31.15     -21.2     DEND      0
   788      787       0.9299   58.28      34.25     -20.6     DEND      0
   789      788       0.9299   60.76      36.42     -20.6     DEND      0
   790      789         0.62   61.69      36.42     -20.6     DEND      0
   791      790         0.62   63.55      31.46     -20.1     DEND      0
   792      791         0.62   65.41      28.67     -20.1     DEND      0
   793      792         0.62   66.96      25.88     -20.1     DEND      0
   794      793         0.62   70.06      25.26     -20.1     DEND      0
   795      794         0.62   72.54      27.43     -20.1     DEND      0
   796      795         0.62   75.02      25.26     -20.1     DEND      0
   797      796         0.62   76.88      22.78     -20.1     DEND      0
   798      797         0.62   79.97      22.47     -20.1     DEND      0
   799      798         0.62   83.07      23.09     -20.1     DEND      0
   800      799         0.62   86.48      24.02     -19.5     DEND      0
   801      800         0.62   88.96      21.54     -19.5     DEND      0
   802      801         0.62   90.82      19.06     -19.5     DEND      0
   803      802         0.62   93.3       17.2      -20.1     DEND      0
   804      803         0.62   95.78      14.72     -20.1     DEND      0
   805      804         0.62   97.64      12.24     -20.1     DEND      0
   806      805         0.62   100.1      9.764     -20.1     DEND      0
   807      806         0.62   102.6      7.285     -20.1     DEND      0
   808      807         0.62   105.7      6.045     -20.1     DEND      0
   809      695       0.9299   91.75      36.42     -20.1     DEND      0
   810      809         0.62   92.68      39.52     -20.1     DEND      0
   811      810         0.62   95.47      40.76     -19.5     DEND      0
   812      811         0.62   98.57      42        -19.5     DEND      0
   813      812        0.434   99.5       44.95     -19.5     DEND      0
   814      813         0.62   101.1      49.44     -19.5     DEND      0
   815      814        0.434   103.5      51.3      -19.5     DEND      0
   816      687       0.9299   77.19      44.79     -20.1     DEND      0
   817      816       0.9299   79.04      47.27     -20.1     DEND      0
   818      817       0.9299   80.28      50.37     -20.1     DEND      0
   819      818       0.9299   82.76      52.54     -20.1     DEND      0
   820      819         0.62   86.17      52.23     -19.5     DEND      0
   821      820         0.62   88.96      50.37     -19.5     DEND      0
   822      817         0.62   82.14      45.41     -20.1     DEND      0
   823      822       0.9299   83.69      42.31     -20.1     DEND      0
   824      790         0.62   64.48      37.35     -20.6     DEND      0
   825      824         0.62   67.58      37.04     -20.6     DEND      0
   826      825        0.434   70.37      35.49     -20.6     DEND      0
   827      785         0.62   60.45      21.85     -20.6     DEND      0
   828      827         0.62   61.07      18.75     -20.6     DEND      0
   829      828         0.62   64.48      19.37     -20.6     DEND      0
   830      829         0.62   67.89      19.37     -20.1     DEND      0
   831      830       0.9299   70.68      17.82     -20.1     DEND      0
   832      831       0.9299   72.23      15.03     -20.1     DEND      0
   833      832         0.62   74.4       12.55     -20.1     DEND      0
   834      833         0.62   77.49      11.93     -20.1     DEND      0
   835      834        0.434   80.59      11.62     -20.1     DEND      0
   836      721         0.62   38.75      -22.78    -20.6     DEND      0
   837      836         0.62   42.16      -22.16    -20.6     DEND      0
   838      837         0.62   44.02      -19.68    -20.6     DEND      0
   839      838         0.62   45.26      -16.58    -20.6     DEND      0
   840      839       0.9299   47.43      -14.1     -20.6     DEND      0
   841      840         0.62   49.6       -11.62    -20.6     DEND      0
   842      841         0.62   52.7       -10.07    -20.6     DEND      0
   843      842         0.62   54.25      -7.285    -20.6     DEND      0
   844      843         0.62   54.87      -4.185    -20.6     DEND      0
   845      844         0.62   54.87      -1.085    -20.6     DEND      0
   846      845         0.62   56.42      1.705     -20.6     DEND      0
   847      846         0.62   59.52      2.945     -20.6     DEND      0
   848      847         0.62   62         1.085     -20.6     DEND      0
   849      848         0.62   65.1       2.015     -20.6     DEND      0
   850      849       0.9299   68.2       3.875     -20.1     DEND      0
   851      850         0.62   71.3       4.495     -20.1     DEND      0
   852      851         0.62   73.78      6.355     -20.1     DEND      0
   853      852         0.62   77.19      6.045     -19.5     DEND      0
   854      853         0.62   79.66      4.185     -19.5     DEND      0
   855      854         0.62   82.14      1.705     -19.5     DEND      0
   856      855         0.62   83.07      -1.395    -19.5     DEND      0
   857      856         0.62   82.76      -4.495    -19.5     DEND      0
   858      843         0.62   58.59      -9.454    -20.6     DEND      0
   859      858         0.62   61.69      -10.38    -20.6     DEND      0
   860      859         0.62   64.17      -12.86    -20.6     DEND      0
   861      860         0.62   66.34      -15.34    -20.6     DEND      0
   862      861         0.62   69.44      -15.03    -20.1     DEND      0
   863      862         0.62   71.92      -17.2     -20.1     DEND      0
   864      863         0.62   75.02      -17.82    -20.1     DEND      0
   865      864         0.62   78.11      -18.13    -20.1     DEND      0
   866      865         0.62   81.21      -17.51    -20.1     DEND      0
   867      866       0.9299   83.38      -15.03    -19.5     DEND      0
   868      867       0.9299   85.55      -12.55    -19.5     DEND      0
   869      868         0.62   88.65      -12.86    -19.5     DEND      0
   870      862        0.434   68.82      -12.24    -20.1     DEND      0
   871      870        0.434   69.13      -9.144    -20.1     DEND      0
   872      841       0.9299   48.98      -8.834    -20.6     DEND      0
   873      872        0.434   48.98      -5.735    -20.6     DEND      0
   874      753        0.434   67.89      -35.18    -20.1     DEND      0
   875      874         0.62   68.82      -38.28    -20.1     DEND      0
   876      875         0.62   69.44      -41.38    -20.1     DEND      0
   877      876         0.62   70.68      -46.34    -20.6     DEND      0
   878      877         0.62   69.44      -47.43    -20.6     DEND      0
   879      878         0.62   67.89      -49.75    -20.6     DEND      0
   880      879         0.62   66.65      -52.85    -21.2     DEND      0
   881      880         0.62   66.65      -55.95    -21.2     DEND      0
   882      881         0.62   66.65      -59.05    -21.2     DEND      0
   883      882        0.434   66.34      -62.15    -21.2     DEND      0
   884      773         0.62   47.74      6.045     -20.1     DEND      0
   885      884         0.62   50.22      7.904     -20.1     DEND      0
   886      885         0.62   53.32      7.904     -20.1     DEND      0
   887      886         0.62   56.42      8.834     -20.1     DEND      0
   888      887        0.434   59.52      10.38     -20.6     DEND      0
   889      847       0.9299   61.69      6.975     -20.6     DEND      0
   890      889        0.434   62.93      10.07     -20.1     DEND      0
   891      739         0.62   29.45      -11.31    -21.2     DEND      0
   892      891         0.62   32.24      -9.764    -21.2     DEND      0
   893      892         0.62   34.72      -7.904    -21.2     DEND      0
   894      893         0.62   37.51      -6.355    -20.6     DEND      0
   895      894         0.62   36.89      -3.255    -21.2     DEND      0
   896      895         0.62   37.2       -0.155    -21.2     DEND      0
   897      896         0.62   37.2       2.945     -21.8     DEND      0
   898      897         0.62   37.2       6.045     -21.2     DEND      0
   899      739         0.62   22.94      -10.38    -21.8     DEND      0
   900      899         0.62   21.08      -7.595    -21.8     DEND      0
   901      900         0.62   23.25      -5.115    -21.8     DEND      0
   902      901         0.62   25.42      -2.945    -21.8     DEND      0
   903      902         0.62   26.97      -0.155    -22.3     DEND      0
   904      903         0.62   26.97      2.945     -21.8     DEND      0
   905      904        0.434   27.9       6.045     -21.8     DEND      0
   906      779         0.62   41.07      16.12     -21.2     DEND      0
   907      906         0.62   39.68      19.06     -21.8     DEND      0
   908      907         0.62   37.82      21.54     -21.8     DEND      0
   909      908         0.62   35.96      24.02     -21.8     DEND      0
   910      783         0.62   49.6       22.47     -21.2     DEND      0
   911      910         0.62   47.12      24.33     -21.2     DEND      0
   912      911        0.434   44.64      26.5      -21.2     DEND      0
   913      653         0.62   22.32      26.81     -20.1     DEND      0
   914      913         0.62   23.56      30.53     -20.1     DEND      0
   915      914         0.62   23.87      33.63     -20.1     DEND      0
   916      915       0.9299   23.87      36.73     -20.1     DEND      0
   917      916       0.9299   23.87      39.83     -20.1     DEND      0
   918      917         0.62   26.35      42.31     -20.6     DEND      0
   919      918         0.62   27.9       45.41     -20.6     DEND      0
   920      919         0.62   29.45      48.2      -20.6     DEND      0
   921      920         0.62   28.52      51.3      -20.6     DEND      0
   922      921         0.62   27.59      54.4      -20.6     DEND      0
   923      922         0.62   27.59      57.5      -20.6     DEND      0
   924      923         1.24   28.21      60.6      -20.6     DEND      0
   925      924         1.24   33.48      60.6      -20.6     DEND      0
   926      925         0.62   36.58      61.84     -20.6     DEND      0
   927      926         0.62   38.44      59.05     -20.1     DEND      0
   928      927         0.62   38.75      55.95     -20.1     DEND      0
   929      928         0.62   38.44      52.85     -20.1     DEND      0
   930      929         0.62   37.51      51.61     -20.6     DEND      0
   931      930       0.9299   38.75      46.65     -20.6     DEND      0
   932      931         1.24   41.54      44.79     -20.6     DEND      0
   933      930        0.434   34.41      52.85     -20.6     DEND      0
   934      667         0.62   54.25      48.51     -20.6     DEND      0
   935      934       0.9299   51.15      49.75     -20.6     DEND      0
   936      935       0.9299   48.36      51.3      -20.6     DEND      0
   937      936       0.9299   46.5       53.78     -20.6     DEND      0
   938      937         0.62   45.88      56.88     -20.6     DEND      0
   939      938         0.62   46.19      59.98     -20.6     DEND      0
   940      939         0.62   46.81      63.08     -20.6     DEND      0
   941      940         0.62   46.81      66.18     -20.6     DEND      0
   942      941       0.9299   47.74      69.28     -20.6     DEND      0
   943      942         1.24   47.74      72.38     -20.6     DEND      0
   944      943       0.9299   48.05      75.48     -20.6     DEND      0
   945      944         0.62   46.81      78.58     -20.6     DEND      0
   946      669       0.9299   60.45      58.12     -20.1     DEND      0
   947      946       0.9299   60.45      61.22     -20.6     DEND      0
   948      947       0.9299   61.69      64.32     -20.6     DEND      0
   949      948       0.9299   63.24      67.11     -20.6     DEND      0
   950      949       0.9299   63.24      70.21     -20.6     DEND      0
   951      950       0.9299   63.24      73.31     -20.6     DEND      0
   952      951         0.62   61.69      76.1      -20.6     DEND      0
   953      952        0.434   61.38      79.51     -20.6     DEND      0
   954      947       0.9299   57.04      64.01     -20.1     DEND      0
   955      954         0.62   55.64      67.42     -20.1     DEND      0
   956      955         0.62   56.73      70.52     -20.1     DEND      0
   957      956        0.434   57.97      73.31     -20.1     DEND      0
   958      954         0.62   55.49      63.39     -20.1     DEND      0
   959      958        0.434   52.08      64.32     -20.1     DEND      0
   960      951         0.62   66.65      72.38     -20.6     DEND      0
   961      960         0.62   69.75      72.38     -21.2     DEND      0
   962      961         0.62   72.85      73.31     -21.2     DEND      0
   963      962         0.62   75.95      73.93     -21.2     DEND      0
   964      963       0.9299   78.73      75.48     -21.2     DEND      0
   965      964         0.62   81.52      77.65     -20.6     DEND      0
   966      965       0.9299   83.38      80.44     -20.6     DEND      0
   967      966       0.9299   86.48      82.3      -20.6     DEND      0
   968      967       0.9299   89.27      83.54     -20.6     DEND      0
   969      968         0.62   92.37      84.16     -20.6     DEND      0
   970      969         0.62   95.47      84.16     -20.6     DEND      0
   971      970         0.62   98.57      84.16     -20.6     DEND      0
   972      971       0.9299   101.7      84.47     -20.1     DEND      0
   973      972         0.62   104.2      86.64     -20.1     DEND      0
   974      973         0.62   107.3      86.64     -20.1     DEND      0
   975      974         0.62   109.7      84.78     -20.1     DEND      0
   976      963         0.62   80.28      70.83     -21.2     DEND      0
   977      976         0.62   83.38      70.83     -21.2     DEND      0
   978      977         0.62   86.48      70.83     -21.2     DEND      0
   979      978       0.9299   88.96      68.66     -20.6     DEND      0
   980      979       0.9299   92.37      68.66     -20.6     DEND      0
   981      980       0.9299   94.85      70.83     -20.6     DEND      0
   982      981       0.9299   97.02      73.31     -20.6     DEND      0
   983      982         0.62   99.81      75.17     -20.6     DEND      0
   984      983         0.62   102.3      77.03     -20.1     DEND      0
   985      924         0.62   28.21      63.7      -20.6     DEND      0
   986      985       0.9299   30.38      66.18     -20.6     DEND      0
   987      986         0.62   32.55      68.66     -20.6     DEND      0
   988      987         0.62   33.17      71.76     -20.6     DEND      0
   989      988         0.62   34.1       74.86     -20.6     DEND      0
   990      989       0.9299   34.1       77.96     -20.6     DEND      0
   991      990       0.9299   35.34      81.06     -20.6     DEND      0
   992      991         0.62   37.82      83.23     -20.6     DEND      0
   993      992         0.62   40.3       85.09     -20.6     DEND      0
   994      993         0.62   43.4       85.09     -20.6     DEND      0
   995      994         0.62   45.88      82.92     -20.6     DEND      0
   996      995         0.62   48.98      82.92     -20.6     DEND      0
   997      996         0.62   52.08      84.16     -20.6     DEND      0
   998      997         0.62   55.18      84.16     -20.1     DEND      0
   999      998         0.62   58.28      85.09     -20.1     DEND      0
  1000      999         0.62   60.76      87.57     -20.1     DEND      0
  1001     1000       0.9299   63.24      89.43     -20.1     DEND      0
  1002     1001       0.9299   65.1       92.22     -20.1     DEND      0
  1003     1002         0.62   68.2       91.91     -20.6     DEND      0
  1004     1003         0.62   71.3       90.36     -20.6     DEND      0
  1005     1004         0.62   74.4       90.36     -21.2     DEND      0
  1006     1005         0.62   75.95      93.15     -21.2     DEND      0
  1007     1006         0.62   77.8       95.63     -21.2     DEND      0
  1008     1007         0.62   80.28      98.11     -21.2     DEND      0
  1009     1008         0.62   81.52      101.2     -21.2     DEND      0
  1010     1009       0.9299   80.28      104.3     -21.2     DEND      0
  1011     1010       0.9299   80.28      107.4     -21.2     DEND      0
  1012     1011       0.9299   81.83      110.2     -21.8     DEND      0
  1013     1012       0.9299   82.14      113.6     -21.2     DEND      0
  1014     1013         0.62   84.31      116.1     -21.2     DEND      0
  1015     1014       0.9299   87.1       117.3     -21.2     DEND      0
  1016     1015       0.9299   90.2       117.6     -20.6     DEND      0
  1017     1016         0.62   93.3       118.3     -20.6     DEND      0
  1018     1017         0.62   94.85      121       -20.6     DEND      0
  1019     1018         0.62   95.78      124.1     -20.6     DEND      0
  1020     1019         0.62   97.95      126.6     -21.2     DEND      0
  1021     1020         0.62   100.7      127.9     -21.2     DEND      0
  1022     1021         0.62   103.8      129.1     -21.2     DEND      0
  1023     1022         0.62   106.9      129.1     -21.2     DEND      0
  1024     1023         0.62   108.8      131.6     -21.2     DEND      0
  1025     1013         0.62   79.35      119.8     -21.2     DEND      0
  1026     1025         0.62   78.73      122.9     -21.2     DEND      0
  1027     1026         0.62   78.11      126       -21.2     DEND      0
  1028     1027         0.62   77.19      129.4     -21.8     DEND      0
  1029     1028         0.62   76.88      132.5     -21.8     DEND      0
  1030     1029         0.62   75.64      135.6     -21.8     DEND      0
  1031     1030         0.62   74.4       138.7     -21.8     DEND      0
  1032     1031         0.62   74.09      141.8     -21.8     DEND      0
  1033     1032         0.62   73.78      144.9     -21.8     DEND      0
  1034     1033         0.62   75.02      148       -22.3     DEND      0
  1035     1034         0.62   75.02      151.1     -22.3     DEND      0
  1036     1035         0.62   75.02      154.2     -22.3     DEND      0
  1037     1036         0.62   74.71      157.3     -22.3     DEND      0
  1038     1004         0.62   71.92      86.95     -20.6     DEND      0
  1039     1038        0.434   70.99      83.85     -20.6     DEND      0
  1040      994         0.62   42.47      90.67     -20.1     DEND      0
  1041     1040         0.62   42.47      93.77     -20.1     DEND      0
  1042     1041         0.62   40.92      96.56     -20.1     DEND      0
  1043     1042         0.62   39.37      99.35     -20.1     DEND      0
  1044     1043       0.9299   36.27      99.66     -20.1     DEND      0
  1045     1044       0.9299   33.17      99.66     -20.6     DEND      0
  1046     1045       0.9299   30.38      101.2     -20.6     DEND      0
  1047     1046         0.62   29.45      104.3     -20.6     DEND      0
  1048     1047         0.62   28.83      107.4     -21.2     DEND      0
  1049     1048         0.62   30.07      110.5     -21.2     DEND      0
  1050     1049         0.62   30.38      113.6     -21.2     DEND      0
  1051     1050         0.62   31.31      116.7     -21.8     DEND      0
  1052     1051         0.62   30.69      119.8     -21.8     DEND      0
  1053     1052         0.62   29.45      122.9     -21.8     DEND      0
  1054     1053         0.62   30.69      126       -21.8     DEND      0
  1055     1054         0.62   30.69      129.1     -21.8     DEND      0
  1056     1055       0.9299   32.86      135.3     -21.8     DEND      0
  1057     1056         0.62   34.1       138.4     -21.8     DEND      0
  1058     1057         0.62   33.48      141.5     -21.8     DEND      0
  1059     1058         0.62   33.17      144.6     -21.8     DEND      0
  1060     1059        0.434   31.93      147.7     -21.8     DEND      0
  1061     1041       0.9299   44.95      95.94     -20.1     DEND      0
  1062     1061       0.9299   46.5       99.04     -20.1     DEND      0
  1063     1062         0.62   47.74      102.1     -20.1     DEND      0
  1064     1063         0.62   48.67      105.2     -20.1     DEND      0
  1065     1064         0.62   48.67      108.3     -20.1     DEND      0
  1066     1065        0.434   46.81      110.8     -20.1     DEND      0
  1067     1000        1.666   56.11      90.98     -20.1     DEND      0
  1068     1067       0.9299   55.8       94.08     -20.1     DEND      0
  1069     1068         0.62   56.11      97.18     -20.1     DEND      0
  1070     1069         0.62   57.04      100.3     -20.6     DEND      0
  1071     1070         0.62   58.9       103.1     -20.6     DEND      0
  1072     1071         0.62   60.45      106.2     -20.6     DEND      0
  1073     1072         0.62   60.14      109.3     -20.6     DEND      0
  1074     1073         0.62   59.83      112.4     -20.6     DEND      0
  1075     1074       0.9299   59.52      115.5     -21.2     DEND      0
  1076     1002       0.9299   63.55      97.49     -20.1     DEND      0
  1077     1076         0.62   63.24      100.6     -20.1     DEND      0
  1078     1077         0.62   63.55      103.7     -20.6     DEND      0
  1079     1078       0.9299   65.1       106.5     -20.6     DEND      0
  1080     1079       0.9299   67.58      108.6     -21.2     DEND      0
  1081     1080         0.62   69.13      111.7     -20.6     DEND      0
  1082     1081         0.62   68.51      114.8     -21.2     DEND      0
  1083     1082         0.62   69.13      117.9     -21.2     DEND      0
  1084     1083         0.62   68.51      121       -21.2     DEND      0
  1085     1082        0.434   66.03      115.8     -21.2     DEND      0
  1086      991         0.62   31.93      83.54     -20.6     DEND      0
  1087     1086         0.62   29.14      85.09     -20.6     DEND      0
  1088     1087         0.62   27.28      87.57     -21.2     DEND      0
  1089     1088         0.62   24.8       90.05     -21.2     DEND      0
  1090     1089        0.434   23.56      93.15     -20.1     DEND      0
  1091      988         0.62   30.69      73.62     -20.6     DEND      0
  1092     1091         0.62   27.59      75.17     -20.6     DEND      0
  1093     1092         0.62   25.11      77.65     -20.6     DEND      0
  1094     1093         0.62   22.94      80.13     -20.6     DEND      0
  1095     1094         0.62   20.77      82.61     -20.6     DEND      0
  1096     1095         0.62   19.22      85.4      -20.6     DEND      0
  1097     1096         0.62   17.98      88.81     -20.1     DEND      0
  1098     1097         0.62   17.98      91.91     -20.1     DEND      0
  1099     1098         0.62   16.43      94.7      -20.6     DEND      0
  1100     1099         0.62   13.64      96.25     -20.6     DEND      0
  1101     1100         0.62   11.16      98.42     -21.2     DEND      0
  1102     1101         0.62   8.989      100.9     -21.2     DEND      0
  1103      917         0.62   20.15      42.31     -21.2     DEND      0
  1104     1103         0.62   17.98      44.79     -21.8     DEND      0
  1105     1104       0.9299   17.36      47.89     -21.8     DEND      0
  1106     1105       0.9299   17.05      50.99     -21.8     DEND      0
  1107     1106       0.9299   14.26      52.54     -21.8     DEND      0
  1108     1107         0.62   11.78      55.02     -21.8     DEND      0
  1109     1108         0.62   12.71      58.12     -21.8     DEND      0
  1110     1109         0.62   13.33      61.22     -21.8     DEND      0
  1111     1110         0.62   11.78      64.32     -21.2     DEND      0
  1112     1111         0.62   9.609      66.8      -20.6     DEND      0
  1113     1112         0.62   9.609      69.9      -20.1     DEND      0
  1114     1113       0.9299   10.54      73        -20.1     DEND      0
  1115     1114       0.9299   10.54      76.1      -20.1     DEND      0
  1116     1115       0.9299   11.47      79.2      -20.6     DEND      0
  1117     1116         0.62   11.47      82.3      -20.1     DEND      0
  1118     1117         0.62   11.47      85.4      -20.1     DEND      0
  1119     1104       0.9299   14.26      43.24     -21.8     DEND      0
  1120     1119       0.9299   12.4       40.14     -19.5     DEND      0
  1121     1120         0.62   12.09      36.73     -19       DEND      0
  1122     1121         0.62   13.02      33.63     -19       DEND      0
  1123     1122        0.434   13.95      30.53     -19       DEND      0
  1124     1106         0.62   21.7       51.61     -21.8     DEND      0
  1125     1108         0.62   11.16      52.54     -21.8     DEND      0
  1126     1125         0.62   8.059      51.61     -21.8     DEND      0
  1127     1126         0.62   5.58       49.44     -22.3     DEND      0
  1128     1127         0.62   5.58       46.34     -22.3     DEND      0
  1129     1128        0.434   5.58       42.93     -22.3     DEND      0
  1130      985         0.62   25.73      67.42     -21.2     DEND      0
  1131      694         0.62   89.89      28.36     -19.5     DEND      0
  1132     1131       0.9299   89.89      25.26     -19.5     DEND      0
  1133     1132       0.9299   90.2       22.16     -19.5     DEND      0
  1134     1133       0.9299   90.82      19.06     -19.5     DEND      0
  1135     1134         0.62   91.13      15.65     -19.5     DEND      0
  1136     1135         0.62   92.68      12.55     -20.1     DEND      0
  1137     1136         0.62   94.85      10.07     -20.1     DEND      0
  1138      904       0.9299   24.18      5.735     -21.2     DEND      0
  1139     1138         0.62   21.08      6.045     -21.2     DEND      0
  1140     1139        0.434   18.6       3.875     -21.2     DEND      0
  1141     1140        0.434   17.98      0.7749    -21.2     DEND      0
  1142      719         0.62   29.76      -29.29    -21.2     DEND      0
  1143     1142        0.434   28.83      -32.39    -21.2     DEND      0
  1144      171       0.9299   -1.86      -41.38    -21.2     DEND      0
  1145     1144         0.62   -2.79      -44.17    -21.8     DEND      0
  1146     1145         0.62   -4.34      -47.27    -21.8     DEND      0
  1147     1146         0.62   -4.34      -50.37    -21.8     DEND      0
  1148     1147         0.62   -3.72      -53.47    -21.8     DEND      0
  1149     1148         0.62   -5.58      -55.95    -21.8     DEND      0
  1150     1149         0.62   -7.75      -58.43    -22.3     DEND      0
  1151     1150         0.62   -9.919     -60.91    -21.8     DEND      0
  1152     1151         0.62   -13.02     -60.91    -21.8     DEND      0
  1153     1152         0.62   -15.19     -63.39    -21.8     DEND      0
  1154     1153         0.62   -15.19     -66.49    -21.2     DEND      0
  1155      170         0.62   0.9299     -36.73    -21.2     DEND      0
  1156     1155         0.62   4.34       -37.66    -21.2     DEND      0
  1157     1156         0.62   7.44       -37.97    -21.2     DEND      0
  1158     1157         0.62   10.54      -38.59    -21.2     DEND      0
  1159     1158       0.9299   13.02      -40.76    -21.2     DEND      0
  1160     1159       0.9299   16.12      -40.14    -21.2     DEND      0
  1161     1160       0.9299   19.22      -39.21    -21.2     DEND      0
  1162     1161       0.9299   22.32      -39.21    -21.2     DEND      0
  1163     1162         0.62   25.73      -39.52    -20.6     DEND      0
  1164     1163         0.62   28.83      -40.76    -20.6     DEND      0
  1165     1164         0.62   30.38      -41.07    -20.1     DEND      0
  1166     1165       0.9299   31.62      -46.34    -20.1     DEND      0
  1167     1166       0.9299   31.93      -50.06    -20.1     DEND      0
  1168     1167       0.9299   32.24      -53.16    -20.6     DEND      0
  1169     1168       0.9299   32.24      -56.26    -20.6     DEND      0
  1170     1169       0.9299   32.24      -59.36    -20.6     DEND      0
  1171     1170         0.62   34.1       -62.15    -21.2     DEND      0
  1172     1171         0.62   34.72      -65.25    -21.2     DEND      0
  1173     1172         0.62   35.34      -68.35    -21.2     DEND      0
  1174     1173         0.62   35.65      -71.45    -21.2     DEND      0
  1175     1174         0.62   36.89      -74.55    -21.8     DEND      0
  1176     1175         0.62   37.82      -77.65    -21.2     DEND      0
  1177     1176         0.62   36.89      -80.75    -21.2     DEND      0
  1178     1177         0.62   36.89      -83.85    -21.2     DEND      0
  1179     1178         0.62   35.96      -86.95    -21.2     DEND      0
  1180     1179         0.62   34.41      -90.05    -21.2     DEND      0
  1181     1180         0.62   31.62      -91.91    -21.2     DEND      0
  1182     1181        0.434   30.07      -95.01    -21.2     DEND      0
  1183     1182        0.434   29.14      -98.11    -21.2     DEND      0
  1184     1183        0.434   29.14      -101.2    -21.2     DEND      0
  1185     1184        0.434   28.52      -104.3    -21.2     DEND      0
  1186     1173         0.62   38.44      -66.34    -21.2     DEND      0
  1187     1186         0.62   42.16      -71.14    -21.8     DEND      0
  1188     1187         0.62   44.02      -73.62    -21.8     DEND      0
  1189     1188         0.62   45.57      -76.72    -21.8     DEND      0
  1190     1189         0.62   45.57      -79.82    -21.8     DEND      0
  1191     1190         0.62   45.57      -82.92    -21.8     DEND      0
  1192     1191         0.62   45.88      -86.02    -21.8     DEND      0
  1193     1192         0.62   47.43      -89.12    -21.2     DEND      0
  1194     1193         0.62   49.29      -91.6     -21.2     DEND      0
  1195     1194         0.62   52.39      -92.22    -21.2     DEND      0
  1196     1195         0.62   55.49      -92.53    -21.2     DEND      0
  1197     1196         0.62   58.59      -92.84    -21.2     DEND      0
  1198     1197         0.62   61.69      -93.46    -21.2     DEND      0
  1199     1159         0.62   14.88      -46.03    -21.2     DEND      0
  1200     1199         0.62   17.36      -48.2     -21.2     DEND      0
  1201     1200       0.9299   20.15      -49.75    -20.6     DEND      0
  1202     1201         0.62   22.32      -52.23    -20.6     DEND      0
  1203     1202         0.62   24.18      -54.71    -20.6     DEND      0
  1204     1203         0.62   25.73      -57.5     -20.6     DEND      0
  1205     1204         0.62   27.59      -60.29    -20.6     DEND      0
  1206     1205         0.62   25.42      -62.46    -21.2     DEND      0
  1207     1206         0.62   25.11      -65.56    -21.2     DEND      0
  1208     1207         0.62   26.04      -68.66    -21.2     DEND      0
  1209     1208         0.62   26.04      -71.76    -21.2     DEND      0
  1210     1209         0.62   26.35      -74.86    -21.2     DEND      0
  1211     1210         0.62   26.97      -77.96    -21.2     DEND      0
  1212     1211         0.62   28.83      -81.06    -20.6     DEND      0
  1213     1212         0.62   29.45      -84.16    -20.6     DEND      0
  1214     1213         0.62   29.76      -87.26    -20.6     DEND      0
  1215     1200         0.62   14.26      -50.68    -21.2     DEND      0
  1216     1215         0.62   12.4       -53.47    -21.2     DEND      0
  1217     1216         0.62   12.24      -54.09    -21.8     DEND      0
  1218     1217       0.9299   12.09      -59.67    -21.8     DEND      0
  1219     1218       0.9299   14.57      -61.84    -21.8     DEND      0
  1220     1219         0.62   17.67      -63.08    -21.8     DEND      0
  1221     1220         0.62   20.77      -63.39    -21.8     DEND      0
  1222     1217         0.62   8.369      -52.23    -21.2     DEND      0
  1223     1222         0.62   5.27       -53.16    -21.2     DEND      0
  1224     1223        0.434   4.65       -56.26    -21.2     DEND      0
  1225     1224        0.434   3.72       -59.36    -21.8     DEND      0
  1226     1218         1.24   9.919      -61.53    -21.8     DEND      0
  1227     1226       0.9299   8.059      -64.32    -21.8     DEND      0
  1228     1227         0.62   8.059      -67.73    -21.8     DEND      0
  1229     1228         0.62   8.989      -70.83    -21.8     DEND      0
  1230     1229        0.434   9.609      -73.93    -21.8     DEND      0
  1231      877         0.62   71.92      -46.96    -20.6     DEND      0
  1232     1231         0.62   74.4       -49.44    -21.2     DEND      0
  1233     1232        0.434   76.26      -51.92    -21.2     DEND      0
  1234     1233         0.62   79.04      -54.4     -21.8     DEND      0
  1235     1234         0.62   81.21      -56.88    -21.8     DEND      0
  1236     1235         0.62   83.07      -59.36    -21.8     DEND      0
  1237     1236         0.62   85.24      -61.84    -21.8     DEND      0
  1238     1237         0.62   87.72      -64.01    -21.8     DEND      0
  1239     1238        0.434   89.58      -66.49    -21.8     DEND      0
  1240      760         0.62   89.89      -35.8     -20.6     DEND      0
  1241     1240         0.62   92.37      -38.28    -20.6     DEND      0
  1242     1241         0.62   94.54      -40.45    -21.2     DEND      0
  1243     1242         0.62   97.64      -41.69    -21.2     DEND      0
  1244      752         0.62   61.38      -33.94    -20.1     DEND      0
  1245     1244         0.62   59.83      -36.73    -20.1     DEND      0
  1246     1165         0.62   34.41      -35.96    -20.6     DEND      0
  1247     1246        0.434   36.89      -38.59    -20.6     DEND      0
  1248     1159       0.9299   11.16      -34.87    -21.2     DEND      0
  1249     1248         0.62   9.919      -31.77    -21.2     DEND      0
  1250     1249         0.62   9.609      -28.67    -21.2     DEND      0
  1251     1250         0.62   9.919      -25.57    -21.2     DEND      0
  1252     1251         0.62   8.989      -22.16    -21.2     DEND      0
  1253     1252       0.9299   6.2        -20.61    -21.2     DEND      0
  1254     1253        0.434   3.72       -22.47    -21.2     DEND      0
  1255     1254        0.434   1.24       -24.33    -21.8     DEND      0
  1256     1255        0.434   -1.86      -24.95    -21.8     DEND      0
  1257     1171       0.9299   36.58      -60.6     -20.6     DEND      0
  1258     1257       0.9299   39.06      -58.12    -21.2     DEND      0
  1259     1258       0.9299   39.99      -55.02    -21.2     DEND      0
  1260     1259         0.62   43.09      -55.02    -21.2     DEND      0
  1261     1260         0.62   46.5       -54.71    -21.2     DEND      0
  1262     1261         0.62   48.98      -52.54    -20.6     DEND      0
  1263     1262       0.9299   52.39      -53.16    -20.6     DEND      0
  1264     1263       0.9299   55.49      -54.09    -20.6     DEND      0
  1265     1264         0.62   57.97      -52.23    -20.6     DEND      0
  1266     1265         0.62   59.52      -49.44    -20.6     DEND      0
  1267     1259         0.62   38.44      -50.06    -20.1     DEND      0
  1268     1267         0.62   36.89      -46.96    -20.1     DEND      0
  1269     1268        0.434   36.27      -43.86    -20.1     DEND      0
  1270      990         0.62   35.96      70.83     -20.1     DEND      0
  1271     1270         0.62   37.51      67.73     -20.1     DEND      0
  1272     1271        0.434   39.99      65.87     -20.1     DEND      0
  1273     1113        0.434   5.89       72.07     -20.1     DEND      0
  1274     1273        0.434   2.79       70.83     -20.1     DEND      0
  1275     1080         0.62   72.23      109.6     -21.2     DEND      0
  1276      500         0.62   23.25      15.65     -14.5     DEND      0
  1277     1276         0.62   20.15      17.2      -13.9     DEND      0
  1278      455         0.62   40.61      14.41     -15       DEND      0
