#								
# rbp cell (#14, but termed cell#1 in Yoshi's email) from Yoshi (Tsukamoto and Omi, JCN, 2013 - Fig. 4)								
#								
# Measurements made manually from 3D image of the cell using NetFabb software (see rbp-cell14-cell1-yoshi-measurements.doc								
# and avg-rbp14-cell1-yoshi-measurements-txt for details)								
#								
# values converted to um								
#								
# Narender Dhingra (11/25/2014)								
# original x, y, z values normalized to soma location at 0,0,0, and numbers converted to um (by dividing with 1012 - scale factor given by Yoshi) - Narender Dhingra (12/1/2014)
#	
#	node	parent	dia	xbio	ybio	zbio	region	dendr
#								
	0	0	7.58	0.00	0.00	0.00	SOMA	0
	10	0	1.82	-0.63	8.70	-5.55	DEND	0
	10	10	3.90	-0.63	8.70	-5.55	DEND	1
	20	10	0.91	2.12	9.24	-3.00	DEND	2
	21	20	0.95	3.14	9.97	-2.30	DEND	3
	22	21	1.40	4.26	10.09	-1.35	DEND	4
	230	20	0.27	1.43	10.21	-3.79	DEND	5
	231	230	0.46	1.67	10.29	-3.77	DEND	6
	24	21	0.33	4.00	13.67	-3.07	DEND	7
	25	21	0.30	3.92	11.27	-3.04	DEND	8
	260	22	0.29	5.40	12.04	-2.53	DEND	9
	261	260	0.28	5.08	12.63	-3.55	DEND	10
	262	260	0.28	6.37	13.81	-2.60	DEND	11
	263	262	0.30	6.65	14.67	-1.80	DEND	12
	264	262	0.35	6.83	15.33	-3.33	DEND	13
	27	22	0.22	4.74	11.50	-0.73	DEND	14
	30	10	1.01	-2.56	11.20	-5.20	DEND	15
	31	30	0.79	-1.82	12.55	-5.02	DEND	16
	32	30	0.22	-2.02	12.24	-5.89	DEND	17
	33	31	0.40	-2.01	13.40	-3.75	DEND	18
	34	31	0.21	-2.89	14.78	-4.88	DEND	19
	35	31	0.38	-1.52	14.40	-5.20	DEND	20
	40	10	0.56	0.98	9.36	-11.25	DEND	21
	41	40	0.43	0.78	9.17	-11.93	DEND	22
	42	40	0.37	0.77	10.70	-11.27	DEND	23
	50	10	0.54	3.88	9.64	-7.15	DEND	24
	60	10	0.76	-0.41	10.23	-2.95	DEND	25
	61	60	0.32	0.97	9.86	-2.67	DEND	26
	62	60	0.18	1.01	9.95	-2.33	DEND	27
	63	60	0.27	1.40	11.27	-4.82	DEND	28
	64	60	0.27	-0.55	10.81	-1.80	DEND	29
	65	60	0.40	-0.95	10.86	-3.07	DEND	30
	660	60	0.37	-1.40	11.46	-3.60	DEND	31
	661	660	0.33	-1.39	12.62	-3.64	DEND	32
	662	660	0.39	-1.23	11.21	-3.93	DEND	33
	663	661	0.32	-0.90	14.20	-3.02	DEND	34
	664	661	0.23	0.25	13.67	-4.09	DEND	35
	70	10	0.32	-0.08	12.22	-7.40	DEND	36
	71	70	0.24	3.03	14.29	-5.90	DEND	37
	72	70	0.25	1.95	14.61	-7.50	DEND	38
	80	10	0.38	0.25	13.04	-6.55	DEND	39
	81	80	0.23	0.50	13.35	-6.91	DEND	40
	82	80	0.14	0.08	13.76	-6.76	DEND	41
	83	80	0.22	-0.05	15.03	-6.77	DEND	42
	90	10	0.45	1.00	11.97	-5.22	DEND	43
	91	90	0.55	1.38	12.48	-4.98	DEND	44
	92	90	0.23	1.75	12.99	-5.26	DEND	45
	93	91	0.28	1.31	12.93	-4.31	DEND	46
	100	0	0.96	2.51	-44.48	9.29	AXON	47
	110	100	1.79	1.93	-46.98	10.26	AXON	48
	111	110	1.98	2.41	-49.59	9.00	AXON	49
	120	100	0.30	4.95	-48.09	6.80	AXON	50
	120	120	2.82	4.95	-48.09	6.80	VARICOS	51
	130	110	0.50	-0.51	-51.02	9.03	AXON	52
	130	130	2.27	-0.51	-51.02	9.03	VARICOS	53
	140	110	0.64	2.72	-46.69	13.02	AXON	54
	140	140	2.54	2.72	-46.69	13.02	VARICOS	55
	150	140	0.29	4.67	-48.18	12.39	AXON	56
	150	150	1.90	4.67	-48.18	12.39	VARICOS	57
	160	111	0.29	4.25	-50.63	8.10	AXON	58
	160	160	2.36	4.25	-50.63	8.10	VARICOS	59
	170	111	0.47	3.36	-53.54	11.19	AXON	60
	170	170	4.19	3.36	-53.54	11.19	VARICOS	61
