#	node	parent	dia	xbio	ybio	zbio	region	dendr
	0	0	22.00	170.83	158.74	22.00	SOMA	0
	1	0	2.30	172.74	169.87	10.00	HILLOCK	0
	2	1	2.00	174.96	183.87	8.00	HILLOCK	0
	3	2	1.80	175.60	198.82	8.00	HILLOCK	0
	4	3	1.50	177.51	214.41	6.00	HILLOCK	0
	5	4	1.40	179.10	229.04	6.00	HILLOCK	0
	6	5	ath_dia	182.92	241.45	6.00	AXON_THIN	0
	7	6	ath_dia	185.46	254.81	6.00	AXON_THIN	0
	8	7	ath_dia	187.05	271.99	6.00	AXON_THIN	0
	9	8	ath_dia	190.87	287.90	6.00	AXON_THIN	0
	10	9	ath_dia	194.05	303.48	6.00	AXON_THIN	0
	11	10	1.50	195.96	314.62	6.00	AXON	0
	12	11	1.50	196.60	324.80	6.00	AXON	0
	13	0	2.00	167.65	146.97	30.00	DEND	0
	14	13	2.00	166.37	137.74	30.00	DEND	0
	15	14	1.00	175.92	135.84	30.00	DEND	0
	16	15	1.00	187.69	136.47	28.00	DEND	0
	17	16	1.00	196.60	135.52	26.00	DEND	0
	18	17	1.00	206.46	143.47	26.00	DEND	0
	19	18	1.00	217.27	147.92	26.00	DEND	0
	20	19	1.00	221.41	154.60	24.00	DEND	0
	21	20	1.00	229.04	165.10	22.00	DEND	0
	22	21	0.90	237.63	166.37	22.00	DEND	0
	23	22	0.90	246.54	170.51	22.00	DEND	0
	24	23	0.90	257.36	178.15	18.00	DEND	0
	25	24	0.90	269.44	183.87	16.00	DEND	0
	26	25	0.90	276.76	178.78	14.00	DEND	0
	27	26	0.90	285.67	174.96	14.00	DEND	0
	28	27	0.90	286.94	163.83	14.00	DEND	0
	29	28	0.90	285.35	154.92	14.00	DEND	0
	30	29	0.90	295.21	151.11	14.00	DEND	0
	31	30	0.60	299.98	157.47	12.00	DEND	0
	32	31	0.60	307.62	167.97	12.00	DEND	0
	33	32	0.60	304.12	177.19	10.00	DEND	0
	34	33	0.60	306.35	186.42	10.00	DEND	0
	35	34	0.60	296.80	186.10	12.00	DEND	0
	36	35	0.60	287.58	181.96	12.00	DEND	0
	37	34	0.50	313.34	197.55	8.00	DEND	0
	38	37	0.50	324.16	211.23	6.00	DEND	0
	39	32	0.60	313.03	167.65	10.00	DEND	0
	40	39	0.60	320.34	176.24	8.00	DEND	0
	41	40	0.60	324.80	184.19	6.00	DEND	0
	42	39	0.60	315.25	158.10	10.00	DEND	0
	43	42	0.60	324.48	153.33	10.00	DEND	0
	44	30	0.90	298.39	142.20	12.00	DEND	0
	45	44	0.90	302.85	133.29	12.00	DEND	0
	46	45	0.80	312.71	130.75	10.00	DEND	0
	47	46	0.80	324.80	121.20	8.00	DEND	0
	48	45	0.80	292.67	136.15	14.00	DEND	0
	49	48	0.80	282.81	132.65	16.00	DEND	0
	50	49	0.80	271.35	130.43	16.00	DEND	0
	51	50	0.80	264.67	123.43	16.00	DEND	0
	52	51	0.80	257.67	117.70	16.00	DEND	0
	53	26	0.90	267.85	171.46	16.00	DEND	0
	54	53	0.70	259.90	164.15	18.00	DEND	0
	69	54	0.70	250.68	156.20	22.00	DEND	0
	70	69	0.70	244.00	147.29	22.00	DEND	0
	71	70	0.70	237.00	140.29	24.00	DEND	0
	72	71	0.50	230.00	147.61	26.00	DEND	0
	73	72	0.50	225.23	154.60	26.00	DEND	0
	74	73	0.50	238.59	170.51	24.00	DEND	0
	75	74	0.50	247.18	181.96	22.00	DEND	0
	76	75	0.50	251.95	192.78	22.00	DEND	0
	77	75	0.50	250.36	178.15	22.00	DEND	0
	78	73	0.50	211.55	156.83	26.00	DEND	0
	79	78	0.50	210.91	168.60	26.00	DEND	0
	80	78	0.50	203.91	150.15	26.00	DEND	0
	81	80	0.50	192.14	146.65	26.00	DEND	0
	55	26	0.90	282.81	184.51	20.00	DEND	0
	56	55	0.70	283.12	189.60	24.00	DEND	0
	57	56	0.70	288.53	188.96	24.00	DEND	0
	62	57	0.70	294.58	197.87	22.00	DEND	0
	63	62	0.70	303.48	197.87	20.00	DEND	0
	64	63	0.70	306.98	189.92	20.00	DEND	0
	65	63	0.70	308.57	202.00	20.00	DEND	0
	66	57	0.70	294.89	179.74	20.00	DEND	0
	67	66	0.70	307.94	174.65	20.00	DEND	0
	68	67	0.70	319.39	171.78	18.00	DEND	0
	58	56	0.70	278.03	195.64	24.00	DEND	0
	59	58	0.70	272.31	205.18	24.00	DEND	0
	60	59	0.70	285.35	209.96	24.00	DEND	0
	61	60	0.70	292.67	218.86	22.00	DEND	0
	82	21	1.00	222.05	174.96	24.00	DEND	0
	83	82	1.00	218.86	185.46	24.00	DEND	0
	84	83	1.00	220.14	198.82	24.00	DEND	0
	85	84	0.70	225.23	203.59	22.00	DEND	0
	86	85	0.70	232.54	211.55	22.00	DEND	0
	87	86	0.70	237.31	224.27	22.00	DEND	0
	88	87	0.70	244.63	228.41	22.00	DEND	0
	89	88	0.70	248.45	216.32	20.00	DEND	0
	90	89	0.70	256.72	213.46	18.00	DEND	0
	91	90	0.70	267.22	211.23	16.00	DEND	0
	92	91	0.70	277.72	216.00	14.00	DEND	0
	93	92	0.70	288.53	218.55	12.00	DEND	0
	94	93	0.70	300.30	221.73	10.00	DEND	0
	95	94	0.70	312.39	223.64	8.00	DEND	0
	96	95	0.70	324.48	219.18	6.00	DEND	0
	97	93	0.70	285.67	206.78	14.00	DEND	0
	98	97	0.70	283.44	197.87	14.00	DEND	0
	99	91	0.70	267.22	205.18	16.00	DEND	0
	100	84	1.00	215.68	209.00	24.00	DEND	0
	101	100	1.00	211.23	223.00	24.00	DEND	0
	102	101	1.00	210.59	234.45	24.00	DEND	0
	103	102	0.80	216.64	239.54	22.00	DEND	0
	104	103	0.80	225.86	244.63	22.00	DEND	0
	105	104	0.70	237.31	246.54	22.00	DEND	0
	106	105	0.70	245.90	248.77	22.00	DEND	0
	107	106	0.70	254.49	246.22	20.00	DEND	0
	108	107	0.70	265.95	245.59	18.00	DEND	0
	109	108	0.70	277.08	243.36	14.00	DEND	0
	110	109	0.70	289.49	244.00	14.00	DEND	0
	111	110	0.70	301.89	242.40	12.00	DEND	0
	112	111	0.70	315.57	232.22	10.00	DEND	0
	113	112	0.70	323.84	235.41	6.00	DEND	0
	114	108	0.70	272.94	257.04	16.00	DEND	0
	115	114	0.70	281.53	264.04	14.00	DEND	0
	116	115	0.70	289.17	263.08	14.00	DEND	0
	117	116	0.70	292.35	254.49	14.00	DEND	0
	118	117	0.70	298.71	254.81	12.00	DEND	0
	119	116	0.70	299.03	268.17	12.00	DEND	0
	120	119	0.70	311.75	265.31	10.00	DEND	0
	121	120	0.70	323.84	267.85	8.00	DEND	0
	122	106	0.60	249.72	259.90	20.00	DEND	0
	123	122	0.60	255.45	270.72	20.00	DEND	0
	124	123	0.60	264.67	280.26	18.00	DEND	0
	125	124	0.60	279.31	290.12	16.00	DEND	0
	126	125	0.60	294.26	293.62	16.00	DEND	0
	127	104	0.70	225.86	252.58	22.00	DEND	0
	128	127	0.70	229.36	260.22	22.00	DEND	0
	129	128	0.70	231.59	270.40	22.00	DEND	0
	130	129	0.70	232.54	280.58	22.00	DEND	0
	131	130	0.70	223.00	285.03	22.00	DEND	0
	132	131	0.70	218.23	292.99	22.00	DEND	0
	133	102	0.90	199.78	239.54	26.00	DEND	0
	134	133	0.90	188.01	244.63	26.00	DEND	0
	135	134	0.90	182.28	249.09	26.00	DEND	0
	136	135	0.70	173.69	244.95	26.00	DEND	0
	137	136	0.70	166.06	251.31	26.00	DEND	0
	138	137	0.70	159.06	250.99	26.00	DEND	0
	139	138	0.70	148.88	256.40	26.00	DEND	0
	140	139	0.70	138.38	257.36	26.00	DEND	0
	141	140	0.70	136.47	266.90	26.00	DEND	0
	142	135	0.90	178.78	257.67	26.00	DEND	0
	143	142	0.90	171.15	264.04	26.00	DEND	0
	144	143	0.80	159.38	268.81	26.00	DEND	0
	145	144	0.80	148.24	274.53	26.00	DEND	0
	146	145	0.80	133.61	279.31	26.00	DEND	0
	147	146	0.80	133.29	285.67	26.00	DEND	0
	148	147	0.70	139.33	292.99	26.00	DEND	0
	149	148	0.70	148.24	297.44	26.00	DEND	0
	150	149	0.70	156.20	304.76	26.00	DEND	0
	151	150	0.70	146.33	315.25	26.00	DEND	0
	152	151	0.70	138.06	314.30	26.00	DEND	0
	153	152	0.70	125.34	307.62	26.00	DEND	0
	154	147	0.70	124.07	290.12	26.00	DEND	0
	155	154	0.70	113.57	297.12	26.00	DEND	0
	156	155	0.70	104.98	300.62	26.00	DEND	0
	157	156	0.70	92.57	298.39	28.00	DEND	0
	158	157	0.70	81.44	301.26	28.00	DEND	0
	159	158	0.70	71.58	307.94	28.00	DEND	0
	160	156	0.70	110.39	311.75	28.00	DEND	0
	161	160	0.70	121.20	323.84	28.00	DEND	0
	162	146	0.70	124.70	269.13	26.00	DEND	0
	163	143	0.70	177.51	271.99	26.00	DEND	0
	164	163	0.70	184.51	285.35	26.00	DEND	0
	165	164	0.70	178.15	293.30	26.00	DEND	0
	166	165	0.70	169.87	297.76	26.00	DEND	0
	167	166	0.70	163.19	304.76	26.00	DEND	0
	168	164	0.70	198.82	284.71	26.00	DEND	0
	169	168	0.70	216.32	278.99	24.00	DEND	0
	170	83	0.90	209.96	191.51	26.00	DEND	0
	171	170	0.90	192.78	193.73	26.00	DEND	0
	172	171	0.90	183.87	199.46	26.00	DEND	0
	173	172	0.80	172.42	200.41	26.00	DEND	0
	174	173	0.80	157.79	202.64	26.00	DEND	0
	175	174	0.70	151.11	195.01	28.00	DEND	0
	176	175	0.70	144.74	190.23	28.00	DEND	0
	177	176	0.70	128.20	189.60	28.00	DEND	0
	178	174	0.70	152.38	209.64	28.00	DEND	0
	179	178	0.70	143.79	220.77	28.00	DEND	0
	180	179	0.70	128.52	225.54	26.00	DEND	0
	181	180	0.70	111.34	227.45	26.00	DEND	0
	182	181	0.70	100.84	232.22	26.00	DEND	0
	183	182	0.70	93.21	239.54	26.00	DEND	0
	184	183	0.70	100.52	246.54	26.00	DEND	0
	185	184	0.60	111.98	242.72	26.00	DEND	0
	186	185	0.60	125.34	238.91	26.00	DEND	0
	187	186	0.60	136.15	239.54	26.00	DEND	0
	188	187	0.60	145.38	237.95	26.00	DEND	0
	194	184	0.70	107.21	257.99	26.00	DEND	0
	195	194	0.70	99.89	266.90	26.00	DEND	0
	196	195	0.60	92.89	275.81	26.00	DEND	0
	197	196	0.60	87.80	283.76	26.00	DEND	0
	198	197	0.60	80.17	287.26	26.00	DEND	0
	199	196	0.60	81.76	273.90	26.00	DEND	0
	200	199	0.60	70.62	274.22	26.00	DEND	0
	201	200	0.60	61.08	272.94	26.00	DEND	0
	202	183	0.60	83.03	243.04	26.00	DEND	0
	203	202	0.60	76.35	250.99	26.00	DEND	0
	204	203	0.60	63.94	251.63	26.00	DEND	0
	205	204	0.60	51.22	248.45	26.00	DEND	0
	206	205	0.60	53.13	236.36	26.00	DEND	0
	207	206	0.60	60.12	226.82	26.00	DEND	0
	208	207	0.60	62.99	216.64	26.00	DEND	0
	209	208	0.60	58.53	205.18	26.00	DEND	0
	210	205	0.60	40.72	246.86	26.00	DEND	0
	211	210	0.60	32.45	254.17	26.00	DEND	0
	212	211	0.50	21.95	252.90	26.00	DEND	0
	213	212	0.50	13.04	250.36	26.00	DEND	0
	214	211	0.60	34.99	266.26	26.00	DEND	0
	215	214	0.60	46.13	271.35	26.00	DEND	0
	216	215	0.60	48.67	286.94	26.00	DEND	0
	217	216	0.60	48.04	302.53	26.00	DEND	0
	189	179	0.60	149.51	229.36	26.00	DEND	0
	190	189	0.60	159.69	233.18	26.00	DEND	0
	191	190	0.60	173.37	224.91	26.00	DEND	0
	192	191	0.60	189.28	232.54	24.00	DEND	0
	193	191	0.60	172.74	219.18	24.00	DEND	0
	468	14	1.50	160.33	128.84	30.00	DEND	0
	469	468	1.50	153.97	120.88	30.00	DEND	0
	470	469	1.20	146.65	117.38	28.00	DEND	0
	471	470	1.20	138.06	115.79	28.00	DEND	0
	472	471	1.00	127.56	114.84	28.00	DEND	0
	473	472	1.00	116.43	115.16	28.00	DEND	0
	474	473	1.00	99.89	115.16	28.00	DEND	0
	499	474	1.00	91.94	108.16	30.00	DEND	0
	498	499	1.00	85.57	103.07	30.00	DEND	0
	500	498	0.90	84.62	91.94	30.00	DEND	0
	501	500	0.90	75.39	84.30	30.00	DEND	0
	502	501	0.80	73.48	75.71	30.00	DEND	0
	503	502	0.80	70.62	69.67	30.00	DEND	0
	504	503	0.80	74.76	64.90	30.00	DEND	0
	505	504	0.80	77.62	57.90	30.00	DEND	0
	632	505	0.70	76.35	51.53	36.00	DEND	0
	633	632	0.70	75.71	47.40	38.00	DEND	0
	634	633	0.60	67.76	43.58	38.00	DEND	0
	635	634	0.60	59.49	43.26	38.00	DEND	0
	636	635	0.60	50.90	50.26	38.00	DEND	0
	637	636	0.60	37.22	50.58	40.00	DEND	0
	638	637	0.60	25.45	50.90	40.00	DEND	0
	639	635	0.60	64.58	36.90	40.00	DEND	0
	640	639	0.60	71.26	27.99	40.00	DEND	0
	641	640	0.60	70.94	19.09	40.00	DEND	0
	642	641	0.60	58.22	10.82	38.00	DEND	0
	643	640	0.50	83.66	26.09	40.00	DEND	0
	644	643	0.50	95.12	19.72	40.00	DEND	0
	645	644	0.50	101.80	13.04	40.00	DEND	0
	646	633	0.60	81.76	39.76	40.00	DEND	0
	647	646	0.60	95.43	39.45	40.00	DEND	0
	648	647	0.60	103.71	38.81	40.00	DEND	0
	649	648	0.60	106.89	29.58	40.00	DEND	0
	650	649	0.60	109.43	20.68	38.00	DEND	0
	651	650	0.60	112.30	12.72	38.00	DEND	0
	506	503	0.80	62.35	63.62	30.00	DEND	0
	507	506	0.80	51.53	60.44	30.00	DEND	0
	508	507	0.80	42.95	49.94	30.00	DEND	0
	509	508	0.80	36.27	41.99	30.00	DEND	0
	510	509	0.80	28.63	35.63	30.00	DEND	0
	511	510	0.80	15.91	33.72	30.00	DEND	0
	512	501	0.70	62.99	89.07	30.00	DEND	0
	513	512	0.70	50.26	87.48	30.00	DEND	0
	514	513	0.70	39.76	88.75	30.00	DEND	0
	515	514	0.70	28.31	85.26	30.00	DEND	0
	516	515	0.70	18.45	77.30	30.00	DEND	0
	517	516	0.70	10.82	73.48	30.00	DEND	0
	518	517	0.70	2.23	74.76	30.00	DEND	0
	519	517	0.70	12.41	66.17	30.00	DEND	0
	520	519	0.70	15.27	53.76	30.00	DEND	0
	521	498	0.80	75.71	106.25	30.00	DEND	0
	522	521	0.80	64.26	108.80	30.00	DEND	0
	523	522	0.70	51.53	106.25	30.00	DEND	0
	524	523	0.70	38.81	105.61	30.00	DEND	0
	525	524	0.70	30.54	107.21	30.00	DEND	0
	526	525	0.60	20.04	106.57	28.00	DEND	0
	527	526	0.60	10.18	105.30	28.00	DEND	0
	528	527	0.60	0.64	104.66	28.00	DEND	0
	529	525	0.70	27.04	118.34	28.00	DEND	0
	530	529	0.60	29.27	130.43	28.00	DEND	0
	531	530	0.50	20.68	135.84	28.00	DEND	0
	532	531	0.50	12.41	136.47	28.00	DEND	0
	533	530	0.60	42.31	131.06	28.00	DEND	0
	534	533	0.60	51.53	125.02	28.00	DEND	0
	535	533	0.60	41.04	140.93	30.00	DEND	0
	536	535	0.60	37.54	152.70	30.00	DEND	0
	537	536	0.60	24.81	157.79	30.00	DEND	0
	538	537	0.60	19.41	164.15	30.00	DEND	0
	539	538	0.60	11.13	163.51	30.00	DEND	0
	540	539	0.60	1.91	168.28	30.00	DEND	0
	541	474	0.90	92.57	124.07	30.00	DEND	0
	542	541	0.90	88.12	134.25	30.00	DEND	0
	543	542	0.90	90.66	144.74	30.00	DEND	0
	544	543	0.80	102.43	147.29	30.00	DEND	0
	545	544	0.80	111.66	150.47	30.00	DEND	0
	546	545	0.80	121.20	142.83	30.00	DEND	0
	547	546	0.70	128.84	148.88	30.00	DEND	0
	548	547	0.70	139.97	157.47	30.00	DEND	0
	549	548	0.70	151.42	159.69	30.00	DEND	0
	550	549	0.70	159.69	167.33	30.00	DEND	0
	551	549	0.70	151.74	153.97	30.00	DEND	0
	595	546	0.70	122.79	133.29	30.00	DEND	0
	596	595	0.70	117.07	127.25	30.00	DEND	0
	597	595	0.70	130.43	127.25	30.00	DEND	0
	598	597	0.70	133.61	120.88	30.00	DEND	0
	599	597	0.70	141.56	132.34	30.00	DEND	0
	600	599	0.70	151.74	138.06	30.00	DEND	0
	552	545	0.70	117.38	164.15	30.00	DEND	0
	553	552	0.70	128.84	167.33	28.00	DEND	0
	554	553	0.60	143.79	170.83	28.00	DEND	0
	555	554	0.60	152.70	174.96	28.00	DEND	0
	556	555	0.60	156.83	184.83	28.00	DEND	0
	557	556	0.60	168.60	192.46	28.00	DEND	0
	558	552	0.70	117.38	173.06	28.00	DEND	0
	559	558	0.70	120.57	184.51	28.00	DEND	0
	560	559	0.60	112.61	191.51	28.00	DEND	0
	561	560	0.60	104.66	198.82	28.00	DEND	0
	562	561	0.60	100.84	203.91	28.00	DEND	0
	563	561	0.60	112.61	203.91	28.00	DEND	0
	564	563	0.60	121.52	208.05	28.00	DEND	0
	565	564	0.60	129.16	201.05	28.00	DEND	0
	566	565	0.60	132.97	194.05	28.00	DEND	0
	567	543	0.80	82.71	155.56	28.00	DEND	0
	568	567	0.80	77.30	162.56	28.00	DEND	0
	569	568	0.80	73.48	175.92	28.00	DEND	0
	570	569	0.70	78.89	184.19	28.00	DEND	0
	571	570	0.70	81.12	197.55	28.00	DEND	0
	572	571	0.70	84.30	209.32	28.00	DEND	0
	573	572	0.70	89.39	218.86	28.00	DEND	0
	574	573	0.70	97.03	226.50	28.00	DEND	0
	575	569	0.70	62.67	181.64	28.00	DEND	0
	576	575	0.70	51.22	185.46	28.00	DEND	0
	577	576	0.70	44.85	180.05	28.00	DEND	0
	586	577	0.60	35.31	178.46	28.00	DEND	0
	587	586	0.60	23.86	176.55	28.00	DEND	0
	588	587	0.60	13.36	180.05	28.00	DEND	0
	589	588	0.60	1.59	186.10	28.00	DEND	0
	590	577	0.60	48.67	169.24	30.00	DEND	0
	591	590	0.60	58.22	164.47	30.00	DEND	0
	592	591	0.60	65.53	156.51	30.00	DEND	0
	593	592	0.60	67.76	148.88	30.00	DEND	0
	594	593	0.60	69.67	137.74	30.00	DEND	0
	578	576	0.70	47.08	195.96	28.00	DEND	0
	579	578	0.70	42.95	208.37	28.00	DEND	0
	580	579	0.70	41.04	220.14	28.00	DEND	0
	581	580	0.70	44.54	232.86	28.00	DEND	0
	582	579	0.60	32.45	210.27	28.00	DEND	0
	583	582	0.60	24.49	218.86	28.00	DEND	0
	584	583	0.60	18.13	225.86	28.00	DEND	0
	585	584	0.60	8.27	227.77	28.00	DEND	0
	475	471	0.80	134.56	105.30	28.00	DEND	0
	476	475	0.80	129.16	97.03	28.00	DEND	0
	477	476	0.70	116.11	93.84	28.00	DEND	0
	478	477	0.70	109.43	85.26	28.00	DEND	0
	479	478	0.70	101.48	71.26	28.00	DEND	0
	480	479	0.70	108.80	65.85	28.00	DEND	0
	481	480	0.70	115.79	64.26	28.00	DEND	0
	482	481	0.70	118.02	54.40	30.00	DEND	0
	483	482	0.70	118.02	43.26	30.00	DEND	0
	484	483	0.70	121.84	33.40	30.00	DEND	0
	485	484	0.70	130.75	30.54	30.00	DEND	0
	486	481	0.70	128.20	69.35	30.00	DEND	0
	487	486	0.70	133.93	79.21	30.00	DEND	0
	488	487	0.70	130.11	84.62	30.00	DEND	0
	489	480	0.70	102.12	52.81	28.00	DEND	0
	490	479	0.60	90.03	65.21	28.00	DEND	0
	491	490	0.60	85.26	56.31	30.00	DEND	0
	492	491	0.60	80.48	46.13	30.00	DEND	0
	493	492	0.60	89.71	41.04	30.00	DEND	0
	494	492	0.60	66.17	45.81	30.00	DEND	0
	495	494	0.60	59.81	48.04	30.00	DEND	0
	496	494	0.60	59.81	38.17	30.00	DEND	0
	497	496	0.60	47.72	30.86	30.00	DEND	0
	218	0	1.00	180.37	166.37	30.00	DEND	0
	219	218	1.00	187.69	173.37	28.00	DEND	0
	220	219	1.00	197.87	177.51	30.00	DEND	0
	221	220	1.00	208.05	182.92	32.00	DEND	0
	222	221	1.00	221.41	188.96	32.00	DEND	0
	223	222	1.00	230.32	197.55	32.00	DEND	0
	224	223	1.00	241.45	205.50	30.00	DEND	0
	225	224	1.00	247.49	212.18	30.00	DEND	0
	226	225	0.90	258.31	216.32	28.00	DEND	0
	227	226	0.90	267.22	216.96	26.00	DEND	0
	228	227	0.90	277.40	222.68	24.00	DEND	0
	229	228	0.90	286.62	226.82	22.00	DEND	0
	230	229	0.80	296.48	223.95	20.00	DEND	0
	231	230	0.80	308.25	223.95	18.00	DEND	0
	232	231	0.70	315.89	218.55	14.00	DEND	0
	233	232	0.70	315.89	211.23	14.00	DEND	0
	234	233	0.70	323.84	205.50	14.00	DEND	0
	235	231	0.70	319.39	223.95	14.00	DEND	0
	236	235	0.70	323.84	228.41	14.00	DEND	0
	241	229	0.80	291.08	234.45	22.00	DEND	0
	242	241	0.80	300.30	239.54	20.00	DEND	0
	243	242	0.70	312.07	239.54	18.00	DEND	0
	244	243	0.70	323.84	238.91	16.00	DEND	0
	245	242	0.70	296.80	246.54	18.00	DEND	0
	246	245	0.70	296.17	253.54	18.00	DEND	0
	247	246	0.60	304.76	263.40	16.00	DEND	0
	248	247	0.60	318.43	267.85	16.00	DEND	0
	249	248	0.60	325.43	263.08	16.00	DEND	0
	250	248	0.60	317.80	278.67	16.00	DEND	0
	251	250	0.60	323.52	283.44	16.00	DEND	0
	237	226	0.70	253.86	222.68	28.00	DEND	0
	238	237	0.70	259.90	228.41	26.00	DEND	0
	239	238	0.70	270.08	229.68	24.00	DEND	0
	240	239	0.70	278.67	228.09	24.00	DEND	0
	252	225	0.90	242.72	220.77	28.00	DEND	0
	253	252	0.70	233.50	219.18	30.00	DEND	0
	254	253	0.70	216.96	217.27	30.00	DEND	0
	255	254	0.70	216.96	221.41	30.00	DEND	0
	256	254	0.70	212.82	212.18	30.00	DEND	0
	257	256	0.70	216.64	205.18	30.00	DEND	0
	258	257	0.70	217.91	199.78	30.00	DEND	0
	335	257	0.60	206.14	199.46	32.00	DEND	0
	336	335	0.60	195.01	197.55	34.00	DEND	0
	337	336	0.60	183.55	196.91	34.00	DEND	0
	259	256	0.70	199.46	214.09	30.00	DEND	0
	260	252	0.80	246.54	231.59	28.00	DEND	0
	261	260	0.80	246.54	237.31	28.00	DEND	0
	262	261	0.80	251.31	242.72	28.00	DEND	0
	263	262	0.80	249.40	251.95	28.00	DEND	0
	264	263	0.70	253.54	261.49	28.00	DEND	0
	265	264	0.70	255.13	267.54	28.00	DEND	0
	266	265	0.70	261.17	271.99	28.00	DEND	0
	267	266	0.70	272.94	272.63	26.00	DEND	0
	268	267	0.70	280.58	272.94	24.00	DEND	0
	269	268	0.70	287.90	271.67	24.00	DEND	0
	270	269	0.70	291.08	282.49	24.00	DEND	0
	271	270	0.60	302.53	282.81	22.00	DEND	0
	272	271	0.60	312.71	288.85	20.00	DEND	0
	273	270	0.60	295.53	296.80	22.00	DEND	0
	274	273	0.60	294.26	307.30	22.00	DEND	0
	275	274	0.60	285.03	315.57	24.00	DEND	0
	276	275	0.60	284.08	323.52	24.00	DEND	0
	277	274	0.60	299.03	314.62	24.00	DEND	0
	278	277	0.60	309.21	321.62	22.00	DEND	0
	279	268	0.70	283.12	283.12	24.00	DEND	0
	280	279	0.60	272.94	288.53	24.00	DEND	0
	281	280	0.60	268.17	296.17	24.00	DEND	0
	282	281	0.60	268.17	306.66	26.00	DEND	0
	283	282	0.60	264.67	317.80	28.00	DEND	0
	284	283	0.60	255.13	320.34	28.00	DEND	0
	285	283	0.60	265.95	324.16	28.00	DEND	0
	286	265	0.60	251.31	273.26	28.00	DEND	0
	287	286	0.60	241.45	275.49	28.00	DEND	0
	288	287	0.60	235.09	277.72	30.00	DEND	0
	289	288	0.60	228.73	284.71	32.00	DEND	0
	290	289	0.60	223.64	287.90	32.00	DEND	0
	291	290	0.60	231.27	296.80	32.00	DEND	0
	292	291	0.60	233.18	307.30	32.00	DEND	0
	293	292	0.60	238.27	310.48	32.00	DEND	0
	294	293	0.60	248.45	305.07	32.00	DEND	0
	295	290	0.60	212.50	292.03	32.00	DEND	0
	296	295	0.60	215.68	306.66	34.00	DEND	0
	297	296	0.60	206.78	310.80	34.00	DEND	0
	298	297	0.60	199.78	317.16	34.00	DEND	0
	299	298	0.60	192.14	324.16	34.00	DEND	0
	300	295	0.60	202.00	293.30	34.00	DEND	0
	301	300	0.60	189.92	295.85	34.00	DEND	0
	302	301	0.60	185.46	302.53	34.00	DEND	0
	303	302	0.60	174.96	308.25	34.00	DEND	0
	304	261	0.80	241.45	241.77	30.00	DEND	0
	305	304	0.70	234.45	241.77	30.00	DEND	0
	306	305	0.70	226.50	240.81	30.00	DEND	0
	307	306	0.70	220.45	245.59	30.00	DEND	0
	308	307	0.60	220.14	252.58	30.00	DEND	0
	309	308	0.60	218.55	261.81	30.00	DEND	0
	310	309	0.60	219.18	269.76	30.00	DEND	0
	311	310	0.60	213.14	278.99	30.00	DEND	0
	312	311	0.60	204.23	281.53	30.00	DEND	0
	313	312	0.60	198.82	287.26	30.00	DEND	0
	314	307	0.70	210.91	239.86	30.00	DEND	0
	315	314	0.60	214.41	231.59	30.00	DEND	0
	316	315	0.60	215.36	224.59	30.00	DEND	0
	317	314	0.70	199.78	241.77	30.00	DEND	0
	318	317	0.70	188.96	242.72	32.00	DEND	0
	319	318	0.70	182.28	253.54	34.00	DEND	0
	320	319	0.70	180.69	260.86	34.00	DEND	0
	321	320	0.60	173.37	261.49	34.00	DEND	0
	322	321	0.60	166.37	262.45	34.00	DEND	0
	323	322	0.60	160.97	271.04	34.00	DEND	0
	324	323	0.60	149.83	271.35	34.00	DEND	0
	325	324	0.60	141.24	271.04	34.00	DEND	0
	326	325	0.60	128.52	267.54	34.00	DEND	0
	327	321	0.60	181.01	268.81	34.00	DEND	0
	328	327	0.60	188.64	265.95	32.00	DEND	0
	329	328	0.60	197.87	267.54	32.00	DEND	0
	330	329	0.60	207.41	268.17	32.00	DEND	0
	331	327	0.60	177.51	278.35	32.00	DEND	0
	332	331	0.60	166.06	275.17	34.00	DEND	0
	333	332	0.60	157.15	276.12	34.00	DEND	0
	334	333	0.60	148.24	278.03	34.00	DEND	0
	338	306	0.60	230.00	246.86	32.00	DEND	0
	339	338	0.60	235.41	255.13	32.00	DEND	0
	340	339	0.60	233.50	264.35	30.00	DEND	0
	341	340	0.60	241.45	272.94	30.00	DEND	0
	342	341	0.60	250.36	280.90	30.00	DEND	0
	343	342	0.60	253.54	290.76	30.00	DEND	0
	344	0	1.20	182.60	153.01	28.00	DEND	0
	345	344	1.20	197.23	150.15	30.00	DEND	0
	346	345	1.20	209.64	147.29	32.00	DEND	0
	347	346	1.20	228.41	143.47	32.00	DEND	0
	348	347	1.00	241.77	147.92	32.00	DEND	0
	349	348	1.00	255.77	151.74	30.00	DEND	0
	350	349	1.00	263.08	160.01	26.00	DEND	0
	351	350	1.00	275.81	159.38	26.00	DEND	0
	352	351	1.00	285.35	166.37	24.00	DEND	0
	353	352	1.00	298.07	167.97	22.00	DEND	0
	354	353	1.00	308.25	165.42	20.00	DEND	0
	355	354	1.00	320.02	167.65	18.00	DEND	0
	356	349	1.00	267.22	148.88	26.00	DEND	0
	357	356	1.00	279.94	148.24	24.00	DEND	0
	358	357	1.00	288.53	143.47	22.00	DEND	0
	359	358	1.00	293.62	139.97	22.00	DEND	0
	360	359	0.80	304.44	139.65	20.00	DEND	0
	361	360	0.80	314.30	137.74	20.00	DEND	0
	362	361	0.80	324.16	136.47	18.00	DEND	0
	363	359	0.80	292.99	132.34	20.00	DEND	0
	364	363	0.80	295.85	125.97	20.00	DEND	0
	365	364	0.80	301.57	122.16	20.00	DEND	0
	366	365	0.80	297.76	114.52	20.00	DEND	0
	367	366	0.80	297.44	103.71	20.00	DEND	0
	368	367	0.80	296.48	93.21	18.00	DEND	0
	369	368	0.70	305.71	84.62	20.00	DEND	0
	370	369	0.70	310.48	78.57	16.00	DEND	0
	371	370	0.70	325.11	75.08	16.00	DEND	0
	372	370	0.70	304.12	70.62	18.00	DEND	0
	373	372	0.70	299.35	62.03	18.00	DEND	0
	374	373	0.60	308.57	60.44	16.00	DEND	0
	376	374	0.60	315.57	54.40	16.00	DEND	0
	377	376	0.60	320.34	46.44	14.00	DEND	0
	378	377	0.60	317.48	39.45	14.00	DEND	0
	379	378	0.60	308.25	31.18	14.00	DEND	0
	380	379	0.60	293.62	23.22	14.00	DEND	0
	375	373	0.70	294.26	57.26	16.00	DEND	0
	381	365	0.60	314.62	119.93	16.00	DEND	0
	382	381	0.60	325.11	114.52	16.00	DEND	0
	383	347	0.80	234.45	133.29	32.00	DEND	0
	384	383	0.70	236.04	121.84	32.00	DEND	0
	385	384	0.70	243.36	116.75	28.00	DEND	0
	386	385	0.70	256.72	114.52	26.00	DEND	0
	387	386	0.70	263.08	110.39	26.00	DEND	0
	388	387	0.70	271.99	113.57	24.00	DEND	0
	389	388	0.70	279.62	118.02	24.00	DEND	0
	390	387	0.70	263.72	104.98	24.00	DEND	0
	391	390	0.70	260.86	94.80	24.00	DEND	0
	392	391	0.70	258.63	86.53	24.00	DEND	0
	393	392	0.70	264.04	84.62	22.00	DEND	0
	394	393	0.70	273.26	89.39	22.00	DEND	0
	395	394	0.70	283.44	91.94	20.00	DEND	0
	396	395	0.70	291.39	93.21	20.00	DEND	0
	397	393	0.70	264.35	77.62	20.00	DEND	0
	398	397	0.70	275.49	75.08	20.00	DEND	0
	399	398	0.70	287.26	78.89	18.00	DEND	0
	400	399	0.70	293.30	85.89	18.00	DEND	0
	401	400	0.70	290.76	89.39	18.00	DEND	0
	402	392	0.60	253.86	82.39	24.00	DEND	0
	403	402	0.60	252.90	74.12	24.00	DEND	0
	404	403	0.60	250.68	68.71	24.00	DEND	0
	405	404	0.60	254.49	59.49	24.00	DEND	0
	406	404	0.60	243.04	64.26	24.00	DEND	0
	407	385	0.60	238.27	108.16	28.00	DEND	0
	408	407	0.50	234.45	98.62	28.00	DEND	0
	409	408	0.50	242.09	91.30	28.00	DEND	0
	410	409	0.50	249.40	85.26	26.00	DEND	0
	411	408	0.50	228.41	93.53	30.00	DEND	0
	412	411	0.50	228.09	81.12	30.00	DEND	0
	413	412	0.50	235.72	71.26	30.00	DEND	0
	414	413	0.50	240.50	66.49	28.00	DEND	0
	415	384	0.60	225.86	117.70	32.00	DEND	0
	416	415	0.60	217.27	113.25	32.00	DEND	0
	417	416	0.60	211.55	106.89	32.00	DEND	0
	418	417	0.60	214.09	96.71	32.00	DEND	0
	419	418	0.60	212.50	84.62	32.00	DEND	0
	420	419	0.60	215.05	73.17	32.00	DEND	0
	421	420	0.60	223.32	62.99	30.00	DEND	0
	422	421	0.60	220.14	55.03	28.00	DEND	0
	423	421	0.60	232.86	60.44	26.00	DEND	0
	424	423	0.50	231.59	51.22	26.00	DEND	0
	425	424	0.50	223.95	48.04	26.00	DEND	0
	426	425	0.50	217.59	35.31	26.00	DEND	0
	427	417	0.60	201.69	109.43	34.00	DEND	0
	428	427	0.60	192.14	111.66	34.00	DEND	0
	429	428	0.60	193.41	116.43	34.00	DEND	0
	430	429	0.50	203.28	121.20	34.00	DEND	0
	431	430	0.50	206.78	131.38	34.00	DEND	0
	432	431	0.50	215.05	134.56	34.00	DEND	0
	433	432	0.50	220.14	128.52	34.00	DEND	0
	434	432	0.50	216.64	140.29	34.00	DEND	0
	435	429	0.60	185.14	117.70	34.00	DEND	0
	436	435	0.60	179.10	123.43	34.00	DEND	0
	437	436	0.50	174.01	115.79	34.00	DEND	0
	438	437	0.50	172.74	105.61	34.00	DEND	0
	439	436	0.60	173.06	130.11	34.00	DEND	0
	440	439	0.60	165.10	131.06	34.00	DEND	0
	460	440	0.50	160.33	120.25	38.00	DEND	0
	461	460	0.50	156.83	111.98	38.00	DEND	0
	462	461	0.50	152.06	103.71	38.00	DEND	0
	463	440	0.60	159.38	138.06	38.00	DEND	0
	464	463	0.60	147.92	141.56	38.00	DEND	0
	465	464	0.50	133.93	139.33	38.00	DEND	0
	466	465	0.50	126.61	141.24	38.00	DEND	0
	467	466	0.50	103.07	129.79	38.00	DEND	0
	441	439	0.60	188.64	139.97	34.00	DEND	0
	442	428	0.50	187.37	104.98	34.00	DEND	0
	443	442	0.50	175.60	97.98	34.00	DEND	0
	444	443	0.50	170.51	88.44	34.00	DEND	0
	447	444	0.50	179.10	84.94	36.00	DEND	0
	448	447	0.50	187.05	90.03	36.00	DEND	0
	449	448	0.50	195.64	88.12	36.00	DEND	0
	450	449	0.50	204.55	86.53	36.00	DEND	0
	451	447	0.50	180.37	75.71	36.00	DEND	0
	452	451	0.50	188.32	74.12	36.00	DEND	0
	453	452	0.50	190.55	61.40	34.00	DEND	0
	454	453	0.50	188.32	50.26	32.00	DEND	0
	455	454	0.50	183.23	38.81	32.00	DEND	0
	456	455	0.50	181.96	26.09	32.00	DEND	0
	457	444	0.50	164.78	80.48	36.00	DEND	0
	458	457	0.50	157.15	78.57	36.00	DEND	0
	459	458	0.50	145.38	80.17	36.00	DEND	0
	445	443	0.50	164.47	100.84	36.00	DEND	0
	446	445	0.50	154.60	99.25	36.00	DEND	0
	601	0	1.30	158.10	149.20	32.00	DEND	0
	602	601	1.30	145.70	144.74	34.00	DEND	0
	603	602	1.30	135.52	144.74	38.00	DEND	0
	604	603	1.30	125.97	146.02	38.00	DEND	0
	672	604	0.90	118.66	136.15	38.00	DEND	0
	673	672	0.90	110.39	130.43	38.00	DEND	0
	674	673	0.90	103.07	122.79	38.00	DEND	0
	675	674	0.90	96.07	116.11	38.00	DEND	0
	676	675	0.90	90.66	110.39	38.00	DEND	0
	677	676	0.80	88.75	101.48	38.00	DEND	0
	678	677	0.80	88.44	94.80	38.00	DEND	0
	679	678	0.70	81.12	88.12	38.00	DEND	0
	680	679	0.70	71.26	83.98	38.00	DEND	0
	681	680	0.60	63.62	82.07	38.00	DEND	0
	682	681	0.60	63.31	76.98	38.00	DEND	0
	683	681	0.60	58.53	84.62	38.00	DEND	0
	684	678	0.60	101.80	93.21	38.00	DEND	0
	685	684	0.60	112.30	91.30	38.00	DEND	0
	686	685	0.60	123.75	94.16	38.00	DEND	0
	687	686	0.60	134.56	98.93	38.00	DEND	0
	688	687	0.60	144.11	101.48	38.00	DEND	0
	689	687	0.60	129.47	104.02	38.00	DEND	0
	690	689	0.60	133.61	112.93	38.00	DEND	0
	691	690	0.60	137.74	123.75	38.00	DEND	0
	692	604	1.00	121.52	147.61	36.00	DEND	0
	693	692	1.00	119.93	156.83	36.00	DEND	0
	694	693	1.00	114.84	167.65	36.00	DEND	0
	695	694	1.00	107.21	175.28	38.00	DEND	0
	696	695	0.80	99.25	169.56	40.00	DEND	0
	697	696	0.80	90.35	164.47	40.00	DEND	0
	698	697	0.80	93.53	158.74	40.00	DEND	0
	699	697	0.80	82.71	167.97	40.00	DEND	0
	700	695	1.00	108.16	182.60	40.00	DEND	0
	701	700	1.00	101.16	186.73	38.00	DEND	0
	702	701	1.00	95.43	196.60	38.00	DEND	0
	703	702	1.00	92.25	205.82	38.00	DEND	0
	704	703	0.90	88.75	213.46	38.00	DEND	0
	705	704	0.90	89.39	225.54	36.00	DEND	0
	710	705	0.70	81.76	229.36	36.00	DEND	0
	711	710	0.70	69.99	227.45	36.00	DEND	0
	712	711	0.70	59.49	224.59	34.00	DEND	0
	713	712	0.70	50.90	228.41	34.00	DEND	0
	714	713	0.70	49.94	239.22	34.00	DEND	0
	715	714	0.70	51.22	245.59	34.00	DEND	0
	716	715	0.70	64.26	244.00	34.00	DEND	0
	717	715	0.70	46.13	248.77	34.00	DEND	0
	782	710	0.60	81.76	237.00	34.00	DEND	0
	783	782	0.60	75.71	244.63	34.00	DEND	0
	784	783	0.60	71.26	253.54	34.00	DEND	0
	785	784	0.60	64.58	255.77	34.00	DEND	0
	786	785	0.60	55.99	259.26	34.00	DEND	0
	787	786	0.60	47.72	257.67	34.00	DEND	0
	788	787	0.60	36.90	261.81	36.00	DEND	0
	789	788	0.60	29.27	258.63	36.00	DEND	0
	790	789	0.60	24.18	250.68	36.00	DEND	0
	791	790	0.60	14.63	254.49	36.00	DEND	0
	792	788	0.60	30.54	272.94	36.00	DEND	0
	793	792	0.60	18.77	274.85	36.00	DEND	0
	794	793	0.60	10.18	273.58	36.00	DEND	0
	795	786	0.60	56.62	267.22	36.00	DEND	0
	796	795	0.60	48.35	274.85	36.00	DEND	0
	797	796	0.60	38.17	278.99	36.00	DEND	0
	798	797	0.60	30.54	286.62	34.00	DEND	0
	799	798	0.60	13.04	288.85	34.00	DEND	0
	745	705	0.80	93.84	234.45	36.00	DEND	0
	746	745	0.80	93.84	245.27	36.00	DEND	0
	747	746	0.70	85.89	248.13	34.00	DEND	0
	748	747	0.70	77.94	256.72	34.00	DEND	0
	749	748	0.70	70.94	267.85	34.00	DEND	0
	750	749	0.70	72.21	277.72	34.00	DEND	0
	751	750	0.70	62.67	284.71	34.00	DEND	0
	752	751	0.70	63.31	293.62	34.00	DEND	0
	753	751	0.70	53.44	287.26	34.00	DEND	0
	754	753	0.70	56.31	299.35	34.00	DEND	0
	755	754	0.70	57.58	306.35	34.00	DEND	0
	756	753	0.70	43.90	285.67	34.00	DEND	0
	757	746	0.80	95.75	248.45	34.00	DEND	0
	758	757	0.60	103.07	247.81	34.00	DEND	0
	759	758	0.60	109.11	256.40	34.00	DEND	0
	760	759	0.60	121.84	254.17	34.00	DEND	0
	761	760	0.60	132.97	256.72	34.00	DEND	0
	762	761	0.60	138.06	253.22	34.00	DEND	0
	763	757	0.70	95.75	256.40	34.00	DEND	0
	764	763	0.70	98.62	265.31	34.00	DEND	0
	765	764	0.60	96.71	274.85	34.00	DEND	0
	766	765	0.60	91.62	282.49	34.00	DEND	0
	767	766	0.60	86.21	292.03	34.00	DEND	0
	768	767	0.60	76.67	300.62	34.00	DEND	0
	769	764	0.60	110.39	274.22	34.00	DEND	0
	770	769	0.60	111.66	286.30	36.00	DEND	0
	771	770	0.60	115.16	294.89	36.00	DEND	0
	772	769	0.60	119.93	271.67	34.00	DEND	0
	773	772	0.60	129.47	271.99	34.00	DEND	0
	774	773	0.60	139.02	279.62	34.00	DEND	0
	775	774	0.60	151.74	285.99	34.00	DEND	0
	776	775	0.60	157.79	287.58	34.00	DEND	0
	777	776	0.60	159.38	295.21	34.00	DEND	0
	778	777	0.60	174.65	292.67	34.00	DEND	0
	779	778	0.60	181.01	286.30	34.00	DEND	0
	780	778	0.60	179.74	298.07	34.00	DEND	0
	781	777	0.60	161.60	308.57	34.00	DEND	0
	706	704	0.70	80.17	209.32	36.00	DEND	0
	707	706	0.70	71.89	211.87	36.00	DEND	0
	708	707	0.70	65.85	216.00	36.00	DEND	0
	709	708	0.70	54.72	222.68	36.00	DEND	0
	718	700	0.80	112.93	188.32	36.00	DEND	0
	719	718	0.80	109.75	196.60	36.00	DEND	0
	720	719	0.80	109.75	203.91	36.00	DEND	0
	721	720	0.70	104.98	208.68	36.00	DEND	0
	722	721	0.70	102.43	215.05	36.00	DEND	0
	723	722	0.70	97.34	221.73	36.00	DEND	0
	724	720	0.80	119.29	205.82	36.00	DEND	0
	725	724	0.70	125.97	201.05	36.00	DEND	0
	726	725	0.70	136.15	199.46	36.00	DEND	0
	727	726	0.70	137.11	186.73	36.00	DEND	0
	728	727	0.70	143.47	181.01	36.00	DEND	0
	729	727	0.70	129.47	181.96	36.00	DEND	0
	730	729	0.70	123.43	187.05	36.00	DEND	0
	731	730	0.60	115.79	183.87	36.00	DEND	0
	732	730	0.60	129.47	192.78	36.00	DEND	0
	733	726	0.60	149.51	202.32	36.00	DEND	0
	734	733	0.60	160.33	199.14	36.00	DEND	0
	735	734	0.60	161.92	187.05	38.00	DEND	0
	736	735	0.60	168.28	184.19	38.00	DEND	0
	737	724	0.60	121.84	211.55	36.00	DEND	0
	738	737	0.60	132.97	214.41	36.00	DEND	0
	739	738	0.60	141.88	217.59	36.00	DEND	0
	740	739	0.60	148.56	209.00	36.00	DEND	0
	741	740	0.60	145.06	203.91	36.00	DEND	0
	742	740	0.60	155.56	211.87	36.00	DEND	0
	743	737	0.60	114.20	221.73	36.00	DEND	0
	744	743	0.60	107.21	216.96	36.00	DEND	0
	800	692	0.90	111.02	145.70	38.00	DEND	0
	801	800	0.90	102.75	144.11	38.00	DEND	0
	802	801	0.70	95.12	140.29	38.00	DEND	0
	803	802	0.70	86.85	130.75	38.00	DEND	0
	804	803	0.70	83.03	121.52	40.00	DEND	0
	805	804	0.70	76.35	111.98	40.00	DEND	0
	806	805	0.70	71.58	102.43	40.00	DEND	0
	807	806	0.70	59.81	97.03	38.00	DEND	0
	808	807	0.70	52.81	90.98	40.00	DEND	0
	809	808	0.70	46.76	82.71	38.00	DEND	0
	810	807	0.60	46.44	100.21	40.00	DEND	0
	811	810	0.60	34.36	104.02	40.00	DEND	0
	812	811	0.60	24.49	105.61	40.00	DEND	0
	813	812	0.60	14.95	98.93	40.00	DEND	0
	814	813	0.60	11.13	90.66	40.00	DEND	0
	815	814	0.60	1.59	89.39	40.00	DEND	0
	816	814	0.60	11.45	82.39	40.00	DEND	0
	817	816	0.60	3.18	76.98	40.00	DEND	0
	818	801	0.80	94.48	147.92	40.00	DEND	0
	819	818	0.80	82.71	150.47	40.00	DEND	0
	820	819	0.70	71.89	143.47	40.00	DEND	0
	863	820	0.60	59.49	142.52	40.00	DEND	0
	864	863	0.60	47.40	139.65	40.00	DEND	0
	865	864	0.60	34.36	135.52	40.00	DEND	0
	866	865	0.60	27.36	134.88	40.00	DEND	0
	867	820	0.60	69.67	131.70	40.00	DEND	0
	868	867	0.60	64.26	125.97	40.00	DEND	0
	869	868	0.60	62.99	115.16	40.00	DEND	0
	870	869	0.60	55.03	104.98	40.00	DEND	0
	871	868	0.60	54.40	121.20	40.00	DEND	0
	872	871	0.60	44.22	117.38	40.00	DEND	0
	873	872	0.60	33.40	119.93	40.00	DEND	0
	874	873	0.60	24.81	121.52	40.00	DEND	0
	875	874	0.60	16.54	122.47	40.00	DEND	0
	876	875	0.60	5.09	122.16	40.00	DEND	0
	821	819	0.70	74.76	163.83	38.00	DEND	0
	822	821	0.70	76.98	175.92	38.00	DEND	0
	823	822	0.70	75.08	182.92	38.00	DEND	0
	824	823	0.70	72.21	190.23	38.00	DEND	0
	825	824	0.70	65.53	190.55	38.00	DEND	0
	833	825	0.60	56.62	186.73	36.00	DEND	0
	834	833	0.60	49.63	181.33	36.00	DEND	0
	835	834	0.60	40.40	174.33	36.00	DEND	0
	836	825	0.70	62.03	199.14	36.00	DEND	0
	837	836	0.70	51.53	201.05	36.00	DEND	0
	838	837	0.70	41.36	201.37	36.00	DEND	0
	839	838	0.60	35.63	196.60	36.00	DEND	0
	840	839	0.60	30.22	188.32	36.00	DEND	0
	841	840	0.50	17.18	187.05	36.00	DEND	0
	842	841	0.50	5.73	188.64	36.00	DEND	0
	843	839	0.50	24.81	201.37	36.00	DEND	0
	844	843	0.50	16.86	196.28	36.00	DEND	0
	845	844	0.50	5.41	194.37	36.00	DEND	0
	846	843	0.50	13.68	205.18	36.00	DEND	0
	847	846	0.50	7.63	216.00	36.00	DEND	0
	848	847	0.50	1.91	222.36	36.00	DEND	0
	849	838	0.70	40.40	214.41	36.00	DEND	0
	850	849	0.70	36.27	226.82	36.00	DEND	0
	851	850	0.70	34.36	237.95	34.00	DEND	0
	852	851	0.70	34.99	248.13	34.00	DEND	0
	853	852	0.70	35.95	257.99	34.00	DEND	0
	826	823	0.60	83.35	183.87	38.00	DEND	0
	827	826	0.60	87.16	188.96	38.00	DEND	0
	828	827	0.60	84.30	196.28	38.00	DEND	0
	829	828	0.60	77.62	198.19	38.00	DEND	0
	830	829	0.60	72.53	196.91	38.00	DEND	0
	831	830	0.60	63.62	202.32	38.00	DEND	0
	832	827	0.60	91.94	185.78	38.00	DEND	0
	854	821	0.60	63.94	163.51	40.00	DEND	0
	855	854	0.60	52.49	163.51	40.00	DEND	0
	856	855	0.60	41.04	164.78	40.00	DEND	0
	857	856	0.60	34.36	157.15	40.00	DEND	0
	858	857	0.60	20.68	151.42	40.00	DEND	0
	859	858	0.60	7.95	150.79	38.00	DEND	0
	860	859	0.60	2.54	155.24	38.00	DEND	0
	861	856	0.60	31.49	173.37	38.00	DEND	0
	862	861	0.60	27.99	182.60	38.00	DEND	0
	605	602	0.90	142.52	136.15	38.00	DEND	0
	606	605	0.90	141.56	124.70	38.00	DEND	0
	607	606	0.90	141.88	114.20	38.00	DEND	0
	608	607	0.90	145.70	104.34	38.00	DEND	0
	609	608	0.80	147.92	95.12	38.00	DEND	0
	610	609	0.80	140.93	87.80	36.00	DEND	0
	611	610	0.70	132.65	87.48	38.00	DEND	0
	612	611	0.70	120.25	77.62	38.00	DEND	0
	613	612	0.60	115.79	82.71	38.00	DEND	0
	614	613	0.60	104.66	81.44	38.00	DEND	0
	615	614	0.60	96.07	77.62	38.00	DEND	0
	616	615	0.60	86.21	82.07	38.00	DEND	0
	617	612	0.70	115.79	68.39	38.00	DEND	0
	618	617	0.70	103.39	67.76	38.00	DEND	0
	619	618	0.60	95.75	66.80	38.00	DEND	0
	620	619	0.60	92.57	63.31	38.00	DEND	0
	621	620	0.60	95.12	59.17	40.00	DEND	0
	622	621	0.60	94.80	51.53	40.00	DEND	0
	623	622	0.60	95.43	45.81	40.00	DEND	0
	624	621	0.60	101.48	56.31	40.00	DEND	0
	625	624	0.60	105.30	48.35	40.00	DEND	0
	626	620	0.50	81.76	66.49	40.00	DEND	0
	627	626	0.50	69.35	63.94	40.00	DEND	0
	628	627	0.50	63.31	55.35	40.00	DEND	0
	629	628	0.50	52.49	55.03	40.00	DEND	0
	630	629	0.50	45.49	65.85	40.00	DEND	0
	631	630	0.50	32.77	64.58	40.00	DEND	0
	652	610	0.60	140.93	78.26	36.00	DEND	0
	653	652	0.60	136.79	72.21	36.00	DEND	0
	654	653	0.60	142.52	63.94	36.00	DEND	0
	655	654	0.60	148.24	57.58	36.00	DEND	0
	656	655	0.50	145.38	48.67	36.00	DEND	0
	657	656	0.50	136.47	43.58	38.00	DEND	0
	658	657	0.50	124.38	42.63	38.00	DEND	0
	659	658	0.50	112.93	41.99	38.00	DEND	0
	660	655	0.60	159.69	61.08	36.00	DEND	0
	661	660	0.60	162.24	56.31	36.00	DEND	0
	662	661	0.50	157.79	48.99	36.00	DEND	0
	663	662	0.50	154.29	42.31	36.00	DEND	0
	664	663	0.50	152.70	33.08	36.00	DEND	0
	665	661	0.50	171.46	59.17	36.00	DEND	0
	666	665	0.50	174.96	52.17	34.00	DEND	0
	670	660	0.60	166.37	65.21	36.00	DEND	0
	671	670	0.60	169.24	72.21	36.00	DEND	0
	667	654	0.50	133.29	61.71	36.00	DEND	0
	668	667	0.50	124.70	60.12	36.00	DEND	0
	669	668	0.50	119.61	62.99	36.00	DEND	0
	877	601	1.00	162.24	146.02	36.00	DEND	0
	878	877	1.00	168.28	154.60	36.00	DEND	0
	879	878	0.90	173.06	162.88	36.00	DEND	0
	880	879	0.80	183.55	162.24	36.00	DEND	0
	881	880	0.80	194.69	166.06	36.00	DEND	0
	882	881	0.80	206.46	168.92	34.00	DEND	0
	883	882	0.80	216.96	174.65	34.00	DEND	0
	884	883	0.80	229.04	171.15	32.00	DEND	0
	885	879	0.70	165.10	165.74	36.00	DEND	0
	886	885	0.70	157.15	173.06	36.00	DEND	0
	887	885	0.70	152.38	177.19	36.00	DEND	0
	888	887	0.60	144.74	174.33	36.00	DEND	0
	889	888	0.60	137.74	164.15	36.00	DEND	0
	890	889	0.60	127.25	165.10	36.00	DEND	0
	891	890	0.60	118.66	168.92	36.00	DEND	0
	892	889	0.60	141.56	155.24	36.00	DEND	0
	893	892	0.60	150.47	152.70	36.00	DEND	0
	894	885	0.70	172.42	167.33	36.00	DEND	0
	895	894	0.70	177.19	176.55	36.00	DEND	0
	896	895	0.70	180.37	182.28	36.00	DEND	0
	897	896	0.60	194.05	184.51	34.00	DEND	0
	898	897	0.60	200.10	180.05	34.00	DEND	0
	899	897	0.60	203.28	189.92	34.00	DEND	0
	900	899	0.60	206.46	185.14	34.00	DEND	0
	901	899	0.60	208.37	195.32	34.00	DEND	0
	902	896	0.70	172.74	187.37	34.00	DEND	0
	903	902	0.70	174.01	193.10	34.00	DEND	0
	904	903	0.60	181.01	202.96	36.00	DEND	0
	905	904	0.60	189.28	213.46	36.00	DEND	0
	906	905	0.60	190.55	223.95	34.00	DEND	0
	907	906	0.50	198.50	234.77	34.00	DEND	0
	908	906	0.50	175.92	232.22	34.00	DEND	0
	909	908	0.50	179.74	240.81	34.00	DEND	0
	910	908	0.50	173.37	228.73	34.00	DEND	0
	911	910	0.50	167.33	216.96	34.00	DEND	0
	912	911	0.50	175.28	214.09	34.00	DEND	0
	913	910	0.50	164.78	236.36	34.00	DEND	0
	914	913	0.50	168.28	247.49	34.00	DEND	0
	915	903	0.60	163.83	201.05	36.00	DEND	0
	916	915	0.60	158.10	213.46	36.00	DEND	0
	917	916	0.60	165.74	215.68	36.00	DEND	0
	918	916	0.60	149.83	217.91	36.00	DEND	0
	919	918	0.60	147.29	232.54	36.00	DEND	0
	920	919	0.60	140.61	234.13	36.00	DEND	0
	921	920	0.60	137.74	227.45	36.00	DEND	0
	922	921	0.60	134.25	219.50	36.00	DEND	0
	923	920	0.60	130.11	234.13	36.00	DEND	0
	924	923	0.60	116.75	237.63	36.00	DEND	0
	925	924	0.60	104.34	238.27	36.00	DEND	0
	926	925	0.60	104.66	233.82	36.00	DEND	0
	927	925	0.60	99.25	237.95	36.00	DEND	0
	928	919	0.50	149.20	239.86	36.00	DEND	0
	929	928	0.50	156.20	248.13	36.00	DEND	0
	930	929	0.50	157.79	254.17	36.00	DEND	0
	931	930	0.50	162.88	256.08	36.00	DEND	0
	932	931	1.50	199.60	327.80	6.00	AXON	0
	933	932	1.50	1799.60	327.80	6.00	AXON_DIST	0