0	0	20	164.78	156.2	-18	SOMA      	0
1	0	1.7	161.28	166.06	-20	HILLOCK     	0
2	1	1.6	158.1	167.97	-22	HILLOCK     	0
3	2	1.6	157.15	173.06	-22	HILLOCK     	0
4	3	1.6	154.29	179.42	-22	HILLOCK     	0
5	4	1.6	153.65	189.28	-22	HILLOCK     	0
6	5	1.3	149.2	196.28	-22	HILLOCK     	0
7	6	1.1	149.2	205.18	-22	HILLOCK     	0
8	7	1	145.38	216	-22	HILLOCK     	0
9	8	0.5	146.65	222.68	-22	AXON_THIN 	0
10	9	0.5	146.33	229.04	-22	AXON_THIN 	0
11	10	0.5	144.74	239.54	-22	AXON_THIN 	0
12	11	0.5	146.33	250.99	-22	AXON_THIN 	0
13	12	0.5	148.88	262.76	-22	AXON_THIN 	0
14	13	0.5	153.33	275.17	-22	AXON_THIN 	0
15	14	0.5	159.06	285.03	-22	AXON_THIN 	0
16	15	1	163.51	294.58	-24	AXON      	0
17	16	1.25	171.46	308.25	-25	AXON      	0
18	17	1.5	177.83	316.53	-28	AXON      	0
19	18	1.5	182.6	324.8	-30	AXON      	0
20	0	2	169.87	146.33	-5	DEND     	0
21	20	2	174.65	138.06	-5	DEND     	0
22	21	1.9	182.6	133.29	-5	DEND     	0
23	22	1.9	190.23	129.79	-5	DEND     	0
28	23	1.9	195.96	123.43	-5	DEND     	0
65	28	1.7	193.41	115.16	-5	DEND     	0
66	65	1.4	187.05	103.71	-5	DEND     	0
67	66	1.1	192.14	92.89	-5	DEND     	0
116	67	1	202.96	88.75	-5	DEND     	0
117	116	1	209	86.21	-5	DEND     	0
118	117	1	211.87	87.16	-5	DEND     	0
119	118	0.8	209.64	91.94	-5	DEND     	0
120	119	0.8	207.73	97.66	-5	DEND     	0
121	120	0.8	208.05	102.12	-5	DEND     	0
122	118	0.9	218.55	83.98	-5	DEND     	0
123	122	0.9	225.23	81.76	-5	DEND     	0
124	123	0.9	229.04	78.89	-5	DEND     	0
125	124	0.9	235.72	83.35	-5	DEND     	0
126	125	0.9	243.04	88.75	-5	DEND     	0
127	117	1	207.41	80.17	-5	DEND     	0
128	127	1	206.78	76.98	-5	DEND     	0
129	128	0.9	215.68	74.76	-5	DEND     	0
130	129	0.9	224.27	68.08	-5	DEND     	0
131	130	0.9	232.22	64.9	-5	DEND     	0
132	128	1	204.23	74.12	-5	DEND     	0
133	132	1	201.05	71.26	-2.5	DEND     	0
134	133	0.9	192.78	73.48	-2.5	DEND     	0
135	134	0.9	190.55	65.53	-2.5	DEND     	0
136	135	0.9	184.19	61.08	0	DEND     	0
137	136	0.9	170.83	59.17	0	DEND     	0
138	137	0.9	166.69	55.03	0	DEND     	0
139	138	0.9	164.78	49.31	0	DEND     	0
140	133	0.9	206.14	63.62	-2.5	DEND     	0
141	140	0.8	204.55	56.62	-2.5	DEND     	0
142	141	0.8	209.64	48.04	-2.5	DEND     	0
143	142	0.8	204.55	40.72	-2.5	DEND     	0
144	142	0.8	215.36	47.72	-2.5	DEND     	0
145	144	0.8	214.41	39.13	-2.5	DEND     	0
146	67	1	187.69	86.21	-5	DEND     	0
147	146	1	186.73	80.17	-5	DEND     	0
148	147	0.8	180.37	80.17	-5	DEND     	0
149	148	0.8	174.33	75.39	-5	DEND     	0
150	149	0.8	168.28	72.53	-5	DEND     	0
151	150	0.8	166.37	78.57	-5	DEND     	0
152	147	0.9	188.32	76.03	-5	DEND     	0
153	152	0.9	184.19	69.99	-5	DEND     	0
154	153	0.9	177.51	63.62	-5	DEND     	0
155	154	0.8	168.28	66.49	-5	DEND     	0
156	155	0.8	159.06	68.39	-5	DEND     	0
157	156	0.8	152.7	65.53	-5	DEND     	0
158	157	0.8	145.06	68.08	-5	DEND     	0
159	158	0.8	139.33	63.94	-5	DEND     	0
160	159	0.8	125.66	66.17	-5	DEND     	0
161	154	0.8	176.55	54.72	-5	DEND     	0
162	161	0.7	171.78	49.94	-5	DEND     	0
163	162	0.7	169.24	43.26	-5	DEND     	0
164	163	0.7	164.15	39.76	-5	DEND     	0
165	164	0.7	165.42	35.63	-5	DEND     	0
166	161	0.8	183.87	50.26	-5	DEND     	0
167	166	0.8	190.87	45.49	-5	DEND     	0
168	167	0.8	188.96	39.45	-5	DEND     	0
169	168	0.7	193.73	34.67	-5	DEND     	0
170	169	0.7	193.73	27.99	-5	DEND     	0
171	170	0.7	190.23	25.45	-5	DEND     	0
172	168	0.8	181.96	34.67	-5	DEND     	0
173	172	0.8	177.51	29.58	-5	DEND     	0
174	173	0.8	181.96	23.54	-5	DEND     	0
175	174	0.8	177.83	7.32	-5	DEND     	0
176	167	0.8	200.1	45.17	-5	DEND     	0
177	176	0.7	202.96	39.45	-5	DEND     	0
178	177	0.6	204.87	31.49	-5	DEND     	0
179	178	0.6	199.46	25.45	-5	DEND     	0
180	179	0.6	196.6	13.36	-5	DEND     	0
181	177	0.7	216.32	36.9	-5	DEND     	0
182	181	0.7	226.82	33.72	-5	DEND     	0
183	182	0.7	230.32	24.81	-5	DEND     	0
184	182	0.7	237.31	40.4	-5	DEND     	0
185	176	0.8	207.09	50.26	-5	DEND     	0
186	185	0.8	213.77	52.17	-5	DEND     	0
187	186	0.8	218.55	45.81	-5	DEND     	0
188	187	0.8	225.86	46.44	-5	DEND     	0
189	186	0.7	221.73	55.35	-5	DEND     	0
190	189	0.7	231.91	55.99	-5	DEND     	0
191	190	0.7	241.45	52.49	-5	DEND     	0
192	191	0.7	246.86	52.17	-5	DEND     	0
193	192	0.7	251.31	46.76	-5	DEND     	0
194	193	0.7	256.4	49.94	-5	DEND     	0
195	192	0.7	248.13	55.35	-5	DEND     	0
196	152	0.8	193.73	69.67	-5	DEND     	0
197	196	0.8	194.37	63.31	-5	DEND     	0
198	197	0.8	200.1	60.44	-5	DEND     	0
199	198	0.8	203.28	55.03	-5	DEND     	0
200	198	0.8	210.59	64.58	-5	DEND     	0
201	200	0.8	213.14	67.12	-5	DEND     	0
202	200	0.8	210.91	58.85	-5	DEND     	0
203	202	0.8	209	54.08	-5	DEND     	0
68	28	1.2	202	123.43	-5	DEND     	0
69	68	1	207.73	118.98	-5	DEND     	0
70	69	1	218.23	119.93	-5	DEND     	0
71	70	1	222.05	116.43	-5	DEND     	0
72	71	1	223.64	111.66	-5	DEND     	0
478	72	0.9	224.91	104.66	0	DEND     	0
479	478	0.9	232.86	107.52	0	DEND     	0
480	479	0.9	235.09	112.93	0	DEND     	0
481	480	0.9	244.31	118.34	0	DEND     	0
482	481	0.9	249.4	127.88	0	DEND     	0
483	482	0.9	255.13	129.47	0	DEND     	0
484	483	0.9	249.4	135.2	0	DEND     	0
485	483	0.8	260.54	129.47	0	DEND     	0
486	485	0.8	263.72	125.66	0	DEND     	0
487	486	0.8	273.26	134.88	0	DEND     	0
488	487	0.8	282.17	135.84	0	DEND     	0
489	488	0.8	291.08	142.2	0	DEND     	0
490	479	0.9	240.5	104.34	0	DEND     	0
491	490	0.9	236.68	100.84	0	DEND     	0
492	490	0.9	244.31	111.02	0	DEND     	0
493	492	0.9	251.63	116.11	0	DEND     	0
494	493	0.9	253.22	112.3	0	DEND     	0
495	494	0.9	253.22	99.89	0	DEND     	0
496	495	0.9	257.04	94.48	0	DEND     	0
497	496	0.9	264.04	91.3	0	DEND     	0
498	497	0.9	262.13	87.48	0	DEND     	0
499	497	0.9	267.85	99.89	0	DEND     	0
500	499	0.9	274.53	101.16	0	DEND     	0
501	494	0.8	263.4	116.11	0	DEND     	0
502	501	0.8	274.85	121.84	0	DEND     	0
503	502	0.8	276.44	113.25	0	DEND     	0
504	503	0.8	287.9	111.98	0	DEND     	0
505	504	0.8	298.71	107.84	0	DEND     	0
506	505	0.8	305.71	107.84	0	DEND     	0
507	506	0.8	304.76	103.07	0	DEND     	0
508	506	0.8	307.94	116.43	0	DEND     	0
509	502	0.8	289.49	128.2	0	DEND     	0
510	478	0.9	223.64	101.48	0	DEND     	0
511	510	0.7	229.36	96.71	0	DEND     	0
512	511	0.7	239.22	90.66	0	DEND     	0
513	512	0.6	248.77	93.53	0	DEND     	0
514	512	0.7	236.36	79.53	0	DEND     	0
515	514	0.7	241.45	71.89	0	DEND     	0
516	515	0.7	240.18	65.53	0	DEND     	0
517	516	0.7	240.5	56.94	0	DEND     	0
518	517	0.7	251.63	56.94	0	DEND     	0
519	518	0.7	252.58	54.08	0	DEND     	0
520	515	0.7	251.95	73.17	0	DEND     	0
521	520	0.7	262.45	71.58	0	DEND     	0
522	521	0.7	264.35	66.8	0	DEND     	0
523	510	0.9	219.18	100.84	0	DEND     	0
524	523	0.7	221.73	95.75	0	DEND     	0
525	524	0.7	222.36	90.66	0	DEND     	0
526	525	0.7	215.36	90.35	0	DEND     	0
527	526	0.7	206.46	90.98	0	DEND     	0
528	527	0.7	206.46	84.3	0	DEND     	0
529	528	0.7	209.64	76.03	0	DEND     	0
530	523	0.8	215.36	102.43	0	DEND     	0
531	530	0.8	211.87	94.8	0	DEND     	0
532	530	0.8	204.55	99.89	0	DEND     	0
533	532	0.8	197.55	97.98	0	DEND     	0
534	533	0.8	195.64	93.53	0	DEND     	0
73	71	1	230	117.7	-5	DEND     	0
74	73	1	232.22	111.98	-5	DEND     	0
75	74	1	239.54	106.57	-5	DEND     	0
76	75	1	245.9	114.52	-5	DEND     	0
77	76	1	250.99	118.98	-5	DEND     	0
78	69	1	209.96	111.34	-5	DEND     	0
79	78	1	221.73	103.71	-5	DEND     	0
80	79	1	231.59	98.62	-5	DEND     	0
81	80	0.9	242.09	95.43	-5	DEND     	0
82	81	0.9	253.86	89.71	-5	DEND     	0
83	82	0.7	262.13	94.48	-5	DEND     	0
84	83	0.7	268.49	102.43	-5	DEND     	0
85	84	0.7	260.86	107.84	-5	DEND     	0
86	85	0.7	255.13	113.25	-5	DEND     	0
87	86	0.7	247.49	103.39	-5	DEND     	0
88	87	0.7	249.72	96.39	-5	DEND     	0
89	87	0.7	241.77	100.84	-5	DEND     	0
90	89	0.7	236.68	104.02	-5	DEND     	0
91	84	0.7	280.26	104.66	-5	DEND     	0
92	91	0.7	290.44	105.93	-5	DEND     	0
93	92	0.7	294.26	101.16	-5	DEND     	0
94	82	0.9	252.58	81.76	-5	DEND     	0
95	94	0.9	260.86	75.08	-5	DEND     	0
96	95	0.8	271.99	78.26	-5	DEND     	0
97	96	0.8	275.81	86.85	-5	DEND     	0
98	97	0.8	280.9	92.89	-5	DEND     	0
99	96	0.8	282.49	75.08	-5	DEND     	0
100	99	0.8	289.8	77.62	-5	DEND     	0
101	100	0.8	294.26	66.17	-5	DEND     	0
102	100	0.8	300.94	79.85	-5	DEND     	0
108	95	0.8	254.81	63.94	-5	DEND     	0
109	108	0.8	257.67	59.49	-5	DEND     	0
110	109	0.8	265.31	60.76	-5	DEND     	0
111	110	0.8	267.85	65.21	-5	DEND     	0
112	111	0.8	269.13	71.58	-5	DEND     	0
113	111	0.8	279.94	61.4	-5	DEND     	0
114	110	0.8	268.17	50.26	-5	DEND     	0
115	114	0.8	260.22	38.81	-5	DEND     	0
103	94	0.9	246.54	76.67	-5	DEND     	0
104	103	0.9	243.04	68.71	-5	DEND     	0
105	104	0.9	242.4	64.58	-5	DEND     	0
106	105	0.9	237.31	62.03	-5	DEND     	0
107	105	0.9	248.45	59.49	-5	DEND     	0
29	23	1	195.01	132.34	-5	DEND     	0
30	29	1	201.05	135.52	-5	DEND     	0
31	30	1	208.68	138.38	-5	DEND     	0
32	31	1	216	141.24	-5	DEND     	0
33	32	1	224.91	144.42	-5	DEND     	0
34	33	1	234.13	145.06	-5	DEND     	0
35	34	1	243.04	147.92	-5	DEND     	0
36	35	1	248.77	140.29	-5	DEND     	0
37	36	1	251.31	136.79	-5	DEND     	0
53	37	1	254.17	131.06	-5	DEND     	0
54	53	0.9	246.86	124.7	-5	DEND     	0
55	54	0.9	237.95	124.38	-5	DEND     	0
56	55	0.9	231.27	121.52	-5	DEND     	0
57	53	1	269.76	128.84	-5	DEND     	0
58	57	0.8	265.63	122.47	-5	DEND     	0
59	58	0.8	266.58	116.75	-5	DEND     	0
60	59	0.8	273.58	116.75	-5	DEND     	0
61	57	0.8	282.81	125.66	-5	DEND     	0
62	61	0.8	288.85	115.16	-5	DEND     	0
63	62	0.8	299.03	117.07	-5	DEND     	0
64	63	0.8	303.48	123.11	-5	DEND     	0
38	36	1	258.63	142.83	-5	DEND     	0
39	38	1	261.81	149.51	-5	DEND     	0
40	39	1	263.08	154.92	-5	DEND     	0
41	40	1	257.36	157.79	-5	DEND     	0
42	40	1	276.44	157.79	-5	DEND     	0
43	38	0.8	263.08	138.7	-5	DEND     	0
44	43	0.8	270.72	140.29	-5	DEND     	0
45	44	0.8	278.35	138.06	-5	DEND     	0
46	36	0.9	240.81	139.97	-5	DEND     	0
47	46	0.9	237.95	133.93	-5	DEND     	0
48	47	0.8	230.95	128.84	-5	DEND     	0
49	48	0.8	223.64	124.7	-5	DEND     	0
50	49	0.8	215.05	124.7	-5	DEND     	0
51	50	0.8	209.32	129.16	-5	DEND     	0
52	51	0.8	202	125.02	-5	DEND     	0
24	21	1.1	172.1	131.7	-5	DEND     	0
25	24	1.1	167.01	123.75	-5	DEND     	0
26	25	1.1	160.97	117.07	-5	DEND     	0
27	26	1.1	157.79	108.48	-5	DEND     	0
204	27	0.9	162.24	102.12	-5	DEND     	0
205	204	0.9	172.74	104.34	-5	DEND     	0
206	205	0.9	181.01	108.8	-5	DEND     	0
207	206	0.9	178.15	117.38	-5	DEND     	0
208	207	0.9	174.65	125.02	-5	DEND     	0
209	208	0.9	181.96	131.06	-5	DEND     	0
210	204	0.9	164.78	89.07	-5	DEND     	0
211	210	0.8	169.87	88.12	-5	DEND     	0
212	211	0.8	175.6	97.66	-5	DEND     	0
213	212	0.8	170.51	98.62	-5	DEND     	0
214	212	0.8	182.28	99.25	-5	DEND     	0
215	214	0.8	194.05	111.34	-5	DEND     	0
216	215	0.8	197.23	117.7	-5	DEND     	0
217	210	0.8	160.33	82.39	-5	DEND     	0
218	217	0.8	152.06	78.89	-5	DEND     	0
219	218	0.8	141.56	77.3	-5	DEND     	0
220	219	0.8	132.02	77.62	-5	DEND     	0
221	27	1	150.47	105.93	-5	DEND     	0
222	221	0.9	150.47	99.57	-5	DEND     	0
223	222	0.9	151.74	93.21	-5	DEND     	0
224	223	0.9	147.61	87.48	-5	DEND     	0
225	223	0.9	156.2	92.57	-5	DEND     	0
243	222	0.8	143.47	96.39	-5	DEND     	0
244	243	0.8	135.52	92.89	-5	DEND     	0
245	244	0.8	130.75	88.12	-5	DEND     	0
246	245	0.8	131.7	81.44	-5	DEND     	0
226	221	0.9	146.97	109.75	-5	DEND     	0
227	226	0.9	146.02	117.7	-5	DEND     	0
228	227	0.9	143.47	126.29	-5	DEND     	0
229	228	0.9	132.65	129.47	-5	DEND     	0
230	229	0.9	123.43	135.84	-5	DEND     	0
231	230	0.9	120.57	145.06	-5	DEND     	0
232	226	0.9	136.15	107.84	-5	DEND     	0
233	232	0.8	129.79	101.16	-5	DEND     	0
234	232	0.8	131.38	111.66	-5	DEND     	0
235	234	0.8	129.47	117.07	-5	DEND     	0
236	235	0.8	119.61	118.34	-5	DEND     	0
237	236	0.8	109.43	116.75	-5	DEND     	0
238	237	0.8	97.98	116.11	-5	DEND     	0
239	234	0.8	125.02	107.21	-5	DEND     	0
240	239	0.8	115.16	106.89	-5	DEND     	0
241	240	0.8	110.07	101.16	-5	DEND     	0
242	241	0.8	102.12	98.93	-5	DEND     	0
247	0	1.2	172.74	148.88	-5	DEND     	0
248	247	1.2	178.15	153.65	-5	DEND     	0
249	248	1	180.05	160.33	-5	DEND     	0
250	249	1	185.78	165.42	-5	DEND     	0
251	250	1	192.14	165.42	-5	DEND     	0
252	251	1	195.32	172.1	-2.5	DEND     	0
253	252	1	190.55	177.83	-2.5	DEND     	0
254	253	0.8	181.64	179.42	-2.5	DEND     	0
255	254	0.8	173.69	179.42	-2.5	DEND     	0
256	255	0.8	166.06	179.74	-2.5	DEND     	0
257	256	0.8	162.56	186.42	-2.5	DEND     	0
258	257	0.8	148.56	186.73	-2.5	DEND     	0
259	253	1	198.5	180.05	-2.5	DEND     	0
260	259	0.8	205.82	187.05	0	DEND     	0
261	260	0.8	196.91	187.69	0	DEND     	0
262	261	0.8	190.55	188.32	0	DEND     	0
263	262	0.8	193.1	198.19	0	DEND     	0
264	263	0.8	187.37	201.37	0	DEND     	0
265	264	0.8	191.51	206.46	0	DEND     	0
266	264	0.8	180.69	198.19	0	DEND     	0
267	266	0.8	174.96	191.51	0	DEND     	0
268	260	0.7	209.96	189.92	0	DEND     	0
269	268	0.7	209.32	196.6	0	DEND     	0
270	269	0.7	209.64	203.59	0	DEND     	0
271	270	0.7	216.32	204.87	0	DEND     	0
272	271	0.7	221.73	210.59	0	DEND     	0
273	270	0.7	203.59	210.91	0	DEND     	0
274	273	0.7	211.23	218.86	0	DEND     	0
275	274	0.7	210.27	227.45	0	DEND     	0
276	275	0.7	215.05	230.95	0	DEND     	0
277	274	0.7	218.55	220.14	0	DEND     	0
278	273	0.7	197.23	212.18	0	DEND     	0
279	278	0.7	195.96	223.32	0	DEND     	0
280	279	0.7	191.82	224.27	0	DEND     	0
281	280	0.7	182.28	222.05	0	DEND     	0
282	268	0.7	213.77	184.83	0	DEND     	0
283	282	0.7	207.73	179.42	0	DEND     	0
284	282	0.7	224.27	182.92	0	DEND     	0
285	284	0.7	235.72	186.1	0	DEND     	0
286	285	0.7	245.27	181.96	0	DEND     	0
394	251	1	194.69	156.83	-5	DEND     	0
395	394	1	194.37	152.7	-5	DEND     	0
396	395	0.9	201.69	152.06	-5	DEND     	0
397	396	0.9	208.37	150.47	-5	DEND     	0
398	397	0.9	214.73	153.01	-5	DEND     	0
399	395	1	186.73	147.61	-5	DEND     	0
400	399	1	184.19	144.11	-5	DEND     	0
402	400	1	190.55	139.33	-5	DEND     	0
403	402	1	196.91	138.06	-5	DEND     	0
404	400	1	180.37	141.88	-5	DEND     	0
401	399	0.9	181.33	150.47	-5	DEND     	0
405	394	1	204.87	160.65	-5	DEND     	0
406	405	1	214.41	164.78	-2.5	DEND     	0
407	406	0.9	222.05	167.33	-2.5	DEND     	0
408	407	0.9	231.59	163.83	-2.5	DEND     	0
409	408	0.9	236.04	158.42	-2.5	DEND     	0
410	409	0.9	243.04	155.88	-2.5	DEND     	0
287	0	1.5	153.01	146.65	-5	DEND     	0
288	287	1.5	148.24	139.65	-5	DEND     	0
289	288	1.5	140.61	134.56	-5	DEND     	0
290	289	1.5	137.11	132.02	-2.5	DEND     	0
291	290	1.2	134.56	126.61	0	DEND     	0
292	291	1.2	135.2	119.29	0	DEND     	0
293	292	1.2	142.2	119.61	0	DEND     	0
294	293	1.2	143.79	116.11	0	DEND     	0
295	293	1	144.42	130.43	0	DEND     	0
296	295	1	148.24	137.11	0	DEND     	0
297	296	1	144.42	138.06	0	DEND     	0
298	296	1	153.33	139.02	0	DEND     	0
299	298	1	159.38	142.2	0	DEND     	0
300	298	1	153.97	135.2	0	DEND     	0
301	290	1.1	130.43	127.56	0	DEND     	0
302	301	1.1	124.7	122.79	0	DEND     	0
303	302	1	115.16	116.75	0	DEND     	0
304	303	1	108.48	111.02	0	DEND     	0
305	304	0.9	109.75	104.66	0	DEND     	0
306	305	0.9	106.57	96.39	0	DEND     	0
307	306	0.9	102.43	90.03	0	DEND     	0
308	307	0.9	96.07	83.35	0	DEND     	0
309	308	0.9	88.75	77.94	0	DEND     	0
310	309	0.9	84.3	75.08	0	DEND     	0
311	310	0.9	83.35	67.44	0	DEND     	0
312	311	0.9	82.71	57.26	0	DEND     	0
313	310	0.9	82.71	82.07	0	DEND     	0
314	313	0.9	78.89	86.53	0	DEND     	0
315	304	1	97.34	108.16	0	DEND     	0
316	315	0.9	97.03	100.21	0	DEND     	0
317	316	0.9	90.03	96.71	0	DEND     	0
318	317	0.9	81.12	93.84	0	DEND     	0
319	318	0.9	73.17	91.3	0	DEND     	0
320	319	0.9	72.85	98.3	0	DEND     	0
321	320	0.9	78.26	102.75	0	DEND     	0
322	320	0.9	67.12	96.71	0	DEND     	0
323	319	0.9	68.08	86.21	0	DEND     	0
324	323	0.9	69.03	77.94	0	DEND     	0
325	324	0.9	65.21	69.99	0	DEND     	0
326	325	0.8	69.03	63.94	0	DEND     	0
327	326	0.8	74.12	56.31	0	DEND     	0
328	327	0.8	82.39	52.17	0	DEND     	0
329	323	0.9	62.99	84.62	0	DEND     	0
330	315	0.9	92.25	112.61	0	DEND     	0
331	330	0.9	82.39	110.7	0	DEND     	0
332	331	0.9	79.85	123.43	0	DEND     	0
333	332	0.8	85.57	128.84	0	DEND     	0
334	333	0.8	94.16	134.25	0	DEND     	0
335	332	0.8	70.3	119.93	0	DEND     	0
336	335	0.8	60.76	122.47	0	DEND     	0
337	336	0.8	53.13	120.88	0	DEND     	0
338	337	0.8	47.4	112.93	0	DEND     	0
339	290	1.2	133.29	134.56	0	DEND     	0
340	339	1	133.61	144.42	0	DEND     	0
341	340	1	141.88	145.38	0	DEND     	0
342	341	1	149.51	148.24	0	DEND     	0
343	340	1	134.88	153.97	0	DEND     	0
344	343	1	146.33	158.74	0	DEND     	0
345	344	1	155.56	166.06	0	DEND     	0
346	343	1	129.16	157.47	0	DEND     	0
347	346	1	134.56	166.69	0	DEND     	0
348	347	1	146.02	169.24	0	DEND     	0
349	346	1	124.07	160.01	0	DEND     	0
350	339	1	126.29	135.2	0	DEND     	0
351	350	1	116.43	135.84	0	DEND     	0
352	351	0.9	110.39	129.79	0	DEND     	0
353	352	1	100.52	128.2	0	DEND     	0
354	353	1	100.52	122.16	0	DEND     	0
355	354	1	102.75	118.66	0	DEND     	0
356	354	1	108.16	124.38	0	DEND     	0
357	351	0.9	111.34	143.79	0	DEND     	0
358	357	0.8	105.3	146.02	0	DEND     	0
359	358	0.8	101.48	142.83	0	DEND     	0
360	359	0.8	101.48	137.74	0	DEND     	0
361	359	0.8	88.12	144.74	0	DEND     	0
362	361	0.8	76.98	140.93	0	DEND     	0
363	362	0.8	69.03	135.2	0	DEND     	0
364	363	0.8	60.76	133.93	0	DEND     	0
365	358	0.8	104.34	151.42	0	DEND     	0
366	365	0.8	96.07	154.92	0	DEND     	0
367	366	0.8	98.62	163.51	0	DEND     	0
368	367	0.8	95.12	174.65	0	DEND     	0
369	368	0.8	99.25	180.37	0	DEND     	0
370	368	0.8	81.76	172.42	0	DEND     	0
371	0	1.5	167.01	151.11	0	DEND     	0
372	371	1.5	167.33	147.92	0	DEND     	0
373	372	1.2	178.46	150.47	0	DEND     	0
374	373	1.2	182.92	153.33	0	DEND     	0
375	374	1.1	186.42	160.97	0	DEND     	0
376	375	1.1	185.46	169.56	0	DEND     	0
377	376	1.1	185.78	176.55	0	DEND     	0
378	374	1.1	191.19	155.24	0	DEND     	0
379	378	1.1	197.87	163.83	0	DEND     	0
380	379	1	199.14	173.69	0	DEND     	0
381	380	1	204.87	177.19	0	DEND     	0
382	380	1	196.28	181.64	0	DEND     	0
383	382	1	203.59	190.23	0	DEND     	0
384	383	0.9	200.1	194.69	0	DEND     	0
385	384	0.9	202	202	0	DEND     	0
386	385	0.9	208.37	210.59	0	DEND     	0
387	386	0.9	216	221.41	0	DEND     	0
388	387	0.9	219.5	230.63	0	DEND     	0
389	383	1	215.68	192.14	0	DEND     	0
390	389	1	223.95	197.55	0	DEND     	0
391	390	1	234.13	200.73	0	DEND     	0
392	391	1	244.95	206.78	0	DEND     	0
393	392	1	251.63	214.41	0	DEND     	0
411	372	1.5	166.69	142.83	0	DEND     	0
412	411	1.2	172.42	140.29	0	DEND     	0
413	412	1.1	177.51	144.11	0	DEND     	0
414	413	1.1	188.01	144.11	0	DEND     	0
415	414	1	194.69	143.79	0	DEND     	0
416	415	1	202	144.11	0	DEND     	0
417	416	1	207.09	153.33	0	DEND     	0
418	417	1	215.05	159.38	0	DEND     	0
419	418	1	218.86	155.56	0	DEND     	0
420	419	1	224.91	154.92	0	DEND     	0
421	420	1	225.86	160.33	0	DEND     	0
422	420	1	231.59	158.42	0	DEND     	0
423	418	0.9	219.5	167.33	0	DEND     	0
424	423	0.9	223.64	172.74	0	DEND     	0
425	424	0.9	236.04	178.78	0	DEND     	0
426	425	0.9	240.5	176.24	0	DEND     	0
427	425	0.9	242.09	189.28	0	DEND     	0
428	427	0.9	250.04	188.64	0	DEND     	0
429	423	0.8	226.18	163.83	0	DEND     	0
430	429	0.8	234.45	164.78	0	DEND     	0
431	430	0.8	245.27	170.51	0	DEND     	0
432	431	0.8	254.17	176.87	0	DEND     	0
433	432	0.8	259.26	184.83	0	DEND     	0
434	433	0.8	268.17	190.23	0	DEND     	0
435	434	0.8	273.26	195.64	0	DEND     	0
436	435	0.8	281.53	195.01	0	DEND     	0
437	416	0.9	212.18	137.43	0	DEND     	0
438	437	0.9	212.5	129.79	0	DEND     	0
439	438	0.9	221.09	123.11	0	DEND     	0
440	437	0.9	221.09	139.33	0	DEND     	0
441	440	0.9	230	146.33	0	DEND     	0
442	441	0.9	239.86	149.83	0	DEND     	0
443	442	0.9	251.63	148.56	0	DEND     	0
444	443	0.9	260.54	151.74	0	DEND     	0
445	444	0.9	264.67	161.28	0	DEND     	0
446	445	0.9	265.63	166.06	0	DEND     	0
447	445	0.9	271.67	164.78	0	DEND     	0
448	447	0.9	279.31	161.92	0	DEND     	0
449	447	0.9	274.85	172.42	0	DEND     	0
450	449	0.9	283.44	175.92	0	DEND     	0
451	450	0.9	289.49	184.51	0	DEND     	0
452	451	0.9	296.17	187.05	0	DEND     	0
453	444	0.8	266.26	148.56	0	DEND     	0
454	453	0.8	275.49	148.24	0	DEND     	0
455	454	0.8	285.03	150.15	0	DEND     	0
456	455	0.8	293.62	158.1	0	DEND     	0
457	440	0.9	222.36	135.84	0	DEND     	0
458	457	0.7	230.63	139.33	0	DEND     	0
459	458	0.7	238.27	141.88	0	DEND     	0
460	459	0.7	248.45	138.06	0	DEND     	0
461	460	0.7	257.99	139.65	0	DEND     	0
462	461	0.7	267.22	137.43	0	DEND     	0
463	457	0.7	229.68	135.2	0	DEND     	0
464	463	0.7	234.13	133.29	0	DEND     	0
465	464	0.7	244.31	135.52	0	DEND     	0
466	412	1	177.83	134.56	0	DEND     	0
467	466	1	184.51	129.47	0	DEND     	0
468	467	1	188.96	126.93	0	DEND     	0
469	468	1	187.05	134.88	0	DEND     	0
470	468	1	198.82	125.97	0	DEND     	0
471	470	1	205.5	125.34	0	DEND     	0
472	471	1	206.14	116.75	0	DEND     	0
473	472	1	202.64	107.21	0	DEND     	0
474	472	1	216.64	115.79	0	DEND     	0
475	474	1	223	118.98	0	DEND     	0
476	475	0.9	230.95	124.07	0	DEND     	0
477	476	0.9	238.91	129.16	0	DEND     	0
535	411	1.2	162.24	136.47	0	DEND     	0
536	535	1.1	164.78	129.16	0	DEND     	0
537	536	1.1	164.47	119.61	0	DEND     	0
538	537	1.1	165.1	111.02	0	DEND     	0
539	538	1	170.83	107.52	0	DEND     	0
540	539	1	175.6	106.25	0	DEND     	0
541	540	1	184.83	109.11	0	DEND     	0
542	541	1	191.51	107.52	0	DEND     	0
543	540	1	177.83	97.03	0	DEND     	0
544	543	1	181.64	96.39	0	DEND     	0
545	544	0.9	181.01	89.71	0	DEND     	0
546	545	0.9	185.14	85.26	0	DEND     	0
547	546	0.9	184.51	82.07	0	DEND     	0
548	546	0.9	194.05	82.71	0	DEND     	0
549	548	0.9	201.37	90.66	0	DEND     	0
550	548	0.9	202	76.67	0	DEND     	0
551	545	0.9	176.55	84.62	0	DEND     	0
552	551	0.9	177.19	76.35	0	DEND     	0
553	552	0.9	169.56	76.35	0	DEND     	0
554	552	0.9	179.42	74.12	0	DEND     	0
555	554	0.9	186.42	73.8	0	DEND     	0
556	554	0.9	174.96	64.9	0	DEND     	0
557	556	0.9	169.24	63.62	0	DEND     	0
558	556	0.9	174.33	55.99	0	DEND     	0
559	558	0.9	173.37	46.44	0	DEND     	0
560	559	0.9	178.46	42.63	0	DEND     	0
561	560	0.9	189.28	47.4	0	DEND     	0
562	561	0.9	188.32	44.54	-2.5	DEND     	0
563	562	0.9	181.96	41.04	-2.5	DEND     	0
564	562	0.9	198.5	43.9	-2.5	DEND     	0
565	562	0.9	194.05	51.53	-2.5	DEND     	0
566	565	0.9	193.73	60.12	-2.5	DEND     	0
567	566	0.9	202.32	65.85	0	DEND     	0
568	567	0.9	210.27	69.35	0	DEND     	0
569	568	0.8	214.73	61.4	0	DEND     	0
570	569	0.8	221.41	58.53	0	DEND     	0
571	570	0.8	230	54.08	0	DEND     	0
572	571	0.8	233.82	45.81	0	DEND     	0
573	572	0.8	244.31	42.63	0	DEND     	0
574	573	0.8	248.45	46.44	0	DEND     	0
575	568	0.9	220.14	74.12	0	DEND     	0
576	575	0.9	226.5	75.39	0	DEND     	0
577	576	0.9	232.22	68.08	0	DEND     	0
578	576	0.9	223.64	87.8	0	DEND     	0
579	538	1	160.97	109.43	0	DEND     	0
580	579	1	146.97	105.3	0	DEND     	0
581	580	1	144.11	100.21	0	DEND     	0
582	581	1	131.06	98.62	0	DEND     	0
583	582	1	121.84	99.25	0	DEND     	0
584	583	1	117.07	93.53	0	DEND     	0
585	584	1	110.07	91.3	0	DEND     	0
586	585	1	111.02	86.85	0	DEND     	0
587	586	1	104.98	84.94	0	DEND     	0
588	586	1	115.16	87.8	0	DEND     	0
589	580	0.9	138.06	110.39	0	DEND     	0
590	589	0.9	127.56	113.25	0	DEND     	0
591	590	0.9	121.84	105.3	0	DEND     	0
592	591	0.9	115.16	103.71	0	DEND     	0
593	538	1	162.24	105.61	0	DEND     	0
594	593	0.9	167.01	98.62	0	DEND     	0
595	594	0.9	163.51	92.57	0	DEND     	0
596	595	0.9	165.42	83.98	0	DEND     	0
597	596	0.9	158.74	76.03	0	DEND     	0
598	597	0.9	156.51	66.49	0	DEND     	0
599	598	0.9	161.28	63.62	0	DEND     	0
600	599	0.9	164.47	69.67	0	DEND     	0
601	599	0.9	155.24	54.4	0	DEND     	0
602	601	0.9	146.97	53.13	0	DEND     	0
603	602	0.9	141.88	48.99	0	DEND     	0
604	601	0.9	154.6	47.08	0	DEND     	0
605	604	0.9	161.6	41.67	-2.5	DEND     	0
606	605	0.9	166.37	31.81	-2.5	DEND     	0
607	606	0.9	164.78	21.31	-2.5	DEND     	0
608	607	0.9	160.97	12.41	-2.5	DEND     	0
609	593	0.9	155.24	100.84	0	DEND     	0
610	609	0.9	152.06	95.43	0	DEND     	0
611	610	0.9	144.74	94.16	0	DEND     	0
612	611	0.9	134.25	95.12	0	DEND     	0
622	612	0.9	127.25	91.62	0	DEND     	0
623	622	0.8	121.52	80.8	0	DEND     	0
624	623	0.8	117.07	72.85	0	DEND     	0
625	624	0.8	107.21	66.8	0	DEND     	0
626	625	0.8	98.3	60.12	0	DEND     	0
627	626	0.8	94.48	58.53	0	DEND     	0
628	627	0.8	94.16	49.31	0	DEND     	0
629	628	0.8	88.12	41.99	0	DEND     	0
613	610	0.9	150.47	86.21	0	DEND     	0
614	613	0.9	147.61	82.71	0	DEND     	0
615	614	0.9	141.24	82.71	0	DEND     	0
616	615	0.9	138.38	88.44	0	DEND     	0
617	614	0.9	147.92	76.35	0	DEND     	0
618	617	0.9	140.29	74.44	0	DEND     	0
619	618	0.9	132.65	68.39	0	DEND     	0
620	619	0.9	120.57	62.67	0	DEND     	0
621	620	0.9	116.43	57.58	0	DEND     	0
630	617	0.9	149.2	71.26	0	DEND     	0
631	630	0.9	143.79	64.58	0	DEND     	0
632	631	0.9	145.38	59.81	0	DEND     	0
633	631	0.9	136.47	62.03	0	DEND     	0
634	633	0.9	133.61	53.44	0	DEND     	0
635	634	0.9	126.93	48.67	0	DEND     	0
636	635	0.9	119.61	45.17	0	DEND     	0
637	636	0.9	112.61	37.54	0	DEND     	0
638	636	0.9	121.2	41.36	0	DEND     	0
639	19	1.5	187.6	327.8	-30	AXON      	0
640	639	1.5	197.6	329.8	-30	AXON      	0
641	640	1.5	1697.6	329.8	-30	AXON_DIST 	0
