#
#   Starburst amacrine from confocal stack image TIFF168.tif from Alon Poleg-Polsky
#
#   Converted using Neuromantic from reconstruction sbac_168_ben.swc 
#     by Ben Ballintyn and Moriah Cesaretti using 
#     neuroman2ncsbac and neuroman2nc_reg.
#
#     Converted from sbac_168 using neuroman2ncc2 with diascale=1.0, xscale=yscale=2.0.
#
#   Soma z offset = 18 um (rezeroed by neuroman2nc_reg).
#
#   node  parent    dia       xbio       ybio      zbio      region   dendr
#
     0        0     dSomaDia   0          0         0         SOMA    0
     1        0     2.113      5.828      -6.53     8         R1      0
     2        1     0.4661     9.124      -1.477    9         R1      0
     3        2     1.463      11.43      2.198     9         R1      0
     4        3     0.8351     15.67      7.048     11        R1      0
     5        4     0.9337     18.42      10.83     12        R2      0
     6        5     0.8735     20.28      14.7      13        R2      0
     7        6     1.359      21.38      17.93     14        R2      0
     8        7     1.246      21.98      21.82     15        R2      0
     9        8     0.9163     22.82      29.8      16        R2      0
    10        9     1.414      23.1       33.38     16        R3      0
    11       10     0.5088     26.04      34.44     16        R3      0
    12       11     0.737      28.82      37.08     15        R3      0
    13       12     0.6968     28.82      40.56     15        R3      0
    14       10     1.245      19.34      39.34     17        R3      0
    15       14     0.7044     22.08      41.88     17        R3      0
    16       15     0.5905     24.16      43.46     17        R3      0
    17       16     0.5282     26.22      45.72     17        R3      0
    18       17     1.181      28.42      49.32     17        R3      0
    19       18     1.036      29.52      53.78     17        R5      0
    20       19     0.6968     33         53.3      17        R5      0
    21       19     0.9185     28.9       58.4      17        R5      0
    22       21     0.8735     26.74      61        17        R5      0
    23       22     1.138      24.02      65.02     17        R5      0
    24       23     1.036      21.9       67.66     17        R5      0
    25       24     0.9528     21.32      71.7      17        R5      0
    26       25     1.231      20.4       74.9      17        R5      0
    27       26     0.9243     17.43      76.74     17        R5      0
    28       27     1.149      15.93      80.52     17        R6      0
    29       28     1.613      13.62      83.82     16        R6      0
    30       29     1.056      16.11      86.38     16        R6      0
    31       30     1.138      20         87        16        R6      0
    32       31     0.6948     21.46      88.56     16        R6      0
    33       32     0.7863     22.6       93.48     16        R6      0
    34       33     2.322      25.6       95.6      16        R6      0
    35       34     1.282      26.7       100.2     16        R7      0
    36       35     0.9045     24.36      102.5     15        R7      0
    37       36     0.6602     24.24      104.9     14        R7      0
    38       37     0.7035     22.52      106.9     14        R7      0
    39       38     1.013      20.58      105.3     14        R7      0
    40        1     1.01       -3.244     2.532     19        R1      0
    41       40     1.442      -4.94      5.168     19        R1      0
    42       41     1.22       -6.916     7.584     20        R1      0
    43       42     0.8858     -8.674     9.95      21        R1      0
    44       43     1.478      -9.774     13.25     21        R1      0
    45       44     0.7471     -12.14     16.32     19        R2      0
    46       45     0.8685     -13.79     19.56     19        R2      0
    47       46     0.6705     -15.87     20.6      19        R2      0
    48       47     0.8874     -19.88     20.98     20        R2      0
    49       48     1.032      -24.16     23.74     21        R2      0
    50       49     0.6042     -26.7      24.38     21        R2      0
    51       50     0.8545     -29.5      23.08     21        R2      0
    52       51     0.8789     -34.06     22.92     22        R3      0
    53       52     0.9354     -37.3      22.96     23        R3      0
    54       53     0.7141     -41.96     24.16     24        R3      0
    55       54     1.057      -44        26.58     22        R3      0
    56       55     0.3296     -43.28     30.6      22        R3      0
    57       56     0.6615     -42.62     34.06     23        R3      0
    58       57     0.7807     -46.2      37.36     23        R3      0
    59       58     0.9208     -52.56     39.18     23        R5      0
    60       59     0.541      -55.98     35.1      23        R5      0
    61       60     0.4944     -58.88     32.74     23        R5      0
    62       61     0.6067     -62.56     30.22     23        R5      0
    63       62     0.6795     -68.38     30.38     23        R5      0
    64       63     0.5064     -73.72     28.56     23        R5      0
    65       64     0.6067     -79.26     28.68     24        R6      0
    66       65     1.067      -81.18     33.4      24        R6      0
    67       66     0.5656     -84.86     35.5      25        R6      0
    68       67     1.12       -91.52     35.76     25        R6      0
    69       68     0.5602     -98.1      35.66     25        R7      0
    70       69     1.055      -102.5     37.24     25        R7      0
    71       70     1.584      -106.5     40.38     24        R7      0
    72       71     0.8858     -112.2     40.38     24        R7      0
    73       72     1.026      -115.2     40.72     25        R8      0
    74       73     0.4429     -119.1     43.06     25        R8      0
    75       74     0.6142     -123.1     44.56     25        R8      0
    76       75     1.265      -127.2     43.72     25        R8      0
    77       76     0.6592     -131.6     43.46     25        R8      0
    78       59     1.131      -54.6      45.32     23        R5      0
    79       78     0.8166     -59.76     51.74     23        R5      0
    80       79     0.8385     -62.94     54.16     24        R6      0
    81       80     0.6592     -67.46     54.22     24        R6      0
    82       81     0.978      -72.62     57.24     24        R6      0
    83       82     1.671      -75.54     58.84     24        R6      0
    84       83     0.8685     -79.26     58.12     24        R6      0
    85       84     0.6683     -82.5      53.12     24        R6      0
    86       85     1.36       -83.38     51.2      24        R6      0
    87       86     0.541      -86.9      50.66     24        R7      0
    88       87     0.8874     -89.54     49.12     24        R7      0
    89       88     0.9903     -92.9      49.28     24        R7      0
    90       89     1.159      -98        49.56     24        R7      0
    91       90     0.6615     -103.4     50.48     24        R7      0
    92       91     0.6615     -113       47.62     23        R8      0
    93       71     1.099      -106.6     47.08     23        R7      0
    94       93     2.137      -107.3     50.88     23        R7      0
    95       94     1.111      -107.7     54.82     23        R8      0
    96       95     0.8685     -111.8     57.46     24        R8      0
    97       96     1.1        -111.9     61.08     24        R8      0
    98       97     0.9888     -112.1     71.8      24        R8      0
    99       98     1.079      -113.7     76.46     22        R8      0
   100       53     0.7324     -43        21.62     25        R3      0
   101      100     0.6753     -44.76     19.06     25        R3      0
   102      101     1.089      -47.9      14.89     25        R3      0
   103      102     1.108      -52.22     14.38     26        R3      0
   104      103     0.9265     -57.34     16.06     26        R3      0
   105      104     0.7541     -61.68     17.16     26        R5      0
   106      105     0.7324     -64.66     17.96     26        R5      0
   107      106     0.4632     -68.18     16.94     26        R5      0
   108      107     0.5127     -74.92     17.31     26        R5      0
   109      108     0.3662     -78.52     15.48     26        R6      0
   110      109     0.6592     -84.16     15.26     26        R6      0
   111      110     0.8541     -87.82     13.13     27        R6      0
   112      110     0.894      -90.82     21.48     26        R6      0
   113      112     0.691      -93.9      22.06     26        R6      0
   114      113     1.018      -96.1      18.4      26        R6      0
   115      113     0.5282     -95.88     24.56     25        R6      0
   116      115     0.4455     -98.14     24.56     25        R7      0
   117      116     0.6215     -100.4     25.28     25        R7      0
   118      117     1.01       -103.5     27.14     25        R7      0
   119      118     0.4944     -108.9     26.8      25        R7      0
   120      119     0.8111     -113.2     24.6      25        R7      0
   121      120     0.4913     -115.4     22.7      26        R7      0
   122      121     0.3341     -119.4     22.8      26        R8      0
   123      122     0.737      -121.7     23.58     27        R8      0
   124      123     1.351      -123.5     24.34     27        R8      0
   125      124     0.9354     -125.4     21.42     27        R8      0
   126      125     0.453      -128       20.06     27        R8      0
   127      126     0.5521     -131.6     19.84     27        R8      0
   128      127     0.6142     -134.2     20.94     28        R8      0
   129      128     0.7162     -139.6     22.08     28        R9      0
   130      129     0.8807     -144.5     21.82     28        R9      0
   131      107     1.6        -72.14     15.4      26        R5      0
   132      131     0.7922     -74.2      12.47     26        R5      0
   133      132     0.8286     -82.68     6.25      26        R6      0
   134      133     0.906      -88.62     3.314     26        R6      0
   135      134     0.5182     -90.48     1.266     27        R6      0
   136      135     1.321      -96.74     0.2198    27        R6      0
   137      136     1.05       -99.32     -2.084    27        R6      0
   138      137     0.6683     -102.5     -1.371    27        R7      0
   139      138     0.3845     -106       -1.099    27        R7      0
   140      139     0.6683     -110.5     0.06152   27        R7      0
   141      140     0.8258     -114.6     1.099     27        R7      0
   142      141     0.7141     -118.5     0.167     27        R7      0
   143      142     0.9903     -122.1     -0.2724   27        R8      0
   144      143     0.9354     -126.5     -0.2198   27        R8      0
   145      144     1.032      -130       1.872     27        R8      0
   146      103     0.8598     -54.54     11.37     26        R3      0
   147      146     1.099      -58.44     8.516     26        R3      0
   148      147     0.9451     -61.96     6.214     26        R5      0
   149      148     0.4693     -64.04     3.41      25        R5      0
   150      149     0.9354     -66.2      0.5538    25        R5      0
   151      150     0.429      -67.72     -0.8174   25        R5      0
   152      103     1.296      -47.34     11.21     26        R3      0
   153      152     1.21       -44.6      8.904     26        R3      0
   154      153     0.8166     -45.44     6.214     26        R3      0
   155      154     0.6637     -47.18     3.85      26        R3      0
   156      155     0.3517     -50.54     1.978     26        R3      0
   157      156     0.739      -53.66     -0.05274  26        R3      0
   158      157     0.6067     -56.86     -0.3252   26        R3      0
   159      158     0.6992     -59.06     -4.174    26        R3      0
   160       49     0.824      -24.34     28.74     25        R2      0
   161      160     0.8258     -24.66     35.7      25        R3      0
   162      161     0.7651     -25.98     40.64     25        R3      0
   163      162     0.739      -28.18     44.22     25        R3      0
   164      163     0.7141     -29.5      49.16     25        R3      0
   165      164     0.769      -29        52.9      25        R5      0
   166      165     0.9718     -31.74     55.16     24        R5      0
   167      166     0.8385     -35.54     60.26     22        R5      0
   168      167     0.5916     -41.42     61.58     21        R5      0
   169      168     0.5839     -45.76     64.44     21        R5      0
   170      169     1.155      -47.52     68.44     21        R6      0
   171      170     0.8166     -42.14     69.82     21        R6      0
   172      170     0.906      -49.44     71.8      21        R6      0
   173      172     1.1        -50.1      74.04     21        R6      0
   174      173     1.239      -47.56     79.88     21        R6      0
   175       78     1.111      -53.06     48.68     23        R5      0
   176      175     1.132      -55.48     55.16     23        R5      0
   177      176     0.541      -58.18     59.6      23        R6      0
   178      177     0.9903     -61.58     62.46     23        R6      0
   179      178     1.183      -64.92     66.2      23        R6      0
   180      179     1.082      -66.14     70.26     23        R6      0
   181      180     0.8367     -68.66     73.66     23        R7      0
   182      181     0.8858     -70.64     77.84     22        R7      0
   183      182     0.541      -68.88     80.64     22        R7      0
   184      183     1.127      -66.52     79.82     22        R7      0
   185      184     0.978      -64.82     75.48     22        R6      0
   186      185     0.9451     -62.94     72.58     22        R6      0
   187      186     0.739      -59.76     69.32     22        R6      0
   188      187     1.036      -57.02     65.98     22        R6      0
   189      188     0.5064     -54.38     63.18     22        R6      0
   190      173     0.8166     -55.42     74.66     21        R6      0
   191      190     0.5942     -58.84     80.04     20        R6      0
   192      191     0.7998     -61.08     85.42     20        R7      0
   193      192     0.6968     -64.12     85.82     21        R7      0
   194      193     0.5407     -66.76     83.78     21        R7      0
   195      194     0.6006     -69.1      87.4      21        R7      0
   196      195     0.5179     -71.92     89.44     21        R7      0
   197      196     0.8455     -71.96     92.74     21        R7      0
   198      197     1.247      -76.54     95.08     20        R8      0
   199      198     0.755      -80.24     97.88     19        R8      0
   200      199     1.015      -82.44     99.64     19        R8      0
   201      200     1.104      -83.72     103.6     19        R8      0
   202      197     0.8258     -70.48     96.14     21        R7      0
   203      202     0.7998     -71.74     100       20        R8      0
   204      203     0.5839     -69.7      103       20        R8      0
   205      202     0.5916     -67.68     93.12     21        R7      0
   206      182     0.7162     -74.98     78.88     22        R7      0
   207      206     1.274      -80.14     80.42     22        R7      0
   208      207     0.4944     -84.82     79.76     21        R7      0
   209      208     0.5211     -87.5      79.98     21        R7      0
   210      209     0.429      -91.46     81.24     21        R8      0
   211      210     0.4725     -94.1      83.4      21        R8      0
   212      207     0.2747     -84.82     82.18     22        R7      0
   213      212     0.6615     -86.14     84.92     22        R8      0
   214      213     1.055      -83.98     87.3      22        R8      0
   215      167     0.9403     -36.08     65.54     22        R5      0
   216      215     0.8789     -35.52     71.72     21        R6      0
   217      216     0.7324     -38.3      75.1      21        R6      0
   218      217     0.9323     -41.6      77.96     21        R6      0
   219      218     0.7888     -43.58     79.92     21        R6      0
   220      219     0.4429     -43.28     83.28     21        R6      0
   221      220     1.159      -45.14     87.34     21        R6      0
   222      221     1.013      -48        91.24     21        R7      0
   223      222     1.99       -50.8      93.34     20        R7      0
   224      223     0.6683     -55.6      93.44     20        R7      0
   225      224     1.159      -58.34     95.7      20        R7      0
   226      225     1.208      -60.2      98.28     20        R7      0
   227      226     0.4913     -58.34     99.92     20        R7      0
   228      226     0.6142     -62.5      100.4     20        R7      0
   229      228     0.8111     -64.32     103.5     20        R8      0
   230      223     1.05       -50.04     96.84     20        R7      0
   231      230     0.6795     -51.96     101.4     19        R7      0
   232      231     0.901      -53.12     104.5     19        R7      0
   233      232     0.7471     -56.14     105.8     19        R7      0
   234      233     1.008      -60.04     107.4     19        R8      0
   235      234     1.131      -63.06     110       18        R8      0
   236      235     1.01       -70.92     111.8     18        R8      0
   237      236     1.404      -71.68     114.3     18        R8      0
   238      237     0.5839     -73.44     116.7     18        R8      0
   239      236     0.8528     -68.82     108.8     18        R8      0
   240      239     0.3341     -69.44     105.8     20        R8      0
   241       14     0.8287     17.07      42.94     17        R3      0
   242      241     1.026      14.25      46.24     17        R3      0
   243      242     0.9915     12.71      49.76     17        R3      0
   244      243     0.8131     11.9       54.78     17        R3      0
   245      244     0.771      11.54      58        19        R3      0
   246      245     0.5839     13.62      60.42     19        R5      0
   247      246     1.442      15.21      63.88     19        R5      0
   248      245     0.7768     7.366      59.06     19        R3      0
   249      248     0.6142     2.532      59.32     18        R3      0
   250      249     0.9338     -3.252     61.2      17        R5      0
   251      250     0.9208     -5.16      64.02     17        R5      0
   252      251     1.594      -5         71.3      16        R5      0
   253      252     0.6592     -4.174     74.76     16        R5      0
   254      253     1.329      -7.304     78.28     17        R5      0
   255      254     1.759      -11.37     84.98     17        R6      0
   256      255     1.228      -13.95     91.14     17        R6      0
   257      256     0.9593     -18.9      93.06     17        R6      0
   258      257     1.63       -25.26     96.46     17        R6      0
   259      258     1.112      -29.62     100.2     17        R7      0
   260      259     2.099      -32.4      102.6     17        R7      0
   261      260     0.8313     -37.02     103.4     17        R7      0
   262      261     1.05       -42.62     103.5     17        R7      0
   263      262     1.127      -46.68     105.4     17        R7      0
   264      263     0.5182     -49.32     109.2     17        R7      0
   265      264     1.631      -52.24     112.2     17        R8      0
   266      265     0.8258     -51.46     115.7     17        R8      0
   267      266     1.013      -51.52     117.9     16        R8      0
   268      267     1.183      -55.16     118.7     16        R8      0
   269      268     0.978      -58.56     121.2     16        R8      0
   270      265     0.8385     -54.38     113.7     17        R8      0
   271      270     0.7471     -56.24     115.1     17        R8      0
   272      271     0.824      -58.56     115.7     17        R8      0
   273      272     0.8858     -63.6      116.6     17        R8      0
   274      273     0.9208     -67.84     117.3     17        R8      0
   275      274     1.05       -71.02     119.4     17        R8      0
   276      275     1.12       -75.36     120.7     17        R9      0
   277      276     0.6263     -77.4      118.5     17        R9      0
   278      277     0.9208     -80.7      118.1     17        R9      0
   279      278     0.6615     -83.98     118.2     16        R9      0
   280      279     0.8545     -88.06     119.6     16        R9      0
   281      280     0.6615     -90.74     122.5     16        R9      0
   282      281     1.154      -91.68     124.2     16        R9      0
   283      282     1.032      -90.48     125.3     16        R9      0
   284      282     0.9718     -95.24     125.1     16        R9      0
   285      284     1.159      -98.92     125.5     16        R9      0
   286      276     1.127      -77.22     122.3     16        R9      0
   287      286     1.478      -80.86     126.8     16        R9      0
   288      287     0.6992     -83.44     129       16        R9      0
   289      288     0.6883     -86.8      130.2     16        R9      0
   290      289     1.132      -90.96     131.6     16        R9      0
   291      290     1.711      -95.08     131.4     16        R9      0
   292      291     0.9338     -99.54     132       17        R9      0
   293      292     0.7998     -103.5     130       17        R9      0
   294      293     1.391      -106.9     129.3     17        R9      0
   295      292     0.8942     -103.3     136.5     17        R9      0
   296      260     1.214      -31.2      106.7     17        R7      0
   297      296     0.9948     -29        108.6     17        R7      0
   298      297     0.739      -25.88     106.2     17        R7      0
   299      297     0.6263     -26.1      110       17        R7      0
   300      299     0.8942     -24.38     112.9     17        R7      0
   301      300     0.7471     -21.98     114       17        R7      0
   302      301     0.7631     -18.24     118.8     17        R8      0
   303      300     1.206      -26.1      116.3     17        R7      0
   304      303     0.4974     -30.38     115.9     17        R7      0
   305      304     0.9888     -32.08     115.6     17        R8      0
   306      305     0.901      -31.8      112.1     17        R7      0
   307      305     0.9354     -36.2      116.3     16        R8      0
   308      307     0.5493     -38.78     116       16        R8      0
   309      308     1.875      -39.78     119.9     16        R8      0
   310      309     0.4395     -39.22     124.5     14        R8      0
   311      310     1.492      -39.28     129.2     15        R8      0
   312      311     1.703      -38.06     133.5     15        R8      0
   313      312     0.643      -41.86     135.4     14        R9      0
   314      313     0.5735     -47.4      135.6     14        R9      0
   315      312     1.268      -35.98     141.3     12        R9      0
   316      315     0.6948     -37.24     146.1     12        R9      0
   317        2     1.809      6.372      -7.084    17        R1      0
   318      317     1.611      5.932      -12.07    20        R1      0
   319      318     1.12       5.274      -15.21    20        R1      0
   320      319     1.066      3.884      -18.95    20        R1      0
   321      320     0.906      0          -16.75    21        R1      0
   322      318     0.8947     9.51       -14.26    20        R1      0
   323      322     0.8165     13.78      -13.98    20        R1      0
   324      323     0.7589     15.47      -10.27    20        R1      0
   325      324     1.008      18.75      -5.142    21        R1      0
   326      325     0.8549     16.22      2.734     21        R1      0
   327      326     1.646      6.812      9.106     21        R1      0
   328      327     0.6968     7.366      13.46     22        R1      0
   329      328     1.081      9.818      17.89     22        R2      0
   330      329     0.8303     9.484      21.38     22        R2      0
   331      330     0.8865     5.678      22.7      22        R2      0
   332      331     1.016      1.538      26.12     22        R2      0
   333      332     1.582      -1.793     28.88     22        R2      0
   334      333     0.5179     -5.862     28.58     22        R2      0
   335      334     1.402      -7.356     26.28     22        R2      0
   336      335     0.2228     -8.13      24.96     22        R2      0
   337        8     0.9142     18.95      25.22     17        R2      0
   338      337     1.05       16.37      28.02     18        R2      0
   339      338     1.176      14.67      29.56     19        R2      0
   340        8     0.6948     26.14      23.14     17        R2      0
   341      340     1.479      30.76      26.14     20        R3      0
   342      341     0.6042     31.14      29.84     21        R3      0
   343        7     0.9549     24.9       17.46     19        R2      0
   344       46     0.9156     -13.88     23.74     24        R2      0
   345      344     1.135      -13.29     27.78     23        R2      0
   346      345     0.8797     -12.89     30.74     22        R2      0
   347      346     0.776      -12.59     35.88     22        R2      0
   348      347     0.986      -9.08      38.96     21        R3      0
   349      348     1.282      -7.656     41.7      19        R3      0
   350      349     1.253      -12.12     44.22     19        R3      0
   351      350     0.7214     -16.41     47.18     18        R3      0
   352      351     0.8541     -20.36     50.26     18        R3      0
   353      352     0.7111     -20.54     55.38     18        R3      0
   354      353     0.2953     -19.27     57.2      18        R5      0
   355       12     0.809      31.8       37.96     15        R3      0
   356      355     0.5493     34.1       38.98     15        R3      0
   357      356     1.183      35.74      42.94     11        R3      0
   358      357     0.5179     37.72      46.46     10        R3      0
   359      358     0.5179     40.28      48.72     10        R5      0
   360      359     0.6733     43.1       50        13        R5      0
   361      360     1.107      45.66      51.48     13        R5      0
   362      361     0.9483     45.54      57.56     14        R5      0
   363      362     0.8598     43.84      60.98     14        R5      0
   364      363     0.9338     42.36      64        14        R5      0
   365      364     0.8313     43.78      67.4      15        R6      0
   366      365     1.013      48.68      69.5      15        R6      0
   367      366     0.6705     51.9       71.04     16        R6      0
   368      367     1.008      54.32      73.46     16        R6      0
   369      368     0.824      57.74      77.84     17        R6      0
   370      369     0.9903     58.78      80.54     17        R6      0
   371      370     0.6067     59.6       83.94     17        R7      0
   372      371     0.9142     61.58      86.3      16        R7      0
   373      372     0.737      66.04      87.4      15        R7      0
   374      373     0.5656     69.48      89.1      15        R7      0
   375      374     0.9338     74.38      89.2      15        R7      0
   376      375     1.673      79         90.36     13        R8      0
   377      376     0.739      81.8       92.12     13        R8      0
   378      377     1.183      83.94      96.96     12        R8      0
   379      378     1.104      83.62      102       12        R8      0
   380      379     1.104      83.06      105.1     11        R8      0
   381      380     0.906      83.4       109.5     11        R8      0
   382      381     0.9354     86.62      111.5     11        R9      0
   383      382     1.4        90.8       114.7     9         R9      0
   384      383     1.013      93.94      116.5     8         R9      0
   385      384     0.7329     98.38      115.8     8         R9      0
   386      385     0.4429     101.2      117.7     8         R9      0
   387      386     0.7768     105.2      118.1     8         R9      0
   388      387     0.7865     109.5      116.2     8         R9      0
   389      388     0.8258     114.2      115.9     8         R9      0
   390      389     0.4429     118.8      115.5     8         R9      0
   391      333     1.523      -3.516     34.7      22        R2      0
   392      391     1.239      -2.742     38.34     21        R2      0
   393      392     0.6263     -0.167     40.2      21        R3      0
   394      393     0.3884     2.03       41.08     21        R3      0
   395      394     0.6263     2.69       43.4      21        R3      0
   396      395     1.296      5.828      44.82     21        R3      0
   397      396     0.769      6.266      48.84     22        R3      0
   398      397     0.5064     1.433      51.2      20        R3      0
   399      398     0.8258     1.266      55.16     19        R3      0
   400      399     0.9163     1.283      64.44     19        R5      0
   401      400     1.508      -0.9316    67.58     18        R5      0
   402      401     1.155      -0.05274   72.94     18        R5      0
   403      402     0.8858     -1.424     77.84     17        R5      0
   404      403     0.8385     -4.008     80.58     15        R6      0
   405      404     1.287      -5.16      84.7      15        R6      0
   406      405     0.5493     -7.796     87.96     15        R6      0
   407      406     0.7865     -7.418     92.46     16        R6      0
   408      402     0.5438     3.348      75.48     17        R5      0
   409      408     0.7471     5.22       77.62     17        R5      0
   410      409     1.099      5.168      81.24     17        R6      0
   411      410     0.3999     5.44       83.66     17        R6      0
   412      403     1.265      0.6064     80.32     17        R6      0
   413      412     1.155      -1.371     83.62     17        R6      0
   414      413     0.8258     -1.266     88.34     17        R6      0
   415      414     0.8313     -0.8262    91.02     17        R6      0
   416      415     0.9718     -3.402     94.38     17        R6      0
   417      416     0.4693     -7.418     96.08     17        R6      0
   418      417     0.643      -10.55     97.34     17        R6      0
   419      256     1.21       -14.06     96.14     17        R6      0
   420      419     0.6615     -12.19     99.44     17        R7      0
   421      420     1.147      -10.11     102.1     17        R7      0
   422      421     0.769      -9.774     105.4     17        R7      0
   423      422     1.33       -9.282     107.6     17        R7      0
   424      423     0.4725     -4.666     105.5     17        R7      0
   425      250     1.099      -7.91      58.4      18        R3      0
   426      425     2.133      -10.21     57.84     19        R3      0
   427      426     0.771      -9.774     53.72     21        R3      0
   428      427     0.7141     -10.16     51.04     20        R3      0
   429      303     0.3517     -25.32     120       17        R8      0
   430      429     0.6948     -22.74     122.2     17        R8      0
   431      430     1.112      -20.7      123.6     17        R8      0
   432      431     1.208      -20        127.5     17        R8      0
   433      432     0.9142     -20        130.2     15        R8      0
   434      433     0.5493     -22.2      133.8     13        R8      0
   435       29     1.344      9.414      84.88     16        R6      0
   436      435     1.674      8.79       89.2      17        R6      0
   437      436     0.9093     7.928      95.88     17        R6      0
   438      437     1.155      10.49      99.44     17        R6      0
   439      438     0.906      9.598      103.9     16        R7      0
   440      439     0.6592     6.662      105.6     15        R7      0
   441      440     0.7647     4.246      103.9     16        R7      0
   442      441     0.7471     2.198      102.7     17        R7      0
   443      442     0.541      -1.046     105       17        R7      0
   444      443     0.7922     -1.758     109.5     18        R7      0
   445      444     1.013      -3.076     113       17        R7      0
   446      445     0.7035     1.433      118.1     17        R7      0
   447      446     0.8685     7.084      118.8     17        R7      0
   448      447     1.432      10.33      122.4     17        R8      0
   449      448     1.383      11.81      127       13        R8      0
   450      449     1.045      12.47      130.3     12        R8      0
   451      450     1.323      11.54      134       12        R8      0
   452      451     1.082      14.06      136       10        R8      0
   453      452     0.824      15.21      140.8     11        R9      0
   454      453     0.8258     16.65      146.3     10        R9      0
   455      454     0.9354     13.02      151       8         R9      0
   456      455     0.824      13.24      156.4     8         R9      0
   457      456     1.154      12.25      162.7     8         R9      0
   458      457     0.6683     11.98      167.2     6         R9      0
   459      458     0.6263     14.01      170.9     6         R9      0
   460      459     0.2801     17.31      174       6         R9      0
   461      460     0.8581     19.45      175.4     6         R9      0
   462      452     0.8367     18.79      140       9         R9      0
   463      462     0.6683     24.06      143       9         R9      0
   464      463     1.282      29.22      147.4     9         R9      0
   465      464     0.9826     33.18      150.7     8         R9      0
   466      365     0.6479     38.42      70.76     16        R6      0
   467      466     1.101      36.98      76.26     16        R6      0
   468      467     0.901      39.16      81.24     16        R6      0
   469      468     0.7471     42.24      84.32     15        R6      0
   470      469     0.8166     43.84      88.66     14        R6      0
   471      470     1.22       44.72      90.52     14        R7      0
   472      471     0.7035     43.4       94.32     14        R7      0
   473      472     0.5942     40.7       95.42     15        R7      0
   474      473     1.067      39.22      98.78     15        R7      0
   475      474     1.084      38.92      102.8     15        R7      0
   476      475     0.7195     38.34      106.8     14        R7      0
   477      476     0.8581     34.56      110.9     14        R7      0
   478      477     0.9185     35.06      114.9     14        R8      0
   479      478     1.282      35.12      117.7     13        R8      0
   480      479     1.231      36.22      120.7     12        R8      0
   481      480     1.045      39.28      124.9     13        R8      0
   482      481     1.245      40.14      129.7     11        R8      0
   483      482     0.882      35.96      135.1     11        R8      0
   484      483     1.392      34.28      140.1     11        R9      0
   485      484     1.613      37.14      145.9     9         R9      0
   486      485     1.606      43.8       149.1     7         R9      0
   487      486     1.158      47.9       153.4     6         R9      0
   488      487     1.741      47.68      158.2     5         R9      0
   489      488     1.12       43.22      160       5         R9      0
   490      489     0.9962     39.18      158.7     5         R9      0
   491       38     0.8549     20.24      110.7     14        R7      0
   492      491     0.7111     17.73      113.7     14        R7      0
   493      492     1.268      14.67      120.9     15        R8      0
   494      493     0.7807     20.26      121.3     15        R8      0
   495      494     0.6263     24.34      122.5     14        R8      0
   496      495     0.739      27.86      125       13        R8      0
   497      496     0.8545     31.48      127.9     12        R8      0
   498      497     1.088      34.4       130.5     11        R8      0
   499      498     1.345      44.1       130.9     9         R8      0
   500      499     1.368      48.92      135.3     9         R9      0
   501      500     1.056      54.86      139.7     7         R9      0
   502      471     0.7647     50.82      92.38     14        R7      0
   503      502     0.8189     54.94      96.48     14        R7      0
   504      503     1.917      54.72      98.6      15        R7      0
   505      504     0.7786     50.32      101.2     14        R7      0
   506      505     0.5859     48.12      105.7     14        R7      0
   507      506     0.6632     48.62      110.5     14        R8      0
   508      507     1.192      49.88      114.9     12        R8      0
   509      508     1.71       51.04      117.1     10        R8      0
   510      509     1.049      56.46      121.5     11        R8      0
   511      510     0.7324     61.3       123.9     11        R8      0
   512      511     0.6258     63.66      126       10        R9      0
   513      512     1.116      65.84      129.9     10        R9      0
   514      513     0.8057     70.82      129.1     8         R9      0
   515      514     0.6258     75.14      130.3     8         R9      0
   516      515     0.4913     77.34      131.3     8         R9      0
   517      513     0.894      69.14      133.5     10        R9      0
   518      517     1.724      71.2       139       9         R9      0
   519      518     0.7469     67.74      142.5     9         R9      0
   520      519     0.691      72.08      147.5     8         R9      0
   521      423     1.12       -10.55     111.8     17        R7      0
   522      521     1.239      -11.09     115.9     16        R7      0
   523      522     0.9903     -10.87     120.3     14        R8      0
   524      523     0.5656     -9.5       123.4     14        R8      0
   525      524     0.9403     -9.176     127.1     13        R8      0
   526      525     0.9948     -8.35      130.4     13        R8      0
   527      526     1.089      -10.62     133.6     12        R8      0
   528      527     1.26       -11.79     136.2     12        R8      0
   529      528     0.469      -15.6      132.3     12        R8      0
   530      528     0.6301     -15.67     139.5     12        R9      0
   531      530     0.7214     -19.85     142.7     12        R9      0
   532      531     1.494      -24.98     147.5     12        R9      0
   533      532     0.7324     -27.9      140.7     13        R9      0
   534      533     1.099      -30.62     139       15        R9      0
   535      532     0.5332     -29.82     147.2     11        R9      0
   536      535     1.183      -33.32     148.4     11        R9      0
   537      536     0.4632     -34.34     152.7     11        R9      0
   538      537     0.4632     -35.38     155.2     11        R9      0
   539      536     0.5332     -36.54     147.5     11        R9      0
   540      539     0.7888     -39.62     149.1     11        R9      0
   541      540     0.4913     -41.82     153.2     11        R9      0
   542      439     1.12       11.58      106.8     14        R7      0
   543      542     1.025      11.79      109.5     14        R7      0
   544      543     1.201      9.958      114.1     14        R7      0
   545      544     1.144      6.522      117.3     14        R7      0
   546      545     1.139      2.048      121.2     14        R8      0
   547      546     1.174      0.6592     124.7     13        R8      0
   548      547     0.9549     2.346      130.2     13        R8      0
   549      548     2.135      4.394      136.2     12        R8      0
   550      549     1.181      4.026      142.2     11        R9      0
   551      550     1.247      6.302      145.9     10        R9      0
   552      551     0.9549     7.47       149       9         R9      0
   553      550     1.089      -0.4394    145.7     11        R9      0
   554      553     0.894      -5.054     149.6     10        R9      0
   555      554     1.819      -8.57      153.4     10        R9      0
   556      555     1.116      -12.37     153       10        R9      0
   557      556     0.572      -14.06     150.5     10        R9      0
   558      557     0.6632     -15.38     148.7     9         R9      0
   559      558     0.894      -13.84     145.9     10        R9      0
   560      559     0.8286     -13.55     143.2     11        R9      0
   561      560     0.7888     -11.36     141.5     12        R9      0
   562      561     1.32       -9.378     139.1     12        R8      0
   563      445     1.487      -3.244     118.3     15        R7      0
   564      563     1.554      -3.736     123.4     14        R8      0
   565      564     0.6683     -4.834     127.1     14        R8      0
   566      565     0.9903     -3.366     132.5     14        R8      0
   567      566     0.6301     -6.592     134.1     14        R8      0
   568      567     0.7786     -8.57      137.4     14        R8      0
   569      568     0.9521     -11.43     137.6     14        R8      0
   570      555     0.8057     -9.818     157.3     8         R9      0
   571      570     1.691      -7.4       160.1     8         R9      0
   572      571     1.089      -9.158     165.1     7         R9      0
   573      572     0.5179     -11.28     168       7         R9      0
   574      504     1.01       60.48      101.2     14        R7      0
   575      574     0.8166     64.88      98.28     14        R7      0
   576       83     0.5602     -67.78     61.14     22        R6      0
   577      163     0.7922     -25.26     46.2      23        R3      0
   578      577     0.8685     -22.02     49.22     22        R3      0
   579      578     0.7141     -21.48     53.68     22        R3      0
   580      579     1.168      -24.6      57.42     22        R5      0
   581      580     0.7807     -29.18     66.8      22        R5      0
   582      581     1.099      -32.08     70.16     22        R5      0
   583      582     0.6067     -32.14     73.16     22        R5      0
   584      583     0.5839     -30.92     75.76     22        R6      0
   585      350     0.7324     -7.25      46.38     19        R3      0
   586      585     0.938      -3.296     50.48     17        R3      0
   587      586     1.02       1.318      47.78     15        R3      0
   588      587     0.6215     3.146      45.8      16        R3      0
   589      588     1.139      7.18       43.24     18        R3      0
   590      589     1.31       9.598      40.22     19        R3      0
   591      590     0.938      10.92      37.46     19        R2      0
   592      591     0.5905     14.06      36.14     19        R2      0
   593      320     1.264      4.394      -21.8     20        R2      0
   594      593     1.545      7.62       -23.94    21        R2      0
   595      594     0.5332     6.882      -26.7     22        R2      0
   596      595     0.7647     6.662      -28.68    23        R2      0
   597      596     0.5578     8.79       -29.72    23        R2      0
   598      597     0.7786     11.87      -32.14    23        R2      0
   599      598     1.089      15.09      -35.06    22        R2      0
   600      599     1.081      17.58      -37.62    22        R3      0
   601      600     0.7324     22.2       -39.76    22        R3      0
   602      601     0.882      24.98      -40.86    22        R3      0
   603      602     1.508      27.02      -42.24    22        R3      0
   604      603     0.9772     25.2       -46.26    22        R3      0
   605      604     0.9634     23.44      -50.58    22        R3      0
   606      605     1.12       21.38      -56.08    22        R5      0
   607      606     0.8351     19.19      -60.18    22        R5      0
   608      607     1.318      17.95      -63.78    22        R5      0
   609      608     1.613      18.39      -67.06    22        R5      0
   610      609     0.882      16.63      -70.14    24        R5      0
   611      610     1.089      12.67      -73.66    24        R5      0
   612      611     0.7888     11.36      -77.4     24        R5      0
   613      612     1.028      8.13       -82.16    24        R6      0
   614      613     1.108      9.818      -87.36    24        R6      0
   615      614     0.5859     10.48      -94.38    23        R6      0
   616      615     0.8789     11.21      -101.9    23        R7      0
   617      616     1.318      12.08      -107.4    21        R7      0
   618      617     0.8541     9.448      -111.4    21        R7      0
   619      618     1.028      9.738      -120.7    21        R8      0
   620      619     1.326      11.06      -126.5    21        R8      0
   621      620     0.9549     10.4       -130.5    22        R8      0
   622      621     0.6753     6.96       -132.8    22        R8      0
   623      622     0.6215     2.126      -138.3    21        R8      0
   624      623     1.483      0.29       -141      20        R9      0
   625      624     0.8789     -1.248     -144.6    20        R9      0
   626      625     0.894      -3.736     -149.4    20        R9      0
   627      626     0.9521     -7.76      -156.8    21        R9      0
   628      627     1.018      -4.246     -161      21        R9      0
   629      593     0.906      1.099      -24.6     21        R2      0
   630      629     1.089      -0.6592    -28.68    21        R2      0
   631      630     1.5        -7.418     -26.58    23        R2      0
   632      631     0.8166     -14.45     -27.3     25        R2      0
   633      632     1.01       -17.85     -32.84    25        R2      0
   634      633     0.9142     -21.2      -36.58    25        R3      0
   635      634     0.6883     -23.4      -40.98    26        R3      0
   636      635     0.8313     -29.98     -44.06    26        R3      0
   637      636     0.643      -37.36     -44.38    26        R3      0
   638      637     1.216      -46.2      -39.12    26        R5      0
   639      638     0.643      -52.18     -38.56    26        R5      0
   640      639     0.8858     -58.66     -43.34    26        R5      0
   641      640     0.9208     -64.88     -42.68    26        R5      0
   642      641     1.164      -66.42     -44.66    27        R6      0
   643      642     0.6795     -71.8      -45.2     26        R6      0
   644      643     0.6992     -77.52     -47.68    26        R6      0
   645      644     1.099      -80.74     -51.24    26        R6      0
   646      645     1.263      -84.6      -50.64    26        R6      0
   647      646     0.9903     -90.7      -49.38    26        R7      0
   648      647     0.6883     -103.1     -49.1     26        R7      0
   649      648     0.8258     -108.1     -52.62    26        R8      0
   650      649     0.9208     -119.9     -54.1     27        R8      0
   651      650     1.099      -126.2     -60.14    28        R8      0
   652      651     0.7471     -133.2     -67.24    28        R9      0
   653      652     0.737      -141.7     -71.12    28        R9      0
   654      653     0.7329     -145.6     -72.18    28        R9      0
   655      646     0.737      -88.88     -55.64    26        R7      0
   656      655     0.8111     -89.26     -58.44    26        R7      0
   657      646     0.8545     -89.48     -46.68    26        R7      0
   658      657     0.9354     -93.78     -44.06    26        R7      0
   659      658     0.5602     -98.76     -44.76    27        R7      0
   660      659     0.5064     -101.7     -41.36    27        R7      0
   661      640     1.532      -61.8      -49.76    26        R5      0
   662      661     0.8858     -65.7      -53.88    26        R6      0
   663      662     1.026      -68.94     -56.4     26        R6      0
   664      663     0.737      -73.28     -56.96    26        R6      0
   665      664     0.7471     -78.38     -59.38    26        R6      0
   666      665     1.013      -83.06     -60.8     26        R7      0
   667      666     1.104      -88.34     -63.12    26        R7      0
   668      667     0.9093     -89.7      -65.04    26        R7      0
   669      668     1.32       -93.88     -65.64    26        R7      0
   670      669     0.6683     -98.54     -65.86    26        R7      0
   671      670     0.8258     -104.9     -66.46    26        R8      0
   672      671     0.9338     -108       -65.92    27        R8      0
   673      672     0.7162     -111.9     -65.14    27        R8      0
   674      673     0.8807     -115.7     -64.88    28        R8      0
   675      674     0.771      -122       -64.32    28        R8      0
   676      675     0.7162     -119.4     -59.32    27        R8      0
   677      676     0.3517     -117.8     -57.84    27        R8      0
   678      630     0.8111     -1.266     -32.08    20        R2      0
   679      678     1.407      -3.296     -34.76    20        R2      0
   680      679     0.9451     1.099      -37.3     18        R2      0
   681      680     0.9387     2.092      -39.26    18        R2      0
   682      681     1.082      1.099      -42.68    21        R3      0
   683      682     0.6615     -3.076     -44.06    22        R3      0
   684      683     0.6263     -7.418     -47.68    23        R3      0
   685      684     1.826      -10.82     -49.6     23        R3      0
   686      685     0.6215     -6.258     -53.44    23        R3      0
   687      686     0.5942     -1.644     -56.14    23        R3      0
   688      687     0.7768     0          -59.16    24        R3      0
   689      688     1.228      1.433      -64.1     24        R5      0
   690      689     0.5064     1.811      -68.28    23        R5      0
   691      690     0.429      6.152      -70.2     22        R5      0
   692      691     0.6615     4.29       -74.7     22        R5      0
   693      692     1.067      2.092      -78.88    22        R5      0
   694      693     0.9354     -2.804     -80.08    23        R6      0
   695      694     0.824      -4.562     -84.32    23        R6      0
   696      695     0.769      -4.72      -89.36    23        R6      0
   697      696     0.8385     -7.356     -95.36    22        R6      0
   698      697     0.978      -10.33     -98.98    22        R6      0
   699      698     1.547      -16.92     -102.2    22        R7      0
   700      699     0.771      -16.7      -107.1    23        R7      0
   701      700     0.6263     -15.33     -111.1    23        R7      0
   702      701     0.7998     -14.28     -115.3    23        R7      0
   703      702     0.6042     -14.45     -119.4    22        R8      0
   704      703     1.176      -16.43     -123.2    22        R8      0
   705      704     0.6992     -20.92     -125.2    21        R8      0
   706      705     0.5656     -23.78     -125.8    21        R8      0
   707      693     0.6615     4.29       -83.72    22        R6      0
   708      707     0.9354     8.078      -86.02    21        R6      0
   709      708     0.6615     14.23      -88.48    21        R6      0
   710      709     0.6615     18.18      -91.46    21        R6      0
   711      710     1.132      21.42      -96.12    21        R6      0
   712      711     0.824      27.24      -97       21        R7      0
   713      712     1.216      27.64      -96.02    22        R6      0
   714      712     0.9387     34.72      -93.98    22        R7      0
   715      714     0.8807     38.84      -91.34    22        R6      0
   716      715     0.9609     42.24      -94.26    22        R7      0
   717      716     0.9451     46.26      -97.06    21        R7      0
   718      717     1.013      49.22      -100.8    21        R7      0
   719      718     0.8942     50.22      -105.4    20        R7      0
   720      719     0.6992     51.02      -108.8    20        R8      0
   721      720     0.3517     48.62      -111.6    20        R8      0
   722      685     0.6881     -16.11     -50.18    24        R3      0
   723      722     1.458      -19.66     -53.78    24        R3      0
   724      723     0.9915     -18.64     -57.4     24        R5      0
   725      724     0.769      -18.64     -62.38    25        R5      0
   726      725     1.149      -19        -67.8     24        R5      0
   727      726     0.8286     -21.68     -72.2     23        R5      0
   728      727     0.7223     -27.06     -77.1     22        R6      0
   729      728     0.776      -28.72     -80.8     22        R6      0
   730      729     1.172      -29.16     -82.6     23        R6      0
   731      730     1.168      -25.3      -84.5     23        R6      0
   732      731     0.469      -23.08     -86.04    24        R6      0
   733      731     1          -27.94     -88.2     25        R6      0
   734      733     0.8541     -30.54     -90.5     25        R6      0
   735      734     0.7469     -31.72     -92.56    25        R6      0
   736      735     1.17       -33.18     -94.86    24        R7      0
   737      736     1.099      -33.54     -98.56    24        R7      0
   738      737     0.9675     -33.5      -102.6    24        R7      0
   739      738     0.9045     -31.52     -104.2    23        R7      0
   740      739     1.068      -30.06     -107.5    23        R7      0
   741      740     0.8057     -29.88     -109.9    23        R7      0
   742      741     0.7324     -28.64     -113.1    23        R7      0
   743      742     0.7111     -27.58     -115.5    23        R7      0
   744      743     0.755      -29.3      -117.7    23        R8      0
   745      744     0.6602     -31.02     -119.9    23        R8      0
   746      745     0.9668     -33.02     -123      23        R8      0
   747      746     0.5905     -34.94     -124      22        R8      0
   748      747     1.031      -36.32     -127.9    22        R8      0
   749      748     0.882      -36.26     -131.5    22        R8      0
   750      749     0.5282     -36.7      -134.1    21        R8      0
   751      750     0.8643     -39.92     -137      21        R9      0
   752      751     0.9948     -44.34     -138.1    21        R9      0
   753      730     0.7223     -32.58     -85.42    23        R6      0
   754      753     0.7863     -36.04     -88.12    25        R6      0
   755      754     0.7073     -40.62     -89.42    25        R6      0
   756      755     0.9178     -43.06     -89.78    24        R6      0
   757      756     0.8705     -47.68     -88.26    24        R7      0
   758      757     0.579      -51.68     -89       24        R7      0
   759      758     1.197      -53.62     -91.72    24        R7      0
   760      759     1.228      -54.24     -94.6     24        R7      0
   761      760     1.396      -54.56     -97.8     24        R7      0
   762      761     1.092      -54.74     -101.8    24        R7      0
   763      762     0.885      -55.74     -105.2    24        R7      0
   764      763     0.5962     -57.5      -107.9    24        R8      0
   765      764     0.8581     -59.08     -109.9    24        R8      0
   766      765     0.4589     -61.74     -111.8    24        R8      0
   767      766     0.7361     -64.46     -112.3    24        R8      0
   768      767     0.1867     -66.32     -111.7    23        R8      0
   769      759     0.4927     -57.06     -93.26    24        R7      0
   770      769     0.2228     -59.32     -96.1     24        R7      0
   771      723     0.6226     -22.64     -55.52    25        R3      0
   772      771     0.6948     -25.12     -56.82    25        R5      0
   773      772     0.9613     -28.5      -56.78    25        R5      0
   774      773     0.9358     -35.88     -58.24    25        R5      0
   775      774     0.5961     -41.86     -62.6     25        R5      0
   776      775     0.7214     -44.9      -63.7     23        R5      0
   777      776     0.8518     -50.6      -66.38    24        R6      0
   778      777     0.5444     -55.16     -70.98    24        R6      0
   779      778     1.025      -57.5      -76.66    24        R6      0
   780      779     0.9451     -60.82     -82.26    23        R7      0
   781      780     0.6753     -63.66     -84.36    23        R7      0
   782      781     0.7541     -68.56     -85.52    23        R7      0
   783      782     0.3735     -74.86     -87.22    23        R7      0
   784      777     0.6139     -55.26     -66.84    23        R6      0
   785      784     0.9521     -60.2      -68.68    23        R6      0
   786      785     0.4761     -64.78     -69.64    24        R6      0
   787      786     0.8705     -68.18     -71.12    24        R6      0
   788      787     0.7541     -73.16     -71.68    24        R7      0
   789      788     0.9185     -75.36     -74.42    25        R7      0
   790      789     1.108      -79.04     -76.22    25        R7      0
   791      790     1.12       -83.34     -74.9     26        R7      0
   792      791     1.028      -87.6      -73.96    27        R7      0
   793      792     0.5732     -91.22     -75.56    27        R7      0
   794      679     0.8367     -8.236     -32.9     20        R2      0
   795      794     0.7922     -9.298     -29.2     20        R2      0
   796      795     0.8359     -10.84     -22       20        R2      0
   797      796     0.9243     -16.48     -16.94    21        R2      0
   798      797     0.7699     -29.32     -12.83    22        R2      0
   799      798     1.228      -35.34     -13.02    24        R2      0
   800      799     0.5859     -34.28     -17.04    25        R2      0
   801      800     0.6997     -35.3      -20.08    25        R3      0
   802      801     0.7541     -37.64     -24.82    25        R3      0
   803      802     0.6997     -41.68     -27.56    25        R3      0
   804      803     0.691      -48.12     -28.68    25        R3      0
   805      804     0.5282     -53.46     -31.54    25        R5      0
   806      805     0.9156     -57.72     -34.8     25        R5      0
   807      806     0.6396     -62.34     -34.44    25        R5      0
   808      807     0.6551     -67.3      -35.72    26        R5      0
   809      808     0.5243     -69.8      -37.52    26        R5      0
   810      809     0.6723     -73.8      -35.36    25        R6      0
   811      810     1.168      -76.46     -34.8     25        R6      0
   812      811     0.8032     -80.08     -32.64    26        R6      0
   813      812     0.8541     -82.54     -30.88    26        R6      0
   814      813     0.8541     -85.84     -30.96    27        R6      0
   815      814     0.9323     -89.2      -32.94    27        R6      0
   816      815     0.4775     -90.56     -34.74    29        R6      0
   817      814     1.131      -86.98     -26.02    27        R6      0
   818      817     0.6753     -90.68     -25.26    27        R6      0
   819      818     0.6948     -93.68     -26.34    27        R6      0
   820      819     0.7541     -94.34     -29.86    27        R6      0
   821      820     0.4287     -95.74     -30.92    28        R7      0
   822      799     0.9915     -40.86     -13.49    25        R3      0
   823      822     0.95       -44.6      -11.8     26        R3      0
   824      823     0.7889     -49.72     -13.46    26        R3      0
   825      824     0.6753     -53.18     -14.99    26        R3      0
   826      825     0.776      -55.7      -15.58    26        R3      0
   827      826     0.6841     -61.34     -14.48    26        R5      0
   828      827     0.755      -63.98     -11.77    26        R5      0
   829      828     0.447      -67.78     -12.29    26        R5      0
   830      829     0.6006     -72.22     -13.71    26        R5      0
   831      830     1.031      -75.52     -14.96    27        R5      0
   832      831     0.9895     -78.98     -15.47    27        R6      0
   833      832     0.7035     -79.5      -18.73    27        R6      0
   834      833     0.7073     -77.52     -20.64    27        R6      0
   835      834     0.5243     -75.3      -21.62    27        R5      0
   836      835     0.514      -73.82     -20.16    26        R5      0
   837      836     0.5407     -74.38     -17.82    26        R5      0
   838      832     0.9613     -84.3      -13.64    27        R6      0
   839      838     1.254      -87.3      -12.51    27        R6      0
   840      839     0.8189     -91.26     -11.99    27        R6      0
   841      840     1.104      -95.9      -12.65    27        R6      0
   842      841     1.284      -104.2     -13.42    27        R7      0
   843      842     0.6632     -108       -13.68    27        R7      0
   844      843     0.4927     -110       -14.77    27        R7      0
   845      844     1.386      -113.4     -17.56    27        R7      0
   846      845     1.021      -113       -20.24    27        R7      0
   847      846     0.9451     -114.2     -23.96    27        R7      0
   848      847     0.6095     -115.5     -25.76    27        R7      0
   849      848     0.823      -117.9     -27.48    27        R8      0
   850      849     0.4176     -122.4     -30.56    27        R8      0
   851      843     1.036      -111.3     -10.75    27        R7      0
   852      851     0.652      -113.5     -7.19     27        R7      0
   853      852     0.441      -113.8     -4.552    26        R7      0
   854      603     1.056      30.7       -44       22        R3      0
   855      854     0.5859     33.18      -46.92    22        R3      0
   856      855     0.6632     33.84      -52.86    23        R5      0
   857      856     1.422      35.52      -57.12    23        R5      0
   858      857     1.041      30.32      -62.08    23        R5      0
   859      858     0.809      28.12      -65.9     22        R5      0
   860      859     0.9521     29.16      -71.54    22        R5      0
   861      860     1.02       31.94      -78.2     23        R6      0
   862      861     0.882      34.78      -83.48    23        R6      0
   863      862     0.8541     33.76      -89.12    23        R6      0
   864      863     1.099      30.54      -92.84    22        R6      0
   865      864     0.6301     27.84      -94.32    22        R6      0
   866      865     0.8573     28.56      -100.8    22        R7      0
   867      866     0.8541     31.72      -105.5    22        R7      0
   868      867     1.028      32.88      -114.1    23        R7      0
   869      868     0.6215     35.22      -117.5    23        R8      0
   870      869     1.081      38.68      -120.7    22        R8      0
   871      870     1.247      39.56      -125.4    22        R8      0
   872      871     0.882      43.72      -129.6    19        R8      0
   873      872     0.3944     45.7       -133.9    19        R9      0
   874      857     1.066      43.58      -56.02    23        R5      0
   875      874     1.219      49.22      -58.2     23        R5      0
   876      875     0.9962     51.56      -64.36    24        R6      0
   877      876     1.018      56.9       -72.06    24        R6      0
   878      877     1.099      56.24      -79.44    22        R6      0
   879      878     1.02       55.82      -88.46    22        R7      0
   880      879     0.9549     58.3       -97.24    21        R7      0
   881      880     0.8789     59.7       -99.8     20        R7      0
   882      881     0.8573     61.96      -108.4    19        R8      0
   883      882     1.144      64.24      -112.8    19        R8      0
   884      883     0.8351     68.84      -117.2    16        R8      0
   885      884     0.5282     65.84      -124      16        R9      0
   886      885     0.5179     63.58      -130.4    16        R9      0
   887      884     0.885      74.42      -120.8    16        R9      0
   888      887     0.7251     79.1       -122.2    16        R9      0
   889      888     0.7922     82.98      -125.8    15        R9      0
   890      889     0.3276     87.24      -128.1    15        R9      0
   891      317     1.265      12.8       -7.032    13        R1      0
   892      891     1.32       20.66      -8.402    13        R2      0
   893      892     0.891      25.42      -8.252    13        R2      0
   894      893     0.9549     31.94      -5.256    13        R2      0
   895      894     0.7214     41.34      -3.674    13        R3      0
   896      895     1.252      47.68      -0.9316   13        R3      0
   897      896     1.228      50.24      1.705     16        R3      0
   898      897     1.545      56.46      1.336     16        R3      0
   899      898     0.885      62.84      2.804     16        R5      0
   900      899     1.524      68.62      7.198     16        R5      0
   901      900     1.337      74.26      8.736     18        R5      0
   902      901     0.9826     79.32      6.1       18        R5      0
   903      902     0.8541     85.48      4.192     18        R6      0
   904      903     0.9521     92         2.734     18        R6      0
   905      904     2.026      98         -1.591    20        R6      0
   906      905     0.9387     102.3      2.584     20        R7      0
   907      906     0.9948     105.4      3.796     20        R7      0
   908      907     0.6406     108.4      0.9404    20        R7      0
   909      908     1.158      112.8      -0.2724   20        R7      0
   910      909     0.809      117.9      -4.518    20        R7      0
   911      910     0.809      125.2      -4.078    19        R8      0
   912      911     0.5905     133        -5.476    19        R8      0
   913      912     0.882      140.1      -7.014    19        R9      0
   914      913     0.5859     146.6      -7.814    19        R9      0
   915      907     0.7922     108.5      7.488     20        R7      0
   916      915     1.566      114.2      9.544     19        R7      0
   917      916     0.9521     120        8.006     18        R8      0
   918      917     0.6948     124.7      7.198     17        R8      0
   919      918     0.9826     128.4      10.2      17        R8      0
   920      919     0.5859     133.1      13.13     17        R8      0
   921      920     0.882      137.5      12.69     19        R8      0
   922      921     0.7324     140.8      9.764     18        R9      0
   923      922     0.7922     144.7      6.03      17        R9      0
   924      923     1.018      146.3      4.052     17        R9      0
   925      924     0.938      148.6      0.5362    17        R9      0
   926      925     0.3735     153.1      1.046     15        R9      0
   927      924     0.8057     152.7      6.468     17        R9      0
   928      927     1.049      156.2      3.972     17        R9      0
   929      928     0.9549     162.3      3.972     15        R9      0
   930      929     0.809      167.9      5.59      15        R9      0
   931      930     0.9634     174.7      6.61      15        R9      0
   932      931     0.5578     181.9      9.106     15        R9      0
   933      932     0.5332     189.5      10.42     15        R9      0
   934      437     0.7035     3.076      97.94     17        R6      0
   935      934     1.028      3.586      93.4      17        R6      0
   936      935     1.355      4.43       89.42     17        R6      0
   937      896     1.165      46.96      6.812     13        R3      0
   938      937     0.9549     49.22      12.18     16        R3      0
   939      938     1.409      52         14.67     16        R3      0
   940      939     1.399      57.34      13.64     16        R3      0
   941      940     1.108      64.08      12.91     15        R5      0
   942      941     1.545      70.24      16.43     15        R5      0
   943      942     1.247      73.24      20.54     15        R5      0
   944      943     0.8189     78.6       19.94     16        R6      0
   945      944     1.144      83.56      20.9      16        R6      0
   946      945     1.036      87.08      23.82     16        R6      0
   947      946     0.9265     91.04      26.6      16        R6      0
   948      947     1.376      93.46      28.96     16        R6      0
   949      948     1.554      93.16      33.72     17        R6      0
   950      949     1.382      91.18      39.2      17        R6      0
   951      950     1.6        88.62      41.98     17        R6      0
   952      951     1.26       91.78      47.4      17        R7      0
   953      952     1.31       96.16      51.36     17        R7      0
   954      953     0.9549     101.7      54.22     17        R7      0
   955      954     1.904      107.9      54.44     16        R8      0
   956      955     1.32       112.2      56.92     16        R8      0
   957      939     1.264      51.86      19.94     16        R3      0
   958      957     1.626      52.08      26.54     17        R3      0
   959      958     1.465      55.6       32.76     17        R5      0
   960      959     1.254      63.5       35.18     17        R5      0
   961      960     0.9962     70.98      37.08     18        R6      0
   962      961     1.31       76.1       40.22     18        R6      0
   963      962     0.9634     75         45.8      18        R6      0
   964      963     1.247      75.74      50.2      18        R6      0
   965      964     1.252      72.14      53.86     18        R6      0
   966      965     0.5602     69.32      58.64     17        R6      0
   967      376     0.8351     83.64      89.52     13        R8      0
   968      967     1.972      87.08      88.06     13        R8      0
   969      968     1.158      93.32      89.08     13        R8      0
   970      969     1.483      96.24      86        13        R8      0
   971      970     1.049      101.1      80.58     13        R8      0
   972      971     1.32       106.7      79.86     13        R8      0
   973      972     1.254      115.5      76.92     13        R8      0
   974      973     1.081      121.7      77.8      13        R9      0
   975      974     0.6592     128.2      78.82     11        R9      0
   976      964     0.9178     79.32      53.78     17        R6      0
   977      976     1.32       82.84      57.44     17        R7      0
   978      977     1.368      85.7       57.66     17        R7      0
   979      978     0.8351     83.5       64.04     16        R7      0
   980      979     1.279      81.3       67.04     16        R7      0
   981      980     1.192      76.98      73.56     16        R7      0
   982      981     0.9962     74.7       79.48     16        R7      0
   983      982     0.5127     73.98      81.1      16        R7      0
   984      980     0.9962     86.64      69.16     15        R7      0
   985      984     0.8351     91.26      70.18     15        R7      0
   986      985     0.5578     95.96      73.56     15        R8      0
   987      978     1.54       90.08      58.02     15        R7      0
   988      987     1.02       93.9       59.34     15        R7      0
   989      988     1.409      100.8      60.38     16        R7      0
   990      989     1.049      105.2      63.6      16        R8      0
   991      990     1.32       111        63.16     15        R8      0
   992      991     0.882      117        66.08     15        R8      0
   993      992     0.7251     121.7      72.08     14        R9      0
   994      993     1.025      125.5      73.04     14        R9      0
   995      994     1.025      129        71.72     14        R9      0
   996      995     1.028      134        71.86     13        R9      0
   997      996     0.7361     137.3      71.72     13        R9      0
   998      968     0.894      89.28      83.82     14        R8      0
   999      998     1.089      93.6       81.84     14        R8      0
  1000      999     0.8351     98.14      82.94     14        R8      0
  1001     1000     0.9962     101.1      87.1      14        R8      0
  1002     1001     1.158      101.8      89.96     14        R8      0
  1003     1002     1.049      106.3      93.12     13        R9      0
  1004     1003     0.572      110.9      95.02     13        R9      0
  1005     1004     0.7251     114.8      101.1     11        R9      0
  1006     1005     1.347      117.8      107.4     8         R9      0
  1007     1006     0.891      120.3      110.1     8         R9      0
  1008     1007     0.9521     126.1      111.5     8         R9      0
  1009     1008     1.192      132        114.1     7         R9      0
  1010     1009     0.7922     136.6      112.5     7         R9      0
  1011      916     1.465      119.6      15.33     18        R8      0
  1012     1011     1.281      123.5      21.84     18        R8      0
  1013     1012     1.318      125.2      25.58     18        R8      0
  1014     1013     0.938      127.5      28.36     18        R8      0
  1015     1014     1.174      130.8      29.98     18        R8      0
  1016     1015     1.351      134.7      26.9      18        R8      0
  1017     1016     0.809      141.5      27.7      18        R9      0
  1018     1017     0.9178     147.7      27.7      18        R9      0
  1019     1018     0.604      148.8      23.52     18        R9      0
  1020      948     0.9265     101.7      33.34     19        R7      0
  1021     1020     0.9549     106.8      35.62     19        R7      0
  1022     1021     1.264      114.1      36.94     19        R7      0
  1023     1022     1.279      119.4      36.72     19        R8      0
  1024     1023     0.7786     126.3      35.98     18        R8      0
  1025     1024     0.8057     130.4      33.72     18        R8      0
  1026     1025     0.882      137.5      34.66     17        R9      0
  1027     1026     0.6948     142.1      37.38     17        R9      0
  1028     1027     1.108      146.8      38.4      17        R9      0
  1029     1028     1.089      151.9      37.02     17        R9      0
  1030     1029     0.8351     155.9      35.48     17        R9      0
  1031     1030     1.415      160.8      31.74     16        R9      0
  1032     1031     1.049      165.9      29.32     16        R9      0
  1033     1032     0.7324     170.6      27.64     16        R9      0
  1034     1033     0.7469     176.4      27.34     16        R9      0
  1035     1028     0.9208     151.1      42.18     16        R9      0
  1036     1035     0.8858     148.9      45.32     16        R9      0
  1037     1036     0.6592     147.9      50.38     16        R9      0
  1038     1031     0.9178     165.8      35.18     16        R9      0
  1039     1038     0.8258     166.5      40.64     14        R9      0
  1040     1039     0.9451     165.8      45.54     14        R9      0
  1041     1040     0.9354     171.3      48.02     13        R9      0
  1042     1041     0.4395     177.4      46.74     11        R9      0
  1043      995     0.8367     127.2      66.7      14        R9      0
  1044      905     1.51       103.7      -3.568    21        R7      0
  1045     1044     1.351      108.3      -9.132    21        R7      0
  1046     1045     1.181      114.3      -12.51    21        R7      0
  1047     1046     0.882      118.1      -14.41    21        R7      0
  1048     1047     1.137      122.7      -11.99    21        R8      0
  1049     1048     0.572      126.9      -14.92    21        R8      0
  1050      898     0.9962     58.88      -3.858    16        R3      0
  1051     1050     1.399      65.48      -7.814    16        R5      0
  1052     1051     1.459      68.12      -14.84    16        R5      0
  1053     1052     1.101      73.98      -18       19        R5      0
  1054     1053     1.041      82.02      -20.2     19        R6      0
  1055     1054     1.036      89.28      -23.94    19        R6      0
  1056     1055     0.906      97.12      -23.34    20        R6      0
  1057     1056     1.368      103.3      -19.54    20        R7      0
  1058     1057     1.483      109.3      -20.48    20        R7      0
  1059     1058     1.181      115.1      -23.34    20        R7      0
  1060     1059     0.9521     119.6      -26.64    20        R8      0
  1061     1060     1.347      126        -23.56    20        R8      0
  1062     1061     0.9772     131.4      -21.66    20        R8      0
  1063     1062     1.32       137.7      -19.98    17        R8      0
  1064     1063     1.247      142.1      -23.42    17        R9      0
  1065     1064     0.9634     144.6      -28.46    17        R9      0
  1066     1065     0.891      148.9      -30.66    17        R9      0
  1067     1066     1.26       155.6      -29.2     17        R9      0
  1068     1067     1.146      160.4      -26.42    17        R9      0
  1069     1068     1.32       164.4      -24.96    17        R9      0
  1070     1069     1.025      173.4      -26.86    16        R9      0
  1071     1070     1.247      181.8      -27.36    16        R9      0
  1072     1071     1.158      187.6      -26.64    16        R9      0
  1073     1072     1.181      193.1      -24.66    15        R9      0
  1074     1073     0.4632     198.9      -24.22    15        R9      0
  1075      601     1.22       26.36      -32.96    22        R3      0
  1076     1075     1.668      28.74      -29.32    22        R3      0
  1077     1076     1.159      32.74      -28.34    22        R3      0
  1078     1077     1.214      37.58      -28.94    22        R3      0
  1079     1078     1.172      44.32      -27.3     23        R3      0
  1080     1079     1.028      49.8       -28.02    23        R3      0
  1081     1080     1.228      55.08      -27.74    23        R5      0
  1082     1081     1.279      61.24      -30.22    23        R5      0
  1083     1082     1.422      64.16      -32.42    23        R5      0
  1084     1083     1.584      68.62      -36.96    23        R5      0
  1085     1084     1.465      74.2       -40.2     23        R6      0
  1086     1085     0.8541     78.88      -46.64    22        R6      0
  1087     1086     1.296      81.96      -51.1     22        R6      0
  1088     1087     1.392      86.64      -54.32    22        R7      0
  1089     1088     1.212      92.88      -56.82    21        R7      0
  1090     1089     1.146      98.28      -59.22    21        R7      0
  1091     1090     1.099      105.1      -58       19        R8      0
  1092     1091     0.9962     109.4      -51.98    18        R8      0
  1093     1092     0.882      113.7      -49.86    18        R8      0
  1094     1093     0.882      120.7      -50.74    18        R8      0
  1095     1094     1.028      125.4      -50.88    18        R8      0
  1096     1060     0.8351     124.4      -31.76    20        R8      0
  1097     1096     0.7469     127.5      -35.8     20        R8      0
  1098     1097     0.885      132.1      -40.86    16        R8      0
  1099     1098     0.8351     136.5      -42.46    16        R9      0
  1100     1099     0.8351     140.8      -40.86    16        R9      0
  1101     1100     0.885      145.7      -46.86    16        R9      0
  1102     1101     0.691      151.8      -49.12    16        R9      0
  1103     1102     0.7541     156.9      -49.06    16        R9      0
  1104     1103     0.938      158.6      -53.22    16        R9      0
  1105      895     1.192      48.26      -6.134    19        R3      0
  1106     1105     1.362      52.88      -8.772    19        R3      0
  1107     1106     1.099      57.72      -14.41    20        R3      0
  1108     1107     1.089      60.8       -22.9     20        R5      0
  1109     1108     0.9962     65.4       -26.64    20        R5      0
  1110     1109     0.885      70.16      -28.84    23        R5      0
  1111     1110     1.028      77.5       -29.64    23        R6      0
  1112     1111     0.906      85.84      -33.9     22        R6      0
  1113     1112     0.7786     90.96      -37.26    21        R6      0
  1114     1113     0.8789     97.92      -39.6     21        R7      0
  1115     1114     1.028      108.4      -40.92    20        R7      0
  1116     1115     0.7044     114.2      -41.1     20        R8      0
  1117     1116     1.049      120.5      -41.58    20        R8      0
  1118     1117     0.5905     128.7      -34.7     17        R8      0
  1119     1118     0.4271     134.2      -25.76    17        R8      0
  1120     1084     1.481      66.28      -43.78    24        R5      0
  1121     1120     1.439      64.74      -53.88    24        R6      0
  1122     1121     1.699      64.88      -62.68    24        R6      0
  1123     1122     1.759      68.04      -69.42    21        R6      0
  1124     1123     1.099      68.4       -79.16    21        R7      0
  1125     1124     1.101      71.04      -83.18    21        R7      0
  1126     1125     1.279      70.1       -90.22    21        R7      0
  1127     1126     1.212      75.14      -96.96    20        R8      0
  1128     1127     1.399      72.36      -102.6    20        R8      0
  1129     1128     1.036      82.84      -108.4    19        R8      0
  1130     1129     1.917      90.74      -112.2    19        R9      0
  1131     1130     1.337      92.8       -118.8    18        R9      0
  1132     1131     1.245      95.74      -125.5    16        R9      0
  1133     1132     0.8057     102.6      -128      16        R9      0
  1134     1133     0.891      110.7      -125.3    15        R9      0
  1135     1134     0.691      116.2      -125      15        R9      0
  1136     1123     1.116      75.52      -75.78    19        R7      0
  1137     1136     0.9549     80.28      -78.78    21        R7      0
  1138     1137     2.015      87.82      -80.7     21        R7      0
  1139     1138     1.472      90.16      -87.94    21        R8      0
  1140     1139     1.192      95.8       -97.18    18        R8      0
  1141     1140     1.465      99.54      -102.6    18        R9      0
  1142     1141     0.7922     104.1      -105.6    18        R9      0
  1143     1142     0.469      107        -106.9    18        R9      0
  1144     1078     0.9451     40.76      -31.8     23        R3      0
  1145     1144     0.978      43.5       -36.7     23        R3      0
  1146     1145     0.9903     47.3       -39.82    23        R5      0
  1147     1146     1.042      52.84      -40.48    23        R5      0
  1148     1147     0.7471     56.58      -40.76    22        R5      0
  1149     1148     0.901      59.98      -44.38    22        R5      0
  1150     1149     0.9609     61.92      -46.14    22        R5      0
  1151     1150     1.245      66.3       -49.54    22        R6      0
  1152     1151     1.819      69.6       -52.46    22        R6      0
  1153     1152     0.7865     78.94      -53.66    20        R6      0
  1154     1153     0.9354     84.32      -56.14    20        R7      0
  1155     1154     1.01       89.92      -60.64    20        R7      0
  1156     1155     1.067      94.16      -64.56    20        R7      0
  1157     1156     1.362      99.32      -72.06    19        R8      0
  1158     1157     0.894      103.6      -77.76    19        R8      0
  1159     1158     0.809      108.8      -81.86    19        R8      0
  1160     1159     0.7361     114.4      -82.24    19        R9      0
  1161     1160     1.081      121.6      -85.24    18        R9      0
  1162     1161     0.9265     128.5      -87.94    18        R9      0
  1163     1162     0.9142     137.9      -89.8     15        R9      0
  1164     1163     1.438      143.8      -95.86    15        R9      0
  1165     1164     1.357      148.6      -102.4    15        R9      0
  1166     1165     1.472      154.6      -104.5    12        R9      0
  1167     1166     0.882      160.5      -101.9    12        R9      0
  1168     1091     1.041      110.6      -58.72    19        R8      0
  1169     1168     1.201      118.4      -60.48    18        R8      0
  1170     1169     1.201      125.4      -64.36    17        R9      0
  1171     1170     1.422      130.1      -69.56    17        R9      0
  1172     1171     0.9323     135.2      -75.7     17        R9      0
  1173     1172     1.646      136.5      -78.28    17        R9      0
  1174     1173     0.8189     140.9      -85.9     15        R9      0
  1175     1174     1.02       148.8      -87.72    15        R9      0
  1176     1175     1.049      154.8      -91.38    15        R9      0
