#	node	parent	dia	xbio	ybio	zbio	region	dendr
	0	0	25.00	181.33	147.29	12.00	SOMA	0
	1	0	2.00	175.92	135.84	12.00	HILLOCK	0
	2	1	2.00	172.10	125.02	10.00	HILLOCK	0
	3	2	1.50	171.15	116.11	10.00	HILLOCK	0
	4	3	1.20	164.47	105.93	10.00	HILLOCK	0
	5	4	ath_dia	160.65	95.12	8.00	AXON_THIN	0
	6	5	ath_dia	155.56	81.44	8.00	AXON_THIN	0
	7	6	ath_dia	151.11	70.30	8.00	AXON_THIN	0
	8	7	ath_dia	145.06	58.53	8.00	AXON_THIN	0
	9	8	ath_dia	135.84	45.49	6.00	AXON_THIN	0
	10	9	ath_dia	127.25	28.95	6.00	AXON_THIN	0
	11	10	ath_dia	119.93	14.95	8.00	AXON_THIN	0
	12	11	1.50	116.11	1.59	10.00	AXON	0
	13	0	1.00	185.14	158.74	20.00	DEND	0
	14	13	1.00	196.28	164.47	22.00	DEND	0
	15	14	1.00	209.96	168.92	22.00	DEND	0
	16	15	0.80	218.55	167.33	22.00	DEND	0
	17	16	0.80	225.54	170.51	24.00	DEND	0
	18	17	0.80	233.50	167.97	24.00	DEND	0
	19	18	0.80	241.13	166.37	24.00	DEND	0
	20	19	0.80	248.45	172.10	24.00	DEND	0
	21	20	0.80	258.63	177.19	24.00	DEND	0
	22	21	0.80	262.45	186.42	24.00	DEND	0
	23	22	0.80	269.76	191.51	24.00	DEND	0
	24	19	0.60	239.86	160.97	24.00	DEND	0
	25	24	0.60	233.82	157.79	24.00	DEND	0
	26	25	0.60	233.82	153.33	24.00	DEND	0
	27	15	0.70	214.41	176.87	24.00	DEND	0
	28	27	0.70	226.82	181.96	24.00	DEND	0
	29	28	0.70	241.45	187.37	24.00	DEND	0
	30	29	0.70	248.45	186.10	24.00	DEND	0
	31	30	0.70	256.40	190.23	24.00	DEND	0
	32	31	0.70	258.63	199.78	24.00	DEND	0
	33	29	0.70	241.45	200.41	24.00	DEND	0
	34	33	0.70	245.90	207.09	24.00	DEND	0
	35	34	0.70	241.13	215.05	24.00	DEND	0
	36	35	0.60	232.22	217.27	24.00	DEND	0
	37	36	0.50	231.91	222.05	24.00	DEND	0
	38	36	0.60	228.73	214.09	24.00	DEND	0
	39	38	0.60	228.73	210.59	24.00	DEND	0
	40	38	0.60	222.68	213.46	24.00	DEND	0
	41	35	0.70	244.95	223.32	24.00	DEND	0
	42	41	0.70	256.08	230.63	24.00	DEND	0
	43	33	0.60	234.77	203.59	24.00	DEND	0
	44	43	0.60	220.45	202.64	24.00	DEND	0
	45	44	0.50	223.32	194.37	24.00	DEND	0
	46	45	0.50	224.91	183.87	24.00	DEND	0
	47	44	0.60	212.50	206.46	24.00	DEND	0
	48	47	0.60	206.78	205.50	24.00	DEND	0
	49	0	2.40	177.83	160.01	20.00	DEND	0
	50	49	2.20	175.92	164.78	20.00	DEND	0
	51	50	2.00	166.69	170.83	22.00	DEND	0
	52	51	2.00	157.15	174.65	22.00	DEND	0
	53	52	1.50	149.83	174.65	24.00	DEND	0
	54	53	1.50	141.24	173.69	24.00	DEND	0
	137	54	1.10	134.25	178.78	24.00	DEND	0
	138	137	1.00	127.25	183.55	24.00	DEND	0
	139	138	0.90	117.38	184.51	24.00	DEND	0
	140	139	0.90	113.57	193.41	24.00	DEND	0
	141	140	0.80	101.80	191.82	24.00	DEND	0
	142	141	0.80	90.98	197.55	24.00	DEND	0
	143	142	0.60	78.57	198.82	24.00	DEND	0
	144	143	0.60	65.53	204.55	24.00	DEND	0
	145	144	0.60	53.76	204.55	24.00	DEND	0
	146	145	0.60	51.22	196.60	26.00	DEND	0
	147	145	0.60	45.17	207.09	26.00	DEND	0
	148	142	0.50	92.57	206.14	24.00	DEND	0
	149	148	0.50	86.21	213.46	24.00	DEND	0
	150	149	0.50	83.03	224.91	24.00	DEND	0
	151	150	0.50	88.44	230.00	24.00	DEND	0
	152	150	0.50	74.76	226.18	24.00	DEND	0
	153	152	0.50	68.71	231.27	24.00	DEND	0
	154	140	0.70	117.38	201.69	24.00	DEND	0
	155	154	0.60	128.20	204.23	24.00	DEND	0
	156	155	0.50	127.88	213.14	24.00	DEND	0
	157	156	0.50	133.93	218.23	24.00	DEND	0
	158	157	0.50	147.29	221.73	24.00	DEND	0
	159	155	0.60	138.70	204.87	24.00	DEND	0
	160	159	0.60	146.65	206.78	24.00	DEND	0
	161	160	0.60	148.24	197.23	24.00	DEND	0
	162	161	0.60	140.61	192.46	24.00	DEND	0
	163	154	0.60	116.11	209.96	24.00	DEND	0
	164	163	0.60	117.07	216.64	24.00	DEND	0
	165	164	0.50	125.97	220.45	24.00	DEND	0
	166	164	0.60	109.75	219.18	24.00	DEND	0
	167	166	0.60	103.71	214.73	24.00	DEND	0
	168	167	0.60	96.39	210.27	24.00	DEND	0
	269	138	0.80	133.93	188.64	24.00	DEND	0
	270	269	0.70	142.20	184.51	24.00	DEND	0
	271	270	0.70	152.06	188.01	24.00	DEND	0
	272	271	0.70	162.56	187.69	24.00	DEND	0
	273	272	0.70	169.56	181.64	24.00	DEND	0
	274	273	0.70	170.19	174.96	24.00	DEND	0
	275	273	0.60	179.74	186.73	24.00	DEND	0
	276	275	0.60	181.96	193.73	24.00	DEND	0
	277	272	0.60	170.83	196.60	24.00	DEND	0
	278	277	0.60	182.28	201.05	24.00	DEND	0
	279	278	0.60	194.05	202.96	24.00	DEND	0
	169	54	1.10	136.47	168.92	22.00	DEND	0
	170	169	1.10	124.70	165.42	22.00	DEND	0
	171	170	1.10	113.57	165.74	22.00	DEND	0
	172	171	1.00	104.34	170.19	22.00	DEND	0
	173	172	1.00	94.80	171.15	22.00	DEND	0
	174	173	0.90	85.26	172.42	24.00	DEND	0
	175	174	0.70	82.39	184.19	24.00	DEND	0
	176	175	0.70	70.94	183.87	24.00	DEND	0
	177	176	0.70	57.26	187.37	24.00	DEND	0
	178	177	0.70	45.81	192.14	26.00	DEND	0
	179	178	0.70	36.90	189.28	26.00	DEND	0
	180	179	0.60	35.31	181.64	26.00	DEND	0
	181	179	0.60	29.90	194.69	26.00	DEND	0
	182	176	0.50	72.53	190.87	26.00	DEND	0
	183	182	0.50	66.17	190.23	26.00	DEND	0
	184	182	0.50	76.35	194.05	26.00	DEND	0
	185	174	0.70	78.26	174.65	24.00	DEND	0
	186	185	0.50	70.94	170.51	24.00	DEND	0
	187	186	0.50	57.90	172.74	26.00	DEND	0
	188	187	0.50	48.99	166.69	26.00	DEND	0
	189	187	0.50	47.72	177.51	26.00	DEND	0
	192	174	0.60	77.94	164.78	24.00	DEND	0
	193	192	0.60	75.08	158.74	24.00	DEND	0
	190	173	0.60	90.03	160.01	24.00	DEND	0
	191	190	0.60	80.80	152.38	24.00	DEND	0
	194	171	0.70	117.70	175.60	24.00	DEND	0
	195	194	0.70	127.56	179.74	24.00	DEND	0
	196	171	0.80	111.98	161.92	22.00	DEND	0
	197	196	0.60	104.66	153.65	22.00	DEND	0
	198	197	0.60	96.07	144.74	22.00	DEND	0
	199	196	0.80	120.25	152.70	22.00	DEND	0
	200	199	0.80	115.79	144.74	22.00	DEND	0
	201	169	0.80	139.65	162.24	22.00	DEND	0
	202	201	0.70	132.65	152.38	22.00	DEND	0
	203	202	0.70	124.07	144.11	22.00	DEND	0
	204	201	0.70	150.79	159.38	22.00	DEND	0
	205	204	0.70	160.01	158.10	22.00	DEND	0
	206	205	0.60	167.65	153.01	24.00	DEND	0
	207	206	0.60	181.33	156.20	24.00	DEND	0
	208	207	0.60	187.69	150.15	24.00	DEND	0
	209	208	0.60	199.78	151.74	24.00	DEND	0
	210	209	0.60	204.55	146.65	24.00	DEND	0
	211	210	0.60	215.68	151.11	24.00	DEND	0
	212	209	0.60	209.96	158.74	24.00	DEND	0
	213	212	0.60	218.55	163.51	24.00	DEND	0
	214	213	0.60	222.05	159.38	24.00	DEND	0
	215	206	0.60	171.78	141.56	24.00	DEND	0
	216	215	0.50	164.78	136.79	24.00	DEND	0
	217	216	0.50	160.65	127.56	24.00	DEND	0
	218	215	0.60	177.19	140.29	24.00	DEND	0
	219	218	0.60	188.01	142.83	24.00	DEND	0
	220	219	0.60	196.91	143.15	24.00	DEND	0
	221	220	0.60	198.50	133.61	24.00	DEND	0
	222	218	0.60	178.46	130.11	24.00	DEND	0
	223	222	0.60	189.28	125.34	24.00	DEND	0
	55	52	1.20	155.56	184.83	24.00	DEND	0
	56	55	1.20	156.20	196.60	24.00	DEND	0
	57	56	0.80	161.60	197.55	24.00	DEND	0
	58	57	0.80	167.33	206.14	24.00	DEND	0
	59	58	0.80	174.96	218.23	24.00	DEND	0
	60	59	0.70	183.23	223.00	24.00	DEND	0
	61	60	0.70	191.19	230.95	24.00	DEND	0
	62	59	0.70	164.78	219.18	24.00	DEND	0
	63	62	0.70	152.38	223.00	24.00	DEND	0
	64	56	1.20	152.38	204.87	24.00	DEND	0
	65	64	1.20	147.29	214.73	24.00	DEND	0
	66	65	1.20	143.15	224.59	24.00	DEND	0
	67	66	1.00	151.11	230.95	24.00	DEND	0
	68	67	1.00	150.79	239.22	26.00	DEND	0
	69	68	1.00	159.38	242.72	26.00	DEND	0
	70	69	1.00	163.19	253.22	26.00	DEND	0
	71	70	1.00	168.60	262.76	26.00	DEND	0
	72	71	0.70	161.92	264.35	26.00	DEND	0
	73	72	0.70	159.06	272.63	26.00	DEND	0
	74	73	0.70	155.88	276.12	26.00	DEND	0
	75	74	0.50	149.83	275.17	26.00	DEND	0
	76	74	0.70	166.37	280.90	26.00	DEND	0
	77	76	0.70	174.01	289.49	26.00	DEND	0
	78	71	0.80	174.33	266.90	26.00	DEND	0
	79	78	0.80	183.23	276.44	26.00	DEND	0
	80	79	0.80	186.73	283.12	26.00	DEND	0
	81	80	0.70	184.51	293.62	26.00	DEND	0
	82	80	0.70	196.28	286.94	26.00	DEND	0
	83	82	0.70	199.14	298.07	26.00	DEND	0
	84	78	0.50	177.51	258.95	24.00	DEND	0
	85	84	0.50	184.51	254.17	24.00	DEND	0
	86	67	0.80	159.69	228.41	24.00	DEND	0
	87	86	0.80	167.65	229.36	24.00	DEND	0
	88	87	0.80	181.33	235.09	24.00	DEND	0
	89	88	0.80	187.37	246.22	26.00	DEND	0
	90	89	0.80	195.96	257.36	26.00	DEND	0
	91	90	0.80	207.09	263.40	26.00	DEND	0
	92	91	0.80	210.91	270.08	26.00	DEND	0
	93	92	0.70	224.27	269.76	26.00	DEND	0
	94	93	0.70	225.23	259.26	26.00	DEND	0
	95	93	0.70	235.41	278.67	26.00	DEND	0
	96	92	0.80	211.23	276.12	26.00	DEND	0
	97	96	0.70	204.55	279.31	26.00	DEND	0
	98	96	0.70	221.41	284.40	26.00	DEND	0
	99	98	0.70	224.91	296.48	26.00	DEND	0
	100	99	0.70	223.00	308.25	26.00	DEND	0
	101	100	0.70	228.41	316.84	26.00	DEND	0
	266	89	0.60	179.74	240.81	26.00	DEND	0
	267	266	0.60	170.83	239.86	26.00	DEND	0
	102	66	1.00	128.52	225.54	26.00	DEND	0
	103	102	1.00	125.66	232.54	26.00	DEND	0
	104	103	0.70	114.20	231.59	24.00	DEND	0
	105	104	0.70	102.12	232.22	24.00	DEND	0
	106	105	0.70	94.16	237.00	24.00	DEND	0
	107	106	0.70	89.07	242.09	24.00	DEND	0
	108	103	0.80	132.02	240.81	24.00	DEND	0
	109	108	0.80	126.61	248.13	24.00	DEND	0
	110	109	0.80	121.84	250.04	24.00	DEND	0
	111	110	0.80	113.57	253.86	26.00	DEND	0
	112	111	0.80	100.21	250.68	26.00	DEND	0
	113	112	0.80	89.39	258.95	24.00	DEND	0
	114	113	0.70	82.71	257.04	24.00	DEND	0
	115	114	0.70	80.48	245.27	24.00	DEND	0
	116	115	0.70	73.48	236.04	24.00	DEND	0
	117	116	0.70	63.31	239.54	24.00	DEND	0
	118	117	0.70	54.72	239.54	24.00	DEND	0
	119	118	0.60	56.31	250.68	24.00	DEND	0
	134	114	0.60	72.21	260.86	24.00	DEND	0
	135	134	0.60	64.26	267.85	24.00	DEND	0
	136	135	0.60	59.49	277.40	24.00	DEND	0
	120	113	0.70	86.21	269.76	24.00	DEND	0
	121	120	0.60	92.89	275.81	24.00	DEND	0
	122	120	0.60	79.21	270.72	24.00	DEND	0
	123	122	0.60	78.57	282.17	24.00	DEND	0
	129	111	0.50	114.84	266.58	26.00	DEND	0
	130	129	0.50	122.79	269.44	26.00	DEND	0
	131	129	0.50	109.75	274.22	26.00	DEND	0
	132	131	0.50	112.61	286.94	26.00	DEND	0
	133	132	0.50	116.75	298.39	26.00	DEND	0
	124	110	0.70	127.25	259.58	26.00	DEND	0
	125	124	0.70	130.11	270.72	26.00	DEND	0
	126	125	0.70	141.56	278.99	26.00	DEND	0
	127	126	0.70	141.56	291.08	26.00	DEND	0
	128	127	0.70	147.29	292.67	26.00	DEND	0
	268	108	0.60	142.83	242.72	26.00	DEND	0
	224	50	1.40	181.33	177.51	22.00	DEND	0
	225	224	1.20	190.23	188.01	22.00	DEND	0
	226	225	1.20	195.64	196.60	22.00	DEND	0
	227	226	1.20	203.91	206.78	22.00	DEND	0
	228	227	1.20	211.87	217.27	22.00	DEND	0
	229	228	1.00	217.59	221.73	24.00	DEND	0
	230	229	1.00	225.86	220.45	24.00	DEND	0
	231	230	1.00	236.04	227.13	24.00	DEND	0
	232	229	1.00	219.18	229.68	24.00	DEND	0
	233	232	1.00	224.91	235.41	24.00	DEND	0
	234	233	1.00	223.64	239.54	24.00	DEND	0
	235	234	1.00	227.13	246.22	24.00	DEND	0
	236	235	1.00	226.82	254.81	24.00	DEND	0
	237	236	1.00	216.64	252.90	24.00	DEND	0
	238	237	1.00	206.14	250.04	24.00	DEND	0
	239	236	0.80	235.09	258.31	26.00	DEND	0
	240	239	0.80	241.77	267.54	26.00	DEND	0
	241	240	0.80	257.04	268.49	26.00	DEND	0
	242	241	0.80	268.49	265.31	28.00	DEND	0
	243	241	0.80	262.45	280.90	28.00	DEND	0
	244	243	0.80	269.13	292.99	28.00	DEND	0
	245	244	0.80	272.63	302.85	28.00	DEND	0
	246	240	0.80	242.72	277.72	28.00	DEND	0
	247	246	0.80	245.27	288.21	28.00	DEND	0
	248	247	0.80	241.45	293.94	28.00	DEND	0
	249	248	0.80	234.77	297.12	28.00	DEND	0
	250	249	0.80	237.31	303.48	28.00	DEND	0
	251	248	0.80	252.58	299.03	28.00	DEND	0
	252	251	0.80	262.76	310.48	28.00	DEND	0
	253	234	0.90	215.05	235.09	26.00	DEND	0
	254	253	0.90	209.64	234.77	26.00	DEND	0
	255	254	0.60	201.37	229.04	26.00	DEND	0
	256	255	0.60	194.37	219.82	26.00	DEND	0
	257	256	0.60	188.32	214.41	26.00	DEND	0
	258	254	0.70	206.78	242.40	24.00	DEND	0
	259	258	0.70	196.91	244.95	24.00	DEND	0
	260	259	0.70	186.42	241.13	24.00	DEND	0
	261	233	0.70	237.31	238.59	26.00	DEND	0
	262	261	0.70	250.36	243.68	26.00	DEND	0
	263	262	0.70	265.63	250.68	26.00	DEND	0
	264	263	0.70	277.72	257.99	26.00	DEND	0
	265	264	0.70	286.30	271.99	26.00	DEND	0
	280	0	1.10	188.32	139.33	24.00	DEND	0
	281	280	1.10	192.78	137.11	26.00	DEND	0
	282	281	1.10	195.64	133.93	28.00	DEND	0
	283	282	1.00	202.64	137.11	30.00	DEND	0
	284	283	1.00	209.00	142.20	34.00	DEND	0
	285	284	1.00	216.96	141.88	34.00	DEND	0
	286	285	0.80	223.95	136.79	34.00	DEND	0
	287	286	0.80	237.63	133.61	34.00	DEND	0
	288	287	0.60	245.59	137.11	34.00	DEND	0
	289	288	0.60	253.54	138.70	34.00	DEND	0
	290	287	0.60	244.31	127.25	34.00	DEND	0
	291	290	0.60	244.63	119.29	34.00	DEND	0
	292	291	0.60	243.68	110.07	34.00	DEND	0
	293	290	0.60	250.99	129.79	34.00	DEND	0
	294	285	0.80	223.64	149.20	34.00	DEND	0
	295	294	0.80	234.77	151.11	34.00	DEND	0
	296	295	0.70	240.18	146.97	34.00	DEND	0
	297	296	0.70	253.54	145.06	34.00	DEND	0
	298	297	0.70	264.67	141.88	34.00	DEND	0
	299	295	0.80	239.54	158.42	34.00	DEND	0
	300	299	0.80	249.40	160.65	34.00	DEND	0
	301	300	0.70	254.17	169.56	34.00	DEND	0
	302	301	0.70	265.31	174.33	34.00	DEND	0
	303	302	0.70	268.81	185.14	34.00	DEND	0
	304	303	0.70	271.04	198.82	34.00	DEND	0
	305	302	0.70	280.26	174.96	34.00	DEND	0
	306	305	0.60	294.26	177.19	34.00	DEND	0
	307	306	0.60	310.16	177.19	34.00	DEND	0
	308	307	0.60	324.48	172.74	34.00	DEND	0
	309	300	0.70	260.54	157.15	34.00	DEND	0
	310	309	0.70	269.13	159.38	34.00	DEND	0
	311	310	0.70	272.94	155.24	34.00	DEND	0
	312	310	0.70	274.22	166.69	34.00	DEND	0
	313	282	0.90	190.55	130.75	32.00	DEND	0
	314	313	0.90	180.05	126.93	32.00	DEND	0
	315	314	0.80	174.96	123.43	34.00	DEND	0
	316	315	0.80	166.69	118.34	34.00	DEND	0
	317	316	0.70	161.92	111.34	34.00	DEND	0
	318	317	0.70	160.97	105.30	34.00	DEND	0
	319	318	0.60	171.46	101.48	34.00	DEND	0
	320	319	0.60	179.42	98.62	34.00	DEND	0
	321	320	0.60	180.69	87.48	34.00	DEND	0
	322	320	0.60	186.42	101.48	34.00	DEND	0
	323	316	0.70	176.87	117.70	34.00	DEND	0
	324	323	0.70	188.64	114.84	34.00	DEND	0
	325	324	0.70	198.50	118.34	34.00	DEND	0
	326	325	0.60	207.41	110.07	34.00	DEND	0
	327	314	0.70	183.87	137.43	34.00	DEND	0
	328	327	0.70	191.51	141.56	34.00	DEND	0
	329	328	0.70	194.69	139.65	34.00	DEND	0
	330	328	0.70	196.28	145.70	34.00	DEND	0
	331	330	0.70	200.73	144.42	34.00	DEND	0
	332	331	0.60	204.87	133.29	34.00	DEND	0
	333	332	0.60	209.64	127.25	34.00	DEND	0
	334	333	0.60	214.09	120.57	34.00	DEND	0
	335	331	0.60	205.18	152.06	34.00	DEND	0
	336	0	2.00	167.65	143.79	20.00	DEND	0
	337	336	1.80	160.01	144.11	20.00	DEND	0
	338	337	1.00	155.88	136.15	22.00	DEND	0
	339	338	0.90	151.11	131.38	22.00	DEND	0
	340	339	0.90	153.01	126.61	22.00	DEND	0
	341	340	0.70	158.74	126.61	22.00	DEND	0
	342	340	0.80	148.56	118.34	22.00	DEND	0
	343	342	0.80	140.93	111.34	24.00	DEND	0
	344	343	0.70	131.70	107.52	24.00	DEND	0
	345	344	0.70	122.79	113.57	24.00	DEND	0
	346	345	0.70	114.84	111.98	24.00	DEND	0
	347	346	0.70	106.25	111.98	24.00	DEND	0
	348	347	0.60	101.80	99.89	24.00	DEND	0
	349	348	0.60	93.53	90.35	24.00	DEND	0
	350	349	0.60	86.21	81.12	24.00	DEND	0
	351	350	0.60	81.12	67.44	24.00	DEND	0
	352	347	0.60	97.98	115.79	24.00	DEND	0
	353	352	0.50	93.84	114.84	24.00	DEND	0
	354	353	0.50	94.16	109.43	24.00	DEND	0
	355	354	0.50	87.80	104.02	24.00	DEND	0
	356	353	0.50	82.39	114.84	24.00	DEND	0
	357	356	0.50	76.35	112.30	24.00	DEND	0
	358	356	0.50	84.30	125.66	24.00	DEND	0
	359	358	0.50	73.48	125.66	24.00	DEND	0
	360	359	0.50	79.53	137.74	24.00	DEND	0
	361	359	0.50	60.44	117.70	26.00	DEND	0
	362	361	0.50	57.26	106.25	26.00	DEND	0
	363	362	0.50	57.58	97.66	26.00	DEND	0
	364	363	0.50	56.31	88.12	26.00	DEND	0
	365	363	0.50	67.76	92.57	26.00	DEND	0
	366	361	0.50	49.31	119.61	26.00	DEND	0
	367	366	0.50	44.22	106.25	26.00	DEND	0
	368	367	0.50	45.17	91.30	26.00	DEND	0
	369	352	0.50	101.48	122.16	24.00	DEND	0
	370	369	0.50	116.75	124.38	24.00	DEND	0
	371	370	0.50	131.70	124.70	24.00	DEND	0
	372	371	0.50	141.24	124.70	24.00	DEND	0
	373	372	0.50	146.02	137.11	24.00	DEND	0
	374	371	0.50	132.65	139.02	24.00	DEND	0
	375	344	0.60	131.38	99.89	24.00	DEND	0
	376	375	0.50	141.24	97.03	24.00	DEND	0
	377	376	0.50	155.88	99.25	24.00	DEND	0
	378	377	0.50	160.01	103.71	24.00	DEND	0
	379	376	0.50	146.02	91.94	24.00	DEND	0
	380	379	0.50	155.56	94.16	24.00	DEND	0
	381	380	0.50	161.60	90.98	24.00	DEND	0
	382	375	0.60	123.75	95.43	24.00	DEND	0
	383	382	0.60	118.66	90.66	24.00	DEND	0
	384	383	0.50	121.20	81.76	24.00	DEND	0
	385	384	0.50	120.57	69.67	24.00	DEND	0
	386	383	0.50	111.34	94.48	24.00	DEND	0
	387	386	0.50	104.02	93.21	24.00	DEND	0
	388	387	0.50	97.98	84.30	24.00	DEND	0
	389	388	0.50	82.71	84.62	24.00	DEND	0
	390	389	0.50	74.76	87.80	24.00	DEND	0
	391	342	0.60	156.83	112.61	24.00	DEND	0
	392	391	0.60	163.51	107.84	24.00	DEND	0
	393	392	0.60	172.74	109.75	24.00	DEND	0
	394	393	0.60	180.69	105.30	24.00	DEND	0
	395	394	0.60	193.10	105.30	24.00	DEND	0
	396	395	0.60	195.32	97.98	24.00	DEND	0
	397	396	0.60	192.78	88.12	24.00	DEND	0
	398	337	1.80	156.51	144.42	24.00	DEND	0
	399	398	1.60	152.70	145.06	26.00	DEND	0
	400	399	1.20	150.79	140.29	30.00	DEND	0
	401	400	1.00	162.56	141.88	34.00	DEND	0
	402	401	1.00	170.19	137.43	34.00	DEND	0
	403	402	1.00	165.10	132.97	34.00	DEND	0
	404	400	0.90	143.79	133.61	34.00	DEND	0
	405	404	0.90	138.70	126.29	34.00	DEND	0
	406	405	0.70	146.33	123.11	32.00	DEND	0
	407	406	0.70	157.15	123.43	32.00	DEND	0
	408	407	0.70	161.60	119.29	32.00	DEND	0
	409	407	0.70	164.47	129.79	32.00	DEND	0
	410	409	0.70	172.42	127.88	32.00	DEND	0
	411	405	0.80	129.16	121.20	32.00	DEND	0
	412	411	0.80	119.93	117.70	34.00	DEND	0
	413	412	0.80	112.30	118.02	34.00	DEND	0
	421	413	0.60	114.52	126.61	34.00	DEND	0
	422	421	0.60	119.29	130.43	34.00	DEND	0
	423	422	0.60	113.89	137.43	34.00	DEND	0
	424	422	0.60	130.75	132.97	34.00	DEND	0
	425	424	0.50	134.56	142.52	34.00	DEND	0
	426	425	0.50	130.11	147.61	34.00	DEND	0
	427	425	0.50	144.42	141.88	34.00	DEND	0
	433	413	0.60	102.75	112.61	34.00	DEND	0
	434	433	0.60	99.57	104.98	34.00	DEND	0
	435	434	0.60	91.30	103.39	34.00	DEND	0
	436	435	0.50	90.03	97.34	34.00	DEND	0
	437	436	0.50	97.66	93.21	34.00	DEND	0
	438	437	0.50	99.89	81.12	34.00	DEND	0
	439	438	0.50	105.61	67.76	34.00	DEND	0
	440	436	0.50	81.12	100.21	34.00	DEND	0
	441	440	0.50	70.94	101.80	34.00	DEND	0
	442	441	0.50	60.76	104.02	34.00	DEND	0
	443	442	0.50	50.26	104.02	34.00	DEND	0
	428	412	0.60	124.07	110.70	34.00	DEND	0
	429	428	0.60	124.38	106.89	34.00	DEND	0
	430	429	0.60	134.56	102.43	34.00	DEND	0
	431	429	0.60	115.48	98.93	34.00	DEND	0
	432	431	0.60	116.75	85.89	34.00	DEND	0
	414	411	0.60	133.93	114.84	34.00	DEND	0
	415	414	0.60	138.70	112.30	34.00	DEND	0
	416	415	0.60	145.38	106.89	34.00	DEND	0
	417	416	0.60	148.24	96.39	34.00	DEND	0
	418	417	0.60	151.11	85.89	34.00	DEND	0
	419	415	0.50	144.11	116.43	34.00	DEND	0
	420	419	0.50	150.15	115.79	34.00	DEND	0
	518	399	1.20	143.47	146.65	32.00	DEND	0
	519	518	1.00	138.38	153.01	32.00	DEND	0
	520	519	1.00	132.97	156.51	34.00	DEND	0
	521	520	0.80	121.84	156.51	34.00	DEND	0
	522	521	0.80	112.61	157.15	34.00	DEND	0
	523	522	0.60	104.02	164.78	34.00	DEND	0
	524	523	0.60	97.03	168.92	34.00	DEND	0
	525	524	0.60	93.84	175.60	34.00	DEND	0
	528	525	0.50	82.71	177.19	34.00	DEND	0
	529	528	0.50	69.99	167.33	34.00	DEND	0
	530	525	0.60	100.21	183.23	34.00	DEND	0
	531	530	0.60	106.89	185.78	34.00	DEND	0
	532	531	0.60	109.43	191.19	34.00	DEND	0
	533	532	0.60	120.25	191.51	34.00	DEND	0
	534	533	0.60	126.93	195.01	34.00	DEND	0
	535	532	0.60	105.30	198.19	34.00	DEND	0
	536	535	0.60	94.80	197.55	34.00	DEND	0
	537	536	0.60	83.35	193.73	34.00	DEND	0
	538	537	0.60	76.03	188.64	34.00	DEND	0
	539	538	0.60	66.80	187.37	36.00	DEND	0
	540	535	0.60	110.07	200.73	34.00	DEND	0
	541	540	0.60	115.16	200.73	34.00	DEND	0
	542	540	0.60	109.43	207.73	34.00	DEND	0
	543	542	0.60	114.52	215.05	34.00	DEND	0
	544	542	0.60	101.80	208.68	34.00	DEND	0
	545	544	0.60	92.25	209.00	34.00	DEND	0
	526	524	0.50	93.21	162.24	34.00	DEND	0
	527	526	0.50	89.07	154.29	34.00	DEND	0
	546	520	0.80	141.24	165.74	34.00	DEND	0
	547	546	0.80	146.02	172.10	34.00	DEND	0
	548	547	0.80	146.65	180.37	34.00	DEND	0
	549	548	0.70	138.06	182.92	34.00	DEND	0
	550	549	0.60	130.43	176.55	34.00	DEND	0
	551	550	0.60	121.84	174.96	34.00	DEND	0
	552	551	0.60	111.98	169.87	34.00	DEND	0
	553	551	0.60	115.16	180.05	34.00	DEND	0
	554	549	0.60	138.38	192.14	34.00	DEND	0
	555	554	0.60	131.70	200.10	34.00	DEND	0
	556	555	0.50	137.11	206.14	34.00	DEND	0
	557	556	0.50	144.42	208.37	34.00	DEND	0
	558	555	0.60	125.34	207.73	34.00	DEND	0
	559	558	0.60	123.43	213.46	34.00	DEND	0
	560	548	0.80	151.42	185.14	34.00	DEND	0
	561	560	0.80	150.15	190.23	34.00	DEND	0
	562	561	0.80	146.02	200.41	34.00	DEND	0
	563	562	0.80	152.06	209.64	34.00	DEND	0
	564	563	0.70	149.83	215.36	34.00	DEND	0
	565	564	0.70	157.47	222.05	34.00	DEND	0
	566	565	0.70	162.24	233.82	34.00	DEND	0
	567	566	0.70	169.87	243.68	36.00	DEND	0
	568	567	0.70	164.15	250.04	36.00	DEND	0
	569	568	0.70	150.79	253.54	36.00	DEND	0
	570	569	0.70	136.47	262.45	36.00	DEND	0
	571	570	0.70	136.47	271.35	36.00	DEND	0
	572	571	0.70	125.97	268.81	36.00	DEND	0
	573	564	0.60	139.97	218.55	36.00	DEND	0
	574	573	0.60	133.29	222.68	36.00	DEND	0
	575	574	0.60	121.84	223.95	36.00	DEND	0
	576	563	0.80	164.15	214.73	36.00	DEND	0
	577	576	0.80	171.15	216.64	36.00	DEND	0
	578	577	0.70	182.28	219.18	36.00	DEND	0
	579	578	0.70	191.82	225.23	36.00	DEND	0
	580	577	0.70	173.69	227.13	36.00	DEND	0
	581	580	0.70	180.05	232.86	36.00	DEND	0
	582	581	0.70	181.01	244.63	36.00	DEND	0
	583	582	0.70	176.55	247.49	36.00	DEND	0
	584	561	0.60	160.65	193.73	34.00	DEND	0
	585	584	0.60	171.15	198.19	34.00	DEND	0
	586	585	0.60	171.46	204.87	34.00	DEND	0
	587	586	0.60	166.06	209.00	34.00	DEND	0
	588	586	0.60	176.87	213.46	34.00	DEND	0
	589	588	0.60	184.19	216.00	34.00	DEND	0
	590	585	0.60	172.42	193.73	34.00	DEND	0
	591	590	0.60	168.60	188.01	34.00	DEND	0
	592	591	0.60	163.51	182.60	34.00	DEND	0
	444	398	1.60	157.79	148.56	32.00	DEND	0
	445	444	1.20	165.10	148.56	34.00	DEND	0
	446	445	1.00	175.60	152.70	34.00	DEND	0
	447	446	1.00	182.28	152.38	34.00	DEND	0
	448	447	1.00	189.28	152.06	34.00	DEND	0
	449	448	1.00	199.78	155.88	34.00	DEND	0
	450	449	1.00	214.73	159.38	34.00	DEND	0
	451	450	0.60	216.00	154.92	34.00	DEND	0
	452	451	0.60	210.27	149.20	34.00	DEND	0
	453	452	0.60	213.14	146.02	34.00	DEND	0
	454	451	0.60	223.32	155.24	34.00	DEND	0
	455	450	1.00	223.95	167.33	34.00	DEND	0
	456	455	0.80	228.41	166.69	34.00	DEND	0
	457	456	0.60	228.73	160.33	34.00	DEND	0
	458	456	0.70	238.59	170.19	34.00	DEND	0
	459	458	0.70	243.36	174.01	34.00	DEND	0
	460	459	0.70	253.54	172.74	34.00	DEND	0
	461	459	0.70	242.40	183.23	34.00	DEND	0
	462	461	0.70	250.99	189.92	34.00	DEND	0
	463	462	0.70	259.58	192.46	34.00	DEND	0
	464	455	0.80	223.64	174.01	34.00	DEND	0
	465	464	0.80	226.82	179.42	34.00	DEND	0
	466	465	0.70	234.77	183.23	34.00	DEND	0
	467	466	0.70	235.09	188.01	34.00	DEND	0
	468	467	0.70	243.68	192.46	34.00	DEND	0
	469	468	0.70	254.81	199.78	36.00	DEND	0
	470	469	0.60	265.31	208.37	36.00	DEND	0
	471	470	0.60	277.40	217.91	36.00	DEND	0
	472	471	0.60	283.44	216.00	36.00	DEND	0
	473	471	0.60	281.21	221.73	36.00	DEND	0
	474	467	0.70	229.04	190.55	36.00	DEND	0
	475	447	0.80	189.28	163.19	36.00	DEND	0
	476	475	0.80	200.10	167.33	36.00	DEND	0
	477	476	0.60	205.50	173.69	34.00	DEND	0
	478	477	0.60	217.59	174.65	34.00	DEND	0
	479	477	0.60	206.78	182.92	34.00	DEND	0
	480	479	0.60	198.82	184.51	34.00	DEND	0
	481	479	0.60	215.05	185.78	34.00	DEND	0
	482	446	0.80	179.42	163.51	34.00	DEND	0
	483	482	0.80	182.28	173.37	32.00	DEND	0
	484	483	0.80	188.96	179.42	34.00	DEND	0
	485	484	0.80	192.14	184.83	34.00	DEND	0
	486	485	0.80	196.60	187.37	34.00	DEND	0
	487	486	0.80	209.64	188.96	34.00	DEND	0
	488	487	0.80	215.36	198.50	34.00	DEND	0
	489	488	0.70	228.41	199.14	36.00	DEND	0
	490	489	0.70	239.54	205.18	36.00	DEND	0
	491	490	0.70	250.04	208.37	36.00	DEND	0
	492	491	0.70	258.95	210.27	36.00	DEND	0
	493	488	0.80	212.18	210.27	36.00	DEND	0
	494	493	0.70	216.32	217.27	36.00	DEND	0
	495	494	0.70	228.41	218.86	36.00	DEND	0
	496	495	0.70	240.18	223.64	36.00	DEND	0
	497	496	0.70	252.58	224.27	36.00	DEND	0
	498	497	0.70	261.81	229.68	36.00	DEND	0
	505	486	0.70	198.82	193.73	34.00	DEND	0
	506	505	0.70	205.82	195.32	34.00	DEND	0
	507	506	0.70	202.96	202.32	34.00	DEND	0
	508	507	0.70	201.69	213.46	34.00	DEND	0
	509	508	0.70	198.19	221.73	34.00	DEND	0
	510	509	0.60	197.23	228.73	34.00	DEND	0
	511	510	0.60	204.87	232.86	34.00	DEND	0
	512	511	0.60	201.69	240.18	36.00	DEND	0
	513	512	0.60	209.96	247.49	36.00	DEND	0
	514	510	0.60	187.37	230.95	36.00	DEND	0
	515	514	0.60	182.28	231.91	36.00	DEND	0
	516	515	0.60	188.96	243.36	36.00	DEND	0
	517	516	0.60	198.50	251.31	36.00	DEND	0
	499	485	0.80	187.69	189.92	34.00	DEND	0
	500	499	0.80	181.64	196.28	34.00	DEND	0
	501	500	0.80	185.14	204.87	34.00	DEND	0
	502	501	0.80	190.55	211.87	34.00	DEND	0
	503	502	0.80	188.96	217.27	34.00	DEND	0
	504	503	0.80	193.10	222.05	34.00	DEND	0
	593	12	1.50	111.11	0	10.00	AXON_DIST	0
	594	593	1.50	-1389	0	10.00	AXON_DIST	0