#   node  parent    dia       xbio       ybio      zbio      region   dendr
#
     0        0     dsomadia   0          0         0         SOMA      0
     1        0         1.24   -6.665     -4.65     -18.4     DENDP      0
     2        1         1.24   -9.144     -7.13     -19       DENDP      0
     3        2       0.9299   -11.62     -9.299    -20.1     DENDP      0
     4        3       0.9299   -14.41     -11.16    -20.6     DEND      0
     5        4        1.462   -17.67     -13.33    -19.5     DEND      0
     6        5        2.677   -19.99     -15.03    -21.8     DEND      0
     7        6       0.9299   -24.02     -17.05    -21.8     DEND      0
     8        7         1.24   -27.12     -17.98    -22.3     DEND      0
     9        8         3.04   -32.86     -20.15    -22.3     DEND      0
    10        9         1.24   -32.7      -21.08    -22.9     DEND      0
    11       10       0.9299   -36.11     -22.01    -22.9     DEND      0
    12       11         0.62   -38.44     -23.56    -22.3     DEND      0
    13       12         0.62   -40.14     -26.35    -22.3     DEND      0
    14       13         0.62   -41.38     -30.07    -22.3     DEND      0
    15       14       0.9299   -42.62     -33.17    -22.3     DEND      0
    16       15       0.9299   -43.24     -36.27    -22.9     DEND      0
    17       16       0.9299   -42.93     -39.68    -22.9     DEND      0
    18       17       0.9299   -43.55     -41.85    -24       DEND      0
    19       18       0.9299   -46.03     -44.02    -24       DEND      0
    20       19         0.62   -48.51     -46.19    -24.6     DEND      0
    21       20       0.9299   -49.44     -47.43    -24.6     DEND      0
    22       21       0.9299   -53.16     -50.53    -25.1     DEND      0
    23       22       0.9299   -56.26     -51.15    -25.1     DEND      0
    24       23       0.9299   -59.36     -51.15    -25.1     DEND      0
    25       24         0.62   -61.53     -53.63    -24       DEND      0
    26       25       0.9299   -63.08     -55.07    -24       DEND      0
    27       26         0.62   -62.15     -55.8     -24       DEND      0
    28       27         0.62   -62.46     -58.9     -24       DEND      0
    29       28         0.62   -64.32     -61.38    -24       DEND      0
    30       29         0.62   -65.87     -64.79    -24       DEND      0
    31       30         0.62   -65.56     -67.89    -24       DEND      0
    32       31         0.62   -66.18     -70.99    -24       DEND      0
    33       32         0.62   -65.87     -74.09    -24       DEND      0
    34       33         0.62   -65.25     -77.5     -24       DEND      0
    35       34         0.62   -68.04     -79.35    -24       DEND      0
    36       35         0.62   -70.52     -81.21    -24       DEND      0
    37       36         0.62   -73        -83.69    -24       DEND      0
    38       37         0.62   -73.31     -87.1     -23.4     DEND      0
    39       38       0.9299   -76.41     -91.44    -22.3     DEND      0
    40       39         0.62   -78.27     -93.92    -22.3     DEND      0
    41       40        0.434   -79.2      -96.71    -22.9     DEND      0
    42       26         0.62   -66.03     -55.02    -24       DEND      0
    43       42         0.62   -69.59     -58.59    -24       DEND      0
    44       43         0.62   -70.83     -61.69    -24       DEND      0
    45       44         0.62   -73.62     -63.55    -24       DEND      0
    46       45         0.62   -75.38     -64.27    -24       DEND      0
    47       46         0.62   -75.79     -66.96    -24       DEND      0
    48       47         0.62   -74.86     -70.37    -23.4     DEND      0
    49       48         0.62   -77.34     -72.54    -23.4     DEND      0
    50       49         0.62   -80.44     -73.16    -23.4     DEND      0
    51       50         0.62   -83.54     -73.47    -24       DEND      0
    52       51         0.62   -86.02     -75.33    -24       DEND      0
    53       52       0.9299   -88.19     -77.8     -23.4     DEND      0
    54       53         0.62   -89.74     -80.9     -23.4     DEND      0
    55       54         0.62   -90.67     -84.31    -22.9     DEND      0
    56       55         0.62   -91.6      -87.41    -22.9     DEND      0
    57       56         0.62   -91.91     -90.51    -22.9     DEND      0
    58       57         0.62   -92.22     -93.61    -22.9     DEND      0
    59       58         0.62   -90.98     -96.71    -22.9     DEND      0
    60       59         0.62   -88.19     -98.88    -22.9     DEND      0
    61       60         0.62   -85.4      -100.1    -22.9     DEND      0
    62       28         0.62   -59.98     -60.14    -24       DEND      0
    63       62         0.62   -56.88     -61.38    -24       DEND      0
    64       21        0.434   -48.2      -52.39    -24       DEND      0
    65       64         0.62   -45.72     -54.25    -23.4     DEND      0
    66       65         0.62   -44.79     -57.66    -23.4     DEND      0
    67       66         0.62   -45.41     -60.76    -22.9     DEND      0
    68       67       0.9299   -47.58     -63.24    -22.9     DEND      0
    69       68         1.24   -50.68     -63.24    -23.4     DEND      0
    70       69       0.5948   -52.95     -58.48    -23.4     DEND      0
    71       46         0.62   -79.51     -62.62    -24.6     DEND      0
    72       71         0.62   -82.92     -61.69    -24.6     DEND      0
    73       72         0.62   -84.47     -64.48    -24.6     DEND      0
    74       73         0.62   -86.02     -67.27    -24.6     DEND      0
    75       74         0.62   -89.12     -68.2     -24.6     DEND      0
    76       75         0.62   -92.22     -67.89    -24.6     DEND      0
    77       76        0.434   -94.54     -68.2     -24       DEND      0
    78       77         0.62   -94.39     -72.23    -24       DEND      0
    79       78         0.62   -94.7      -75.02    -23.4     DEND      0
    80       79         0.62   -95.94     -78.11    -23.4     DEND      0
    81       80         0.62   -99.04     -79.35    -23.4     DEND      0
    82       81         0.62   -102.1     -80.9     -22.3     DEND      0
    83       82         0.62   -104.9     -82.76    -22.3     DEND      0
    84       83         0.62   -107.7     -84.31    -22.3     DEND      0
    85       84        0.434   -110.5     -85.55    -22.3     DEND      0
    86       85        0.434   -113       -87.72    -22.3     DEND      0
    87       86         0.62   -115.5     -89.89    -22.3     DEND      0
    88       87         0.62   -118.9     -90.82    -22.3     DEND      0
    89       88         0.62   -121.7     -88.96    -22.3     DEND      0
    90       89         0.62   -124.1     -87.1     -22.3     DEND      0
    91       81       0.9299   -103.1     -78.73    -23.4     DEND      0
    92       91        0.434   -104.9     -76.26    -23.4     DEND      0
    93       72         0.62   -86.95     -58.59    -24       DEND      0
    94       93         0.62   -89.43     -56.42    -23.4     DEND      0
    95       94         0.62   -92.53     -53.94    -23.4     DEND      0
    96       95         0.62   -93.77     -50.84    -23.4     DEND      0
    97       96         0.62   -93.15     -47.74    -23.4     DEND      0
    98       97         0.62   -92.84     -44.64    -23.4     DEND      0
    99       98         0.62   -93.15     -41.23    -24       DEND      0
   100       99         0.62   -93.77     -38.75    -24       DEND      0
   101      100         0.62   -94.08     -35.34    -24.6     DEND      0
   102      101         0.62   -92.53     -32.55    -23.4     DEND      0
   103       94         0.62   -89.12     -54.25    -23.4     DEND      0
   104      103         0.62   -89.74     -51.15    -23.4     DEND      0
   105      104        0.434   -90.36     -47.74    -23.4     DEND      0
   106       42         1.24   -69.59     -52.7     -23.4     DEND      0
   107      106       0.9299   -71.14     -49.91    -24       DEND      0
   108      107         0.62   -72.69     -46.81    -24.6     DEND      0
   109      108         0.62   -73.62     -44.02    -24.6     DEND      0
   110      109         0.62   -75.48     -40.92    -24.6     DEND      0
   111      110         0.62   -77.03     -38.44    -24.6     DEND      0
   112      111         0.62   -79.82     -36.89    -24.6     DEND      0
   113      112         0.62   -82.92     -37.82    -24.6     DEND      0
   114      113         0.62   -85.71     -39.68    -24.6     DEND      0
   115      114         0.62   -87.57     -42.47    -24.6     DEND      0
   116        9       0.9299   -35.8      -18.29    -22.9     DEND      0
   117      116       0.9299   -38.9      -17.67    -23.4     DEND      0
   118      117         0.62   -41.38     -15.81    -23.4     DEND      0
   119      118         0.62   -40.14     -12.71    -23.4     DEND      0
   120      119         0.62   -38.9      -9.609    -23.4     DEND      0
   121      120         0.62   -38.75     -8.679    -22.9     DEND      0
   122      121         0.62   -36.11     -3.1      -22.3     DEND      0
   123      122         0.62   -34.87     0         -21.8     DEND      0
   124      123         0.62   -32.7      2.48      -21.2     DEND      0
   125      124         0.62   -30.84     5.27      -21.2     DEND      0
   126      125         0.62   -30.53     8.369     -21.2     DEND      0
   127      121       0.9299   -39.83     -4.34     -22.3     DEND      0
   128      127        1.342   -40.3      -2.17     -21.8     DEND      0
   129      128         0.62   -40.14     2.17      -21.8     DEND      0
   130      129         0.62   -40.14     5.27      -21.8     DEND      0
   131      130         0.62   -39.83     8.369     -21.8     DEND      0
   132      131         0.62   -39.52     11.47     -21.8     DEND      0
   133      132         0.62   -36.73     13.33     -21.2     DEND      0
   134      133       0.9299   -34.56     16.12     -21.2     DEND      0
   135      134         0.62   -33.94     19.53     -20.6     DEND      0
   136      135         0.62   -33.94     22.63     -20.6     DEND      0
   137      136         0.62   -32.7      25.73     -20.6     DEND      0
   138      137         0.62   -29.91     27.28     -20.6     DEND      0
   139      138         0.62   -28.05     29.76     -20.6     DEND      0
   140      139         0.62   -27.12     33.17     -20.6     DEND      0
   141      140         0.62   -27.12     36.27     -20.6     DEND      0
   142      141         0.62   -26.81     39.37     -20.6     DEND      0
   143      142         0.62   -27.12     42.47     -20.6     DEND      0
   144      143         0.62   -29.29     44.95     -20.6     DEND      0
   145      144         0.62   -30.53     47.74     -21.2     DEND      0
   146      145         0.62   -31.46     50.84     -21.2     DEND      0
   147      146         0.62   -31.15     53.94     -21.8     DEND      0
   148      147         0.62   -33.01     57.04     -21.2     DEND      0
   149      143       0.9299   -23.09     43.4      -20.6     DEND      0
   150      149         0.62   -19.99     44.95     -20.6     DEND      0
   151      150         0.62   -17.2      44.95     -20.6     DEND      0
   152      151        0.434   -14.72     42.78     -21.8     DEND      0
   153      137         0.62   -34.87     26.04     -20.6     DEND      0
   154      153         0.62   -38.28     26.35     -20.6     DENDP      0
   155        0       0.9299   8.524      -6.82     -21.8     DENDP      0
   156      155       0.9299   8.524      -10.54    -16.7     DENDP      0
   157      156         1.24   10.38      -13.64    -16.2     DEND      0
   158      157         1.24   9.144      -16.43    -18.4     DEND      0
   159      158       0.9299   7.595      -19.53    -20.1     DEND      0
   160      159         0.62   6.665      -21.85    -20.1     DEND      0
   161      160         0.62   3.565      -23.87    -20.6     DEND      0
   162      161         0.62   1.085      -26.35    -21.2     DEND      0
   163      162       0.9299   -1.705     -27.59    -21.8     DEND      0
   164      163       0.9299   -3.875     -30.07    -21.8     DEND      0
   165      164       0.9299   -5.735     -32.55    -21.8     DEND      0
   166      165       0.9299   -7.595     -35.03    -21.8     DEND      0
   167      166       0.9299   -9.764     -37.82    -21.2     DEND      0
   168      167         0.62   -10.69     -40.92    -21.2     DEND      0
   169      168         0.62   -11        -44.02    -21.8     DEND      0
   170      169         1.24   -11        -47.12    -21.8     DEND      0
   171      170         1.24   -9.454     -52.39    -21.8     DEND      0
   172      171         0.62   -10.69     -53.63    -21.8     DEND      0
   173      172         0.62   -11.31     -57.04    -21.8     DEND      0
   174      173         0.62   -11.62     -60.14    -21.2     DEND      0
   175      174         0.62   -11.47     -59.98    -20.6     DEND      0
   176      175         0.62   -5.58      -65.87    -20.6     DEND      0
   177      176         0.62   -7.285     -69.13    -20.6     DEND      0
   178      177         0.62   -6.665     -72.54    -20.1     DEND      0
   179      178         0.62   -6.665     -75.95    -20.1     DEND      0
   180      179         0.62   -3.255     -78.42    -20.1     DEND      0
   181      180       0.9299   -0.155     -79.04    -19.5     DEND      0
   182      181       0.9299   2.325      -81.21    -19.5     DEND      0
   183      182         0.62   3.875      -84       -19.5     DEND      0
   184      183         0.62   5.115      -87.1     -19.5     DEND      0
   185      184       0.9299   4.495      -90.2     -19       DEND      0
   186      185       0.9299   1.705      -92.06    -19       DEND      0
   187      186         0.62   -1.395     -92.06    -19.5     DEND      0
   188      179         0.62   -7.595     -79.04    -20.1     DEND      0
   189      188         0.62   -7.595     -82.45    -20.1     DEND      0
   190      189         0.62   -7.904     -85.55    -19.5     DEND      0
   191      190         0.62   -6.045     -87.41    -19.5     DEND      0
   192      191         0.62   -6.045     -90.82    -19.5     DEND      0
   193      192         0.62   -6.355     -93.92    -19.5     DEND      0
   194      193         0.62   -5.735     -97.33    -20.1     DEND      0
   195      194         0.62   -5.115     -100.7    -20.1     DEND      0
   196      195       0.9299   -3.875     -103.5    -20.1     DEND      0
   197      196         0.62   -1.705     -106      -20.1     DEND      0
   198      197       0.9299   1.395      -107.3    -20.1     DEND      0
   199      198         0.62   3.255      -110      -20.1     DEND      0
   200      199         0.62   3.565      -113.1    -19.5     DEND      0
   201      200        0.434   5.425      -116.2    -19.5     DEND      0
   202      201        0.434   6.975      -118.7    -19.5     DEND      0
   203      197       0.9299   -2.945     -109.7    -20.1     DEND      0
   204      203         0.62   -4.805     -112.2    -20.1     DEND      0
   205      204         0.62   -5.425     -115.9    -19.5     DEND      0
   206      205         0.62   -7.285     -118.1    -20.1     DEND      0
   207      206         0.62   -9.764     -119.3    -20.1     DEND      0
   208      175       0.9299   -14.26     -61.53    -21.2     DEND      0
   209      208       0.9299   -14.72     -66.65    -21.2     DEND      0
   210      209         0.62   -15.34     -69.44    -21.8     DEND      0
   211      210         0.62   -16.43     -70.99    -21.8     DEND      0
   212      211         0.62   -19.06     -71.61    -21.8     DEND      0
   213      212         0.62   -22.16     -72.23    -22.3     DEND      0
   214      213         0.62   -25.57     -71.3     -21.8     DEND      0
   215      214         0.62   -28.05     -68.82    -21.8     DEND      0
   216      215         0.62   -29.91     -66.34    -21.8     DEND      0
   217      216         0.62   -33.01     -65.41    -21.8     DEND      0
   218      212         0.62   -20.61     -75.95    -21.8     DEND      0
   219      218         0.62   -21.23     -79.35    -21.8     DEND      0
   220      219         0.62   -22.16     -82.45    -21.8     DEND      0
   221      220         0.62   -23.71     -85.24    -21.8     DEND      0
   222      221         0.62   -24.18     -86.79    -21.8     DEND      0
   223      222         0.62   -24.33     -92.06    -20.1     DEND      0
   224      223         0.62   -20.15     -94.85    -20.1     DEND      0
   225      224         0.62   -20.92     -95.47    -20.1     DEND      0
   226      225         0.62   -22.78     -96.56    -20.1     DEND      0
   227      226         0.62   -25.26     -102.6    -21.2     DEND      0
   228      227         0.62   -26.5      -105.7    -21.2     DEND      0
   229      228         0.62   -28.67     -107.6    -21.2     DEND      0
   230      229         0.62   -30.53     -110.4    -21.2     DEND      0
   231      230         0.62   -32.39     -113.5    -21.8     DEND      0
   232      211         0.62   -15.34     -75.95    -21.8     DEND      0
   233      232       0.9299   -15.96     -79.04    -21.2     DEND      0
   234      233       0.9299   -16.58     -82.14    -21.2     DEND      0
   235      234         0.62   -14.72     -84.93    -20.6     DEND      0
   236      235         0.62   -11.62     -86.17    -20.1     DEND      0
   237      163       0.9299   -4.805     -25.73    -21.8     DEND      0
   238      237       0.9299   -7.904     -25.73    -22.3     DEND      0
   239      238        2.041   -12.55     -26.04    -22.3     DEND      0
   240      239       0.9299   -13.48     -24.18    -22.9     DEND      0
   241      240         0.62   -14.72     -21.39    -22.9     DEND      0
   242      239         0.62   -14.1      -28.52    -22.9     DEND      0
   243      242         0.62   -17.2      -29.76    -22.9     DEND      0
   244      243         0.62   -20.61     -30.69    -23.4     DEND      0
   245      244       0.9299   -24.64     -34.41    -22.9     DEND      0
   246      245         0.62   -26.81     -36.58    -22.9     DEND      0
   247      246         0.62   -25.88     -39.99    -22.9     DEND      0
   248      247       0.9299   -23.4      -42.47    -22.9     DEND      0
   249      248       0.9299   -20.3      -44.64    -22.3     DEND      0
   250      249         0.62   -17.51     -46.5     -21.8     DEND      0
   251      250         0.62   -14.72     -46.19    -21.8     DEND      0
   252      208       0.9299   -17.2      -61.38    -21.2     DEND      0
   253      252       0.9299   -20.3      -61.84    -21.8     DEND      0
   254      160         0.62   6.975      -25.42    -20.1     DEND      0
   255      254         0.62   6.355      -28.52    -20.1     DEND      0
   256      255       0.9299   5.735      -31.62    -20.1     DEND      0
   257      256       0.9299   5.425      -34.72    -20.6     DEND      0
   258      257       0.9299   4.805      -37.82    -21.2     DEND      0
   259      258         0.62   6.355      -40.61    -21.2     DEND      0
   260      259         0.62   8.214      -43.71    -21.2     DEND      0
   261      260         0.62   10.69      -45.57    -21.2     DEND      0
   262      261         0.62   13.48      -45.57    -21.2     DEND      0
   263      262         0.62   16.89      -48.36    -20.6     DEND      0
   264      263         0.62   19.37      -46.5     -20.6     DEND      0
   265      258       0.9299   2.325      -41.85    -21.8     DEND      0
   266      265         0.62   2.635      -44.64    -21.8     DEND      0
   267      171         0.62   -6.045     -50.68    -21.8     DEND      0
   268      267         0.62   -6.045     -46.5     -21.8     DEND      0
   269      268         0.62   -4.185     -44.02    -21.8     DEND      0
   270      269        0.434   -1.395     -42.47    -21.8     DEND      0
   271      267       0.9299   -1.705     -49.6     -21.8     DEND      0
   272      271       0.9299   1.705      -50.22    -21.8     DEND      0
   273      272         0.62   3.255      -53.32    -21.8     DEND      0
   274      176         0.62   -4.185     -66.34    -20.6     DEND      0
   275      274         0.62   -2.325     -65.41    -20.6     DEND      0
   276      275       0.9299   1.395      -69.75    -20.6     DEND      0
   277      276       0.9299   4.805      -70.99    -20.6     DEND      0
   278      277       0.9299   7.285      -73.16    -20.6     DEND      0
   279      278         0.62   9.454      -75.64    -20.1     DEND      0
   280      279         0.62   11.93      -78.11    -20.1     DEND      0
   281      280       0.9299   15.96      -80.44    -19.5     DEND      0
   282      281       0.9299   15.96      -83.38    -19.5     DEND      0
   283      282         0.62   16.27      -86.48    -19.5     DEND      0
   284      283         0.62   15.65      -89.58    -19.5     DEND      0
   285      284         0.62   13.79      -92.06    -19.5     DEND      0
   286      285         0.62   11.62      -94.54    -19.5     DEND      0
   287      286         0.62   11         -97.64    -19.5     DEND      0
   288      287         0.62   12.55      -100.4    -19.5     DEND      0
   289      288         0.62   15.65      -103.2    -19.5     DEND      0
   290      284         0.62   19.06      -92.68    -19.5     DEND      0
   291      290        0.434   22.16      -93.92    -19.5     DEND      0
   292      281         0.62   18.13      -78.11    -19.5     DEND      0
   293      292         0.62   19.37      -75.02    -20.1     DEND      0
   294      293         0.62   21.23      -72.54    -20.1     DEND      0
   295      294         1.24   24.33      -71.92    -20.1     DEND      0
   296      275         0.62   -1.085     -63.86    -20.6     DEND      0
   297      296         0.62   0.775      -61.07    -21.2     DEND      0
   298      297       0.9299   3.875      -59.52    -21.2     DEND      0
   299      298       0.9299   7.285      -60.76    -21.2     DEND      0
   300      299         0.62   9.764      -63.24    -21.2     DEND      0
   301      222       0.4029   -25.73     -86.17    -21.8     DEND      0
   302      301       0.4661   -28.67     -87.41    -21.8     DEND      0
   303      302       0.9299   -31.46     -88.65    -21.8     DEND      0
   304      303         0.62   -31.31     -88.03    -21.8     DEND      0
   305      304         0.62   -36.11     -93.3     -21.8     DEND      0
   306      305         0.62   -36.11     -96.4     -21.8     DEND      0
   307      306         0.62   -35.49     -99.5     -21.8     DEND      0
   308      307         0.62   -36.42     -102.6    -21.8     DEND      0
   309      308       0.9299   -38.59     -105.4    -21.8     DEND      0
   310      309         0.62   -41.38     -106.3    -21.8     DEND      0
   311      310         0.62   -43.55     -103.5    -22.3     DEND      0
   312      304         0.62   -35.8      -86.17    -21.8     DEND      0
   313      312         0.62   -38.9      -85.86    -22.3     DEND      0
   314      313        0.434   -42        -86.48    -22.3     DEND      0
   315        8         0.62   -30.53     -23.25    -22.3     DEND      0
   316      315         0.62   -31.46     -26.35    -21.8     DEND      0
   317      316         0.62   -31.77     -29.76    -21.8     DEND      0
   318      317         0.62   -30.84     -32.55    -22.3     DEND      0
   319      318         0.62   -30.84     -35.34    -22.3     DEND      0
   320      319         0.62   -30.84     -38.44    -22.3     DEND      0
   321      320         0.62   -29.91     -41.54    -22.3     DEND      0
   322      321         0.62   -29.29     -44.64    -22.3     DEND      0
   323      322         0.62   -29.29     -48.05    -22.3     DEND      0
   324      323         0.62   -28.83     -51.3     -22.3     DEND      0
   325      324         0.62   -27.12     -53.63    -22.3     DEND      0
   326      325         0.62   -25.26     -56.42    -22.3     DEND      0
   327      326        1.302   -22.16     -58.74    -21.8     DEND      0
   328      327         0.62   -20.61     -65.56    -21.8     DEND      0
   329      328      0.06572   -19.06     -69.75    -21.8     DEND      0
   330      324         0.62   -32.39     -52.7     -22.3     DEND      0
   331      330         0.62   -34.56     -52.85    -22.9     DEND      0
   332      331         0.62   -36.42     -57.35    -22.9     DEND      0
   333      332         0.62   -33.94     -59.83    -22.3     DEND      0
   334      333         0.62   -30.84     -61.38    -21.8     DEND      0
   335      334        0.434   -27.74     -62.31    -21.8     DEND      0
   336      332         0.62   -40.14     -57.66    -22.9     DEND      0
   337      336         0.62   -40.14     -60.76    -22.9     DEND      0
   338      337         0.62   -37.35     -62.62    -22.9     DEND      0
   339      337         0.62   -44.79     -60.14    -22.9     DEND      0
   340      339         0.62   -46.96     -62.62    -22.9     DEND      0
   341      340       0.9299   -45.72     -65.72    -22.3     DEND      0
   342      341         2.17   -43.24     -68.2     -22.3     DEND      0
   343        0        2.928   -3.72      2.015     -17.3     DENDP      0
   344      343         1.55   -5.27      4.34      -17.8     DENDP      0
   345      344         1.24   -8.369     6.045     -18.4     DENDP      0
   346      345        1.522   -8.524     6.355     -19       DEND      0
   347      346       0.9299   -9.764     6.82      -20.6     DEND      0
   348      347         1.24   -12.55     6.51      -21.2     DEND      0
   349      348         1.24   -15.65     4.65      -21.2     DEND      0
   350      349         1.24   -15.34     1.24      -24.6     DEND      0
   351      350       0.9299   -16.58     -0.62     -27.4     DEND      0
   352      351       0.9299   -18.44     -3.41     -21.8     DEND      0
   353      352       0.9385   -19.68     -8.059    -21.8     DEND      0
   354      353         0.62   -20.61     -12.09    -30.7     DEND      0
   355      354         0.62   -22.47     -14.88    -31.3     DEND      0
   356      355         0.62   -24.64     -17.05    -31.3     DEND      0
   357      356         0.62   -27.12     -18.91    -31.3     DEND      0
   358      357         0.62   -29.6      -21.08    -31.8     DEND      0
   359      358         0.62   -31.77     -20.92    -31.8     DEND      0
   360      359         0.62   -35.8      -22.63    -31.3     DEND      0
   361      360         0.62   -38.9      -23.87    -30.7     DEND      0
   362      361         0.62   -42        -25.42    -29.6     DEND      0
   363      362         0.62   -45.1      -26.97    -28.5     DEND      0
   364      363       0.9299   -50.37     -27.28    -25.7     DEND      0
   365      364         0.62   -50.99     -31       -25.7     DEND      0
   366      365         0.62   -54.4      -32.55    -24       DEND      0
   367      366         0.62   -56.57     -32.55    -24       DEND      0
   368      367         0.62   -59.98     -35.34    -24       DEND      0
   369      368         0.62   -63.08     -35.96    -24.6     DEND      0
   370      369         0.62   -66.49     -35.34    -24.6     DEND      0
   371      370        0.434   -69.59     -36.27    -24       DEND      0
   372      371        0.434   -72.69     -35.65    -24.6     DEND      0
   373      364       0.9299   -53.16     -24.8     -24.6     DEND      0
   374      373       0.9299   -56.26     -23.56    -24.6     DEND      0
   375      374       0.9299   -59.67     -23.25    -24.6     DEND      0
   376      375       0.9299   -62.77     -23.25    -24.6     DEND      0
   377      376         0.62   -65.87     -22.94    -24       DEND      0
   378      377         0.62   -68.97     -22.94    -24       DEND      0
   379      378         0.62   -72.07     -22.63    -24       DEND      0
   380      379         0.62   -75.17     -22.01    -24       DEND      0
   381      380         0.62   -78.27     -21.39    -24       DEND      0
   382      381        0.434   -81.06     -20.15    -24       DEND      0
   383      382          3.1   -84.78     -19.84    -23.4     DEND      0
   384      383         0.62   -86.33     -22.94    -24       DEND      0
   385      384         0.62   -86.95     -26.04    -23.4     DEND      0
   386      385         0.62   -87.88     -29.14    -23.4     DEND      0
   387      386         0.62   -91.29     -29.45    -22.9     DEND      0
   388      387         0.62   -94.7      -29.45    -22.9     DEND      0
   389      388         0.62   -97.8      -30.07    -22.9     DEND      0
   390      389         0.62   -101.5     -34.41    -22.9     DEND      0
   391      390         0.62   -104.3     -35.96    -22.9     DEND      0
   392      391         0.62   -107.7     -34.41    -22.3     DEND      0
   393      392         0.62   -110.8     -35.34    -21.8     DEND      0
   394      393       0.9299   -113.9     -37.51    -21.2     DEND      0
   395      394       0.9299   -116.4     -39.37    -21.8     DEND      0
   396      395         0.62   -119.2     -39.06    -21.8     DEND      0
   397      396        0.434   -122.3     -40.92    -22.3     DEND      0
   398      359         0.62   -31.46     -26.04    -33       DEND      0
   399      398         0.62   -31.15     -28.83    -33       DEND      0
   400      399         0.62   -30.53     -32.24    -33.5     DEND      0
   401      400         0.62   -30.53     -35.34    -33.5     DEND      0
   402      401       0.9299   -31.15     -38.44    -33.5     DEND      0
   403      402       0.9299   -31.15     -41.54    -33.5     DEND      0
   404      403         0.62   -32.39     -44.95    -33.5     DEND      0
   405      404         0.62   -32.08     -48.05    -33       DEND      0
   406      405         0.62   -32.39     -51.46    -33       DEND      0
   407      406       0.9299   -33.32     -55.33    -32.4     DEND      0
   408      407       0.9299   -33.94     -57.04    -34.6     DEND      0
   409      408       0.9299   -34.25     -59.83    -34.6     DEND      0
   410      409         0.62   -33.94     -63.24    -34.1     DEND      0
   411      410         0.62   -34.87     -66.34    -33.5     DEND      0
   412      411         0.62   -37.04     -69.13    -33.5     DEND      0
   413      412        0.434   -38.59     -71.92    -33.5     DEND      0
   414      413        0.434   -41.38     -73.16    -33.5     DEND      0
   415      383       0.9299   -87.26     -17.67    -23.4     DEND      0
   416      415       0.9299   -89.43     -14.88    -23.4     DEND      0
   417      416       0.9299   -92.22     -12.71    -22.9     DEND      0
   418      417       0.9299   -95.63     -11.78    -22.3     DEND      0
   419      418         0.62   -98.42     -9.919    -21.8     DEND      0
   420      419         0.62   -101.2     -8.679    -21.8     DEND      0
   421      420         0.62   -103.7     -4.65     -21.8     DEND      0
   422      421         0.62   -104.9     -1.55     -21.8     DEND      0
   423      422         0.62   -108       -0.9299   -21.8     DEND      0
   424      423         0.62   -111.4     -0.9299   -21.8     DEND      0
   425      424         0.62   -114.5     -1.55     -22.3     DEND      0
   426      425         0.62   -117       -3.72     -22.3     DEND      0
   427      426         0.62   -120.4     -3.1      -21.2     DEND      0
   428      427         0.62   -123.5     -1.86     -21.2     DEND      0
   429      428         0.62   -123.8     1.24      -21.2     DEND      0
   430      429         0.62   -122       3.72      -21.2     DEND      0
   431      430       0.9299   -120.1     6.51      -21.2     DEND      0
   432      431         0.62   -119.8     9.609     -21.2     DEND      0
   433      432       0.9299   -117       11.16     -21.2     DEND      0
   434      433       0.9299   -113.9     11.16     -21.2     DEND      0
   435      420        0.434   -103.7     -8.989    -21.8     DEND      0
   436      435         0.62   -106.2     -11.47    -21.8     DEND      0
   437      436         0.62   -109       -13.02    -21.2     DEND      0
   438      437         0.62   -111.4     -15.19    -21.2     DEND      0
   439      438         0.62   -113.9     -17.36    -20.6     DEND      0
   440      439       0.9299   -116.4     -19.53    -20.6     DEND      0
   441      440         0.62   -119.5     -20.15    -20.6     DEND      0
   442      441         0.62   -122.6     -19.84    -20.1     DEND      0
   443      442         0.62   -125.1     -21.39    -21.2     DEND      0
   444      443         0.62   -128.2     -21.08    -21.2     DEND      0
   445      444         0.62   -131       -19.53    -21.2     DEND      0
   446      445         0.62   -133.8     -17.98    -20.6     DEND      0
   447      418         0.62   -98.73     -16.43    -21.8     DEND      0
   448      447         0.62   -101.8     -18.29    -21.8     DEND      0
   449      448        0.434   -103.7     -21.08    -21.8     DEND      0
   450      449         0.62   -105.2     -23.87    -22.3     DEND      0
   451      450         0.62   -107.6     -24.64    -22.3     DEND      0
   452      451         0.62   -111.1     -25.11    -22.3     DEND      0
   453      389         0.62   -101.2     -29.45    -22.3     DEND      0
   454      453         0.62   -104.6     -28.83    -22.3     DEND      0
   455      454         0.62   -107.4     -28.83    -22.3     DEND      0
   456      455         0.62   -110.2     -30.38    -21.8     DEND      0
   457      456         0.62   -113       -31.93    -21.8     DEND      0
   458      457       0.9299   -115.8     -32.24    -21.8     DEND      0
   459      458       0.9299   -118.9     -31       -22.3     DEND      0
   460      459         0.62   -122       -31.31    -22.3     DEND      0
   461      460         0.62   -125.1     -32.55    -22.3     DEND      0
   462      461         0.62   -127.6     -34.72    -22.3     DEND      0
   463      462         0.62   -129.4     -38.13    -21.8     DEND      0
   464      463       0.9299   -131       -41.23    -21.2     DEND      0
   465      395         0.62   -115.2     -41.85    -21.8     DEND      0
   466      465         0.62   -115.8     -44.95    -21.8     DEND      0
   467      466         0.62   -117.6     -47.43    -22.3     DEND      0
   468      467         0.62   -120.4     -48.98    -22.3     DEND      0
   469      468         0.62   -121.4     -52.08    -22.3     DEND      0
   470      469         0.62   -120.1     -55.18    -22.3     DEND      0
   471      470         0.62   -120.4     -58.28    -22.3     DEND      0
   472      471         0.62   -118.9     -61.38    -22.3     DEND      0
   473      128        0.434   -45.41     -1.55     -21.8     DEND      0
   474      473         0.62   -48.51     -2.48     -21.8     DEND      0
   475      474         0.62   -51.3      -2.48     -22.3     DEND      0
   476      475       0.9299   -53.78     -5.27     -22.9     DEND      0
   477      476       0.9299   -54.09     -8.369    -22.9     DEND      0
   478      477         0.62   -53.47     -11.47    -23.4     DEND      0
   479      478         0.62   -51.61     -14.26    -24       DEND      0
   480      479         0.62   -50.68     -17.36    -24       DEND      0
   481      480         0.62   -50.68     -20.46    -24       DEND      0
   482      475         1.24   -52.85     1.86      -21.8     DEND      0
   483      482       0.9299   -51.3      4.03      -22.3     DEND      0
   484      483         0.62   -49.44     3.41      -22.3     DEND      0
   485      484         0.62   -46.34     3.1       -22.3     DEND      0
   486      482         0.62   -55.95     6.2       -21.2     DEND      0
   487      486         0.62   -58.43     8.059     -21.2     DEND      0
   488      487       0.9299   -59.98     10.85     -21.2     DEND      0
   489      488         1.24   -61.22     14.26     -21.2     DEND      0
   490      476         0.62   -55.33     -0.31     -21.8     DEND      0
   491      490         1.24   -60.6      -1.55     -21.8     DEND      0
   492      491         1.24   -63.7      -2.48     -22.3     DEND      0
   493      492         1.24   -66.8      -3.1      -22.9     DEND      0
   494      493       0.9299   -68.97     -5.58     -22.9     DEND      0
   495      494         0.62   -72.07     -6.51     -22.9     DEND      0
   496      495         0.62   -74.86     -6.82     -22.9     DEND      0
   497      496         0.62   -78.58     -6.51     -22.9     DEND      0
   498      497         0.62   -81.68     -6.2      -22.9     DEND      0
   499      498         0.62   -84.47     -4.34     -22.9     DEND      0
   500      499         0.62   -87.88     -3.41     -22.3     DEND      0
   501      500         0.62   -90.98     -2.79     -21.8     DEND      0
   502      492       0.9299   -63.08     -5.89     -22.3     DEND      0
   503      502         0.62   -62.77     -8.989    -22.3     DEND      0
   504      503         0.62   -64.32     -11.78    -22.9     DEND      0
   505      504         0.62   -66.8      -13.64    -22.9     DEND      0
   506      505         0.62   -69.59     -15.5     -24       DEND      0
   507      496         0.62   -76.72     -9.609    -22.9     DEND      0
   508      507         0.62   -78.89     -12.09    -23.4     DEND      0
   509      508        0.434   -78.89     -15.19    -23.4     DEND      0
   510      497         0.62   -78.27     -3.1      -22.9     DEND      0
   511      510         0.62   -79.51     0         -22.3     DEND      0
   512      511         0.62   -81.37     3.1       -22.3     DEND      0
   513      512         0.62   -84.16     4.96      -22.3     DEND      0
   514      513        0.434   -87.26     5.89      -21.8     DEND      0
   515      483         0.62   -51.61     7.44      -22.3     DEND      0
   516      515         0.62   -52.23     10.85     -21.8     DEND      0
   517      516         0.62   -50.37     13.64     -21.8     DEND      0
   518      517       0.9299   -54.09     13.95     -21.8     DEND      0
   519      518         0.62   -56.57     16.43     -21.8     DEND      0
   520      519         0.62   -59.52     17.82     -21.2     DEND      0
   521      520         0.62   -62.46     19.22     -20.6     DEND      0
   522      521         0.62   -63.08     22.32     -20.6     DEND      0
   523      522         0.62   -63.08     25.42     -20.6     DEND      0
   524      523         0.62   -62.77     28.83     -20.1     DEND      0
   525      524        0.434   -62.46     31.93     -20.1     DEND      0
   526      519         0.62   -56.88     20.77     -21.2     DEND      0
   527      517         0.62   -47.89     16.12     -21.8     DEND      0
   528      527         0.62   -47.27     19.53     -21.2     DEND      0
   529      528         0.62   -46.96     22.63     -20.6     DEND      0
   530      529         0.62   -46.96     25.73     -21.2     DEND      0
   531      530         0.62   -49.13     28.21     -21.2     DEND      0
   532      531         0.62   -52.23     28.83     -21.2     DEND      0
   533      532         0.62   -55.02     31.62     -20.6     DEND      0
   534      533         0.62   -56.57     34.41     -20.6     DEND      0
   535      534         0.62   -55.95     37.51     -20.6     DEND      0
   536      535         0.62   -55.02     40.61     -21.2     DEND      0
   537      536         0.62   -53.47     43.4      -21.2     DEND      0
   538      537         0.62   -50.37     41.85     -21.2     DEND      0
   539      538         0.62   -48.82     39.37     -20.6     DEND      0
   540      533         0.62   -54.71     28.83     -20.6     DEND      0
   541      540         0.62   -55.95     26.04     -20.6     DEND      0
   542      491       0.9299   -61.84     4.03      -21.2     DEND      0
   543      542       0.9299   -62.77     7.13      -21.2     DEND      0
   544      543         0.62   -60.91     9.609     -20.6     DEND      0
   545      493         0.62   -67.73     -0.31     -22.3     DEND      0
   546      545         0.62   -68.04     2.79      -22.3     DEND      0
   547      546         0.62   -67.73     6.2       -21.8     DEND      0
   548      547         0.62   -68.97     8.989     -21.8     DEND      0
   549      548         0.62   -68.35     12.09     -21.8     DEND      0
   550      549         0.62   -70.21     15.19     -21.2     DEND      0
   551      550         0.62   -71.14     18.6      -21.2     DEND      0
   552      551         0.62   -71.14     21.7      -21.2     DEND      0
   553      552         0.62   -67.73     22.94     -21.2     DEND      0
   554      553       0.9299   -64.94     24.8      -20.6     DEND      0
   555      552        0.434   -72.38     24.49     -21.2     DEND      0
   556      555         0.62   -77.34     22.01     -21.8     DEND      0
   557      556         0.62   -79.82     23.56     -21.8     DEND      0
   558      557         0.62   -79.82     26.97     -21.2     DEND      0
   559      558         0.62   -78.27     30.07     -21.2     DEND      0
   560      559         0.62   -75.79     32.24     -20.6     DEND      0
   561      428         0.62   -128.8     0         -21.2     DEND      0
   562      561         0.62   -130.7     2.79      -21.2     DEND      0
   563      562         0.62   -129.7     5.89      -21.2     DEND      0
   564      563         0.62   -131.3     8.989     -21.2     DEND      0
   565      564        0.434   -134.4     9.299     -21.2     DEND      0
   566      561        0.434   -131       -3.41     -21.2     DEND      0
   567      566         0.62   -131.3     -6.82     -21.8     DEND      0
   568      427       0.9299   -123.5     -7.44     -21.2     DEND      0
   569      568         0.62   -126       -9.609    -21.2     DEND      0
   570      569         0.62   -129.1     -9.919    -20.6     DEND      0
   571      570        0.434   -132.5     -9.299    -21.2     DEND      0
   572      442         0.62   -124.8     -15.81    -20.1     DEND      0
   573      572       0.9299   -127.9     -14.88    -20.6     DEND      0
   574      573       0.9299   -131       -14.26    -20.6     DEND      0
   575      574       0.9299   -134.1     -13.95    -20.6     DEND      0
   576      575       0.9299   -136.5     -11.47    -20.6     DEND      0
   577      576         0.62   -137.5     -8.989    -21.2     DEND      0
   578      572         0.62   -124.8     -11.47    -20.1     DEND      0
   579      578        0.434   -122.3     -9.299    -21.2     DEND      0
   580      409         0.62   -36.11     -61.38    -23.4     DEND      0
   581      580         0.62   -38.28     -64.79    -23.4     DEND      0
   582      581       0.9299   -40.45     -67.27    -22.9     DEND      0
   583      582         0.62   -42.62     -69.75    -22.9     DEND      0
   584      583        0.434   -43.86     -72.23    -22.9     DEND      0
   585      584         1.24   -44.17     -75.95    -22.9     DEND      0
   586      585         0.62   -46.34     -78.42    -22.9     DEND      0
   587      586         0.62   -49.13     -79.66    -22.9     DEND      0
   588      587         0.62   -52.23     -80.28    -22.9     DEND      0
   589      588         0.62   -53.47     -83.69    -22.9     DEND      0
   590      589         0.62   -51.61     -86.48    -22.3     DEND      0
   591      590         0.62   -49.13     -88.34    -22.3     DEND      0
   592      591         0.62   -48.2      -91.44    -22.3     DEND      0
   593      592       0.9299   -48.51     -94.54    -22.3     DEND      0
   594      593       0.9299   -50.37     -97.02    -22.3     DEND      0
   595      594       0.9299   -53.47     -97.95    -22.3     DEND      0
   596      595         0.62   -55.95     -100.4    -22.3     DEND      0
   597      596        0.434   -58.12     -102.9    -22.3     DEND      0
   598      590         0.62   -55.64     -88.03    -22.9     DEND      0
   599      598         0.62   -58.74     -89.27    -22.9     DEND      0
   600      599         0.62   -61.84     -88.34    -22.9     DEND      0
   601      600        0.434   -64.94     -87.72    -22.9     DEND      0
   602      583         0.62   -48.2      -67.89    -21.8     DEND      0
   603      602         0.62   -51.3      -66.65    -23.4     DEND      0
   604      603         0.62   -54.4      -66.96    -22.9     DEND      0
   605      604         0.62   -57.5      -67.58    -22.9     DEND      0
   606      605         0.62   -59.98     -69.13    -23.4     DEND      0
   607      606         0.62   -61.84     -71.61    -23.4     DEND      0
   608      607        0.434   -61.53     -75.02    -24       DEND      0
   609      582         0.62   -37.66     -71.3     -22.3     DEND      0
   610      609         0.62   -35.8      -74.71    -21.2     DEND      0
   611      610         1.24   -34.87     -77.5     -21.2     DEND      0
   612      611         1.24   -31.77     -79.35    -21.2     DEND      0
   613      612         0.62   -30.84     -81.83    -21.2     DEND      0
   614      612        0.434   -31.15     -77.5     -21.2     DEND      0
   615      614        0.434   -27.74     -76.57    -21.2     DEND      0
   616      331       0.9299   -37.35     -52.39    -22.9     DEND      0
   617      616        0.434   -40.45     -53.63    -22.9     DEND      0
   618      369         0.62   -62.46     -38.13    -24       DEND      0
   619      618         0.62   -62.46     -41.85    -24       DEND      0
   620      619         0.62   -60.91     -44.95    -23.4     DEND      0
   621      620         0.62   -62.15     -47.74    -24.6     DEND      0
   622      621         0.62   -63.7      -50.53    -24       DEND      0
   623      371         0.62   -68.35     -40.61    -24.6     DEND      0
   624      623         1.55   -65.25     -39.68    -24.6     DEND      0
   625      375         0.62   -59.98     -28.21    -24.6     DEND      0
   626      625         0.62   -59.98     -31.31    -24       DEND      0
   627      378       0.9299   -69.59     -26.04    -24       DEND      0
   628      627       0.9299   -68.35     -29.14    -24       DEND      0
   629      628         0.62   -65.87     -31       -24       DEND      0
   630      366         0.62   -50.99     -35.96    -24       DEND      0
   631      630         0.62   -48.51     -37.82    -24       DEND      0
   632      362         0.62   -46.65     -23.56    -23.4     DEND      0
   633      632         5.27   -49.75     -24.8     -24       DEND      0
   634      352        0.434   -24.33     -3.1      -21.8     DEND      0
   635      634       0.9299   -26.81     -5.27     -21.8     DEND      0
   636      635       0.9299   -29.6      -7.13     -22.9     DEND      0
   637      636         0.62   -32.7      -8.679    -22.9     DEND      0
   638        0         0.62   2.17       0.9299    -17.8     DENDP      0
   639      638         0.62   1.705      5.89      -20.1     DENDP      0
   640      639         0.62   4.185      10.69     -20.1     DENDP      0
   641      640         0.62   2.945      13.95     -20.1     DEND      0
   642      641         0.62   3.875      17.05     -20.1     DEND      0
   643      642         0.62   3.255      20.46     -20.6     DEND      0
   644      643         0.62   6.045      22.01     -20.6     DEND      0
   645      644       0.9299   6.355      25.11     -20.6     DEND      0
   646      645       0.9299   5.425      28.21     -20.6     DEND      0
   647      646       0.9299   2.325      29.76     -20.6     DEND      0
   648      647       0.9299   -0.155     31.93     -20.1     DEND      0
   649      648         0.62   -3.255     32.55     -20.6     DEND      0
   650      649         0.62   -6.355     32.55     -20.6     DEND      0
   651      650         0.62   -9.764     33.48     -21.2     DEND      0
   652      651         0.62   -11.62     35.96     -21.2     DEND      0
   653      645         0.62   10.38      19.84     -20.6     DEND      0
   654      653         0.62   12.24      17.05     -20.6     DEND      0
   655      654        0.434   14.41      14.57     -20.6     DEND      0
   656      640         0.62   6.665      8.989     -20.6     DEND      0
   657      656         0.62   9.454      8.059     -20.6     DEND      0
   658      657        0.434   12.86      7.44      -20.6     DEND      0
   659      646       0.9299   9.764      31.93     -20.6     DEND      0
   660      659         0.62   12.24      33.79     -20.6     DEND      0
   661      648        0.434   -1.085     34.72     -20.6     DEND      0
   662      661        0.434   -1.395     37.82     -20.6     DEND      0
   663      639         0.62   -1.395     5.89      -18.4     DEND      0
   664      663         0.62   -2.635     8.989     -20.1     DEND      0
   665      664       0.9299   -4.805     11.47     -20.1     DEND      0
   666      665         0.62   -6.975     13.95     -20.1     DEND      0
   667      666         0.62   -7.595     17.05     -20.1     DEND      0
   668      667         0.62   -7.904     20.15     -20.1     DEND      0
   669      668         0.62   -9.764     22.63     -20.1     DEND      0
   670      669         0.62   -10.38     25.73     -20.1     DEND      0
   671      465         0.62   -111.4     -43.4     -23.4     DEND      0
   672      671         0.62   -109       -45.57    -23.4     DEND      0
   673      672         0.62   -106.5     -47.43    -23.4     DEND      0
   674      673         0.62   -104       -49.91    -23.4     DEND      0
   675      674         2.79   -101.2     -48.67    -23.4     DEND      0
   676      675        0.434   -99.35     -46.19    -23.4     DEND      0
   677      675        0.434   -99.97     -50.22    -23.4     DEND      0
   678      677       0.9299   -96.87     -49.91    -23.4     DEND      0
   679      678       0.9299   -93.46     -49.29    -23.4     DEND      0
   680      679       0.9299   -90.36     -50.22    -23.4     DEND      0
   681      680        0.434   -87.26     -50.84    -24       DEND      0
   682      674        0.434   -101.7     -53.01    -23.4     DEND      0
   683      471         0.62   -123.8     -62       -22.3     DEND      0
   684      683         0.62   -126.6     -63.55    -22.9     DEND      0
   685      684         0.62   -129.1     -65.72    -22.9     DEND      0
   686      685         0.62   -131       -68.2     -22.9     DEND      0
   687      350         1.24   -14.72     3.1       -25.1     DEND      0
   688      687       0.9299   -17.2      5.27      -25.7     DEND      0
   689      688       0.9299   -19.99     6.2       -25.7     DEND      0
   690      689       0.9299   -22.78     7.13      -27.4     DEND      0
   691      690         0.62   -25.88     8.369     -28.5     DEND      0
   692      691         0.62   -28.67     8.989     -29       DEND      0
   693      692         0.62   -31.46     8.989     -29.6     DEND      0
   694      693       0.9299   -34.87     9.299     -30.2     DEND      0
   695      694         0.62   -37.97     7.13      -31.3     DEND      0
   696      695         0.62   -41.07     6.51      -31.3     DEND      0
   697      696       0.9299   -44.17     6.2       -31.8     DEND      0
   698      697        0.434   -49.44     7.749     -33       DEND      0
   699      698         0.62   -48.51     11.16     -33       DEND      0
   700      699       0.9299   -46.03     13.64     -31.8     DEND      0
   701      698         0.62   -55.02     5.89      -33       DEND      0
   702      701       0.9299   -58.12     4.03      -33       DEND      0
   703      702       0.9299   -60.6      2.17      -33.5     DEND      0
   704      703       0.9299   -62.15     -0.62     -33.5     DEND      0
   705      704       0.9299   -64.32     -3.1      -34.1     DEND      0
   706      705       0.9299   -65.87     -5.27     -34.1     DEND      0
   707      706       0.9299   -68.04     -7.75     -34.6     DEND      0
   708      707       0.9299   -71.14     -8.989    -34.1     DEND      0
   709      708       0.9299   -74.55     -9.609    -34.1     DEND      0
   710      709       0.9299   -77.65     -8.369    -34.1     DEND      0
   711      710       0.9299   -79.2      -8.214    -34.1     DEND      0
   712      711         0.62   -83.85     -9.299    -34.1     DEND      0
   713      712         0.62   -86.95     -9.919    -34.1     DEND      0
   714      713         0.62   -90.36     -10.54    -34.1     DEND      0
   715      714         0.62   -93.46     -11.78    -33.5     DEND      0
   716      715         0.62   -96.56     -10.54    -33.5     DEND      0
   717      716         0.62   -99.35     -8.989    -33.5     DEND      0
   718      717         0.62   -101.5     -6.51     -33.5     DEND      0
   719      718         0.62   -100.9     -3.1      -33       DEND      0
   720      719         0.62   -102.1     0         -32.4     DEND      0
   721      720         0.62   -103.7     3.1       -32.4     DEND      0
   722      721         0.62   -105.9     5.58      -32.4     DEND      0
   723      722         0.62   -106.8     8.369     -32.4     DEND      0
   724      711         0.62   -81.21     -1.395    -33       DEND      0
   725      724         0.62   -85.09     -2.48     -33       DEND      0
   726      725         0.62   -87.26     0         -33       DEND      0
   727      726         0.62   -88.81     3.1       -32.4     DEND      0
   728      727       0.9299   -90.67     5.58      -32.4     DEND      0
   729      728       0.9299   -91.29     8.989     -32.4     DEND      0
   730      729       0.9299   -93.15     11.47     -32.4     DEND      0
   731      730         0.62   -93.15     14.88     -32.4     DEND      0
   732      731         0.62   -93.15     17.67     -32.4     DEND      0
   733      732        0.434   -91.91     20.77     -31.8     DEND      0
   734      730         0.62   -97.18     11.47     -32.4     DEND      0
   735      722       0.9299   -109       2.79      -33.5     DEND      0
   736      735         0.62   -111.7     2.17      -33.5     DEND      0
   737      736         0.62   -114.8     2.17      -33.5     DEND      0
   738      555         0.62   -69.75     27.28     -32.4     DEND      0
   739      738         0.62   -68.82     31.62     -32.4     DEND      0
   740      739         0.62   -64.94     31        -32.4     DEND      0
   741      740         0.62   -61.84     30.69     -32.4     DEND      0
   742      741         0.62   -59.05     31.93     -33       DEND      0
   743      742         0.62   -56.88     34.41     -33       DEND      0
   744      743       0.9299   -54.71     36.58     -33.5     DEND      0
   745      744         1.86   -54.71     39.99     -32.4     DEND      0
   746      745         1.86   -56.26     43.09     -32.4     DEND      0
   747      746        2.995   -57.66     44.64     -32.4     DEND      0
   748      747         0.62   -59.36     47.43     -32.4     DEND      0
   749      748         0.62   -59.05     50.84     -32.4     DEND      0
   750      749         0.62   -59.67     55.8      -32.4     DEND      0
   751      750       0.9299   -60.29     58.9      -33       DEND      0
   752      751       0.9299   -61.22     62        -33       DEND      0
   753      752         0.62   -62.15     65.1      -33       DEND      0
   754      753         0.62   -62.46     68.2      -33.5     DEND      0
   755      754         0.62   -62.46     71.3      -33.5     DEND      0
   756      747         0.62   -61.53     44.02     -32.4     DEND      0
   757      756         0.62   -64.63     44.64     -32.4     DEND      0
   758      757         0.62   -67.73     45.26     -32.4     DEND      0
   759      758         0.62   -70.83     46.5      -32.4     DEND      0
   760      759         0.62   -70.52     49.6      -32.4     DEND      0
   761      760         0.62   -68.66     52.08     -33       DEND      0
   762      759         0.62   -73.93     45.26     -32.4     DEND      0
   763      762         0.62   -77.03     46.19     -32.4     DEND      0
   764      763         0.62   -79.2      48.36     -32.4     DEND      0
   765      764         0.62   -82.3      49.91     -32.4     DEND      0
   766      765       0.9299   -85.71     50.84     -31.8     DEND      0
   767      766       0.9299   -88.81     52.08     -31.8     DEND      0
   768      767       0.9299   -87.88     55.18     -31.8     DEND      0
   769      768         0.62   -86.95     58.28     -32.4     DEND      0
   770      769         0.62   -86.33     61.38     -33       DEND      0
   771      763         0.62   -77.03     39.99     -32.4     DEND      0
   772      771       0.9299   -79.51     37.82     -31.8     DEND      0
   773      772       0.9299   -82.3      37.04     -31.8     DEND      0
   774      773         0.62   -86.02     37.51     -31.8     DEND      0
   775      774         0.62   -88.19     39.99     -31.8     DEND      0
   776      775         0.62   -90.05     42.47     -32.4     DEND      0
   777      776       0.9299   -91.6      45.57     -32.4     DEND      0
   778      777         1.24   -92.22     48.67     -31.8     DEND      0
   779      778         0.62   -94.08     51.15     -32.4     DEND      0
   780      779         0.62   -95.63     53.94     -32.4     DEND      0
   781      780         0.62   -97.18     56.73     -32.4     DEND      0
   782      781         0.62   -98.73     59.52     -32.4     DEND      0
   783      777       0.9299   -95.94     43.09     -32.4     DEND      0
   784      783       0.9299   -98.73     41.85     -33       DEND      0
   785      784         0.62   -99.81     41.85     -33       DEND      0
   786      785         0.62   -98.42     35.65     -31.8     DEND      0
   787      785        0.434   -105.5     40.92     -33       DEND      0
   788      787        0.434   -107.4     38.44     -32.4     DEND      0
   789      788         0.62   -108.3     35.03     -32.4     DEND      0
   790      789         0.62   -107.7     31.93     -32.4     DEND      0
   791      790         0.62   -105.2     29.76     -32.4     DEND      0
   792      788         0.62   -112.4     37.51     -33       DEND      0
   793      792        0.434   -115.5     35.65     -33       DEND      0
   794      739         0.62   -71.14     31.31     -32.4     DEND      0
   795      794         0.62   -74.24     32.55     -32.4     DEND      0
   796      795         0.62   -77.34     33.48     -31.8     DEND      0
   797      796         0.62   -80.75     33.17     -31.8     DEND      0
   798      797         0.62   -83.85     32.86     -31.3     DEND      0
   799      798         0.62   -86.95     31.93     -31.8     DEND      0
   800      799       0.9299   -89.43     30.07     -31.8     DEND      0
   801      800         0.62   -91.6      29.45     -31.8     DEND      0
   802      801         0.62   -93.15     26.66     -31.8     DEND      0
   803      802         0.62   -94.7      23.87     -31.8     DEND      0
   804      803         0.62   -97.8      22.32     -31.8     DEND      0
   805      804       0.9299   -100.3     24.18     -31.8     DEND      0
   806      774        0.434   -89.43     35.34     -31.8     DEND      0
   807      806        0.434   -91.29     32.55     -31.8     DEND      0
   808      807        0.434   -93.77     30.38     -31.8     DEND      0
   809      773         0.62   -80.13     34.1      -31.8     DEND      0
   810      715       0.9299   -95.32     -16.43    -34.1     DEND      0
   811      810       0.9299   -98.42     -17.36    -34.1     DEND      0
   812      811         0.62   -100.9     -19.22    -34.1     DEND      0
   813      812         0.62   -103.4     -21.08    -34.1     DEND      0
   814      813         0.62   -106.2     -19.22    -33.5     DEND      0
   815      814         0.62   -109.3     -17.67    -33.5     DEND      0
   816      815         0.62   -110.8     -14.57    -33.5     DEND      0
   817      816         2.17   -111.4     -11.78    -33       DEND      0
   818      813       0.9299   -105.5     -27.59    -33.5     DEND      0
   819      818         0.62   -106.5     -30.38    -34.1     DEND      0
   820      819         0.62   -108.6     -32.86    -34.1     DEND      0
   821      820         0.62   -110.2     -35.96    -34.1     DEND      0
   822      821         0.62   -110.8     -39.37    -34.1     DEND      0
   823      822         0.62   -111.7     -42.47    -33.5     DEND      0
   824      710         0.62   -80.75     -16.12    -34.6     DEND      0
   825      824         0.62   -81.37     -19.22    -34.6     DEND      0
   826      825         0.62   -83.85     -21.08    -34.6     DEND      0
   827      826         0.62   -86.02     -23.25    -35.2     DEND      0
   828      827         0.62   -89.12     -24.18    -35.2     DEND      0
   829      828         0.62   -92.53     -23.56    -34.6     DEND      0
   830      829         0.62   -94.39     -21.08    -34.6     DEND      0
   831      707         0.62   -65.87     -10.23    -34.1     DEND      0
   832      831         0.62   -65.87     -13.33    -34.6     DEND      0
   833      832         0.62   -66.8      -16.43    -35.2     DEND      0
   834      833         0.62   -68.04     -19.53    -35.2     DEND      0
   835      834         0.62   -64.94     -21.7     -35.2     DEND      0
   836      835         0.62   -62.77     -24.18    -35.2     DEND      0
   837      836         0.62   -60.6      -26.35    -35.2     DEND      0
   838      709       0.9299   -71.76     -13.02    -34.1     DEND      0
   839      838         0.62   -71.76     -16.12    -34.6     DEND      0
   840      839         0.62   -73        -18.91    -35.2     DEND      0
   841      840         0.62   -75.17     -21.39    -35.2     DEND      0
   842      841         0.62   -77.65     -23.56    -35.2     DEND      0
   843      842         0.62   -79.2      -26.35    -35.8     DEND      0
   844      843         0.62   -81.68     -28.21    -35.8     DEND      0
   845      844       0.9299   -84.47     -31.62    -35.8     DEND      0
   846      845       0.9299   -86.95     -34.1     -36.3     DEND      0
   847      846         0.62   -88.19     -37.2     -35.8     DEND      0
   848      847         0.62   -89.43     -40.3     -35.8     DEND      0
   849      848         0.62   -90.98     -43.4     -35.8     DEND      0
   850      849         0.62   -89.43     -46.19    -35.2     DEND      0
   851      350        0.434   -19.68     -0.9299   -30.2     DEND      0
   852      851        0.434   -22.78     -2.17     -30.7     DEND      0
   853      852         0.62   -25.88     -3.1      -32.4     DEND      0
   854      853         0.62   -29.29     -3.41     -32.4     DEND      0
   855      854       0.9299   -32.39     -4.65     -32.4     DEND      0
   856      855       0.9299   -35.49     -5.89     -33       DEND      0
   857      856       0.9299   -37.97     -7.44     -34.1     DEND      0
   858      857       0.9299   -41.07     -6.82     -33.5     DEND      0
   859      858         0.62   -44.48     -6.2      -33       DEND      0
   860      859         0.62   -47.58     -6.51     -33       DEND      0
   861      860         0.62   -50.06     -8.369    -33       DEND      0
   862      861         0.62   -52.85     -9.609    -33.5     DEND      0
   863      862         0.62   -55.95     -10.85    -33       DEND      0
   864      863         0.62   -59.05     -10.54    -33       DEND      0
   865      864         0.62   -62.15     -9.609    -33.5     DEND      0
   866      865         0.62   -64.01     -6.82     -33.5     DEND      0
   867      866         0.62   -66.8      -4.96     -33.5     DEND      0
   868      867         0.62   -68.04     -1.55     -33       DEND      0
   869      868         0.62   -69.59     1.55      -33       DEND      0
   870      869         0.62   -72.38     1.55      -33       DEND      0
   871      870         0.62   -75.48     1.24      -33       DEND      0
   872      702         0.62   -62.15     5.58      -33       DEND      0
   873      872         0.62   -63.08     8.679     -33       DEND      0
   874      873         0.62   -65.25     11.16     -32.4     DEND      0
   875      874         0.62   -68.04     13.02     -32.4     DEND      0
   876      874         0.62   -61.53     11.78     -32.4     DEND      0
   877      876         0.62   -59.67     14.57     -31.8     DEND      0
   878      877         0.62   -58.74     17.67     -31.8     DEND      0
   879      878         0.62   -57.19     20.46     -31.8     DEND      0
   880      742        0.434   -60.91     27.28     -32.4     DEND      0
   881      880        0.434   -59.67     24.18     -31.8     DEND      0
   882      694         0.62   -36.42     11.16     -30.2     DEND      0
   883      882         0.62   -38.59     13.64     -30.7     DEND      0
   884      883         0.62   -40.76     16.12     -30.7     DEND      0
   885      884       0.9299   -42.31     18.91     -31.3     DEND      0
   886      885       0.9299   -42.93     22.01     -31.3     DEND      0
   887      886       0.9299   -44.79     24.8      -31.8     DEND      0
   888      887       0.9299   -46.03     27.9      -31.8     DEND      0
   889      888         0.62   -49.44     30.07     -31.8     DEND      0
   890      889         0.62   -51.92     31.62     -33       DEND      0
   891      890         0.62   -53.47     34.72     -33       DEND      0
   892      889       0.9299   -46.34     32.86     -31.8     DEND      0
   893      892        0.434   -45.41     35.96     -31.8     DEND      0
   894      887         0.62   -38.59     24.18     -31.8     DEND      0
   895      894         0.62   -35.49     23.56     -34.1     DEND      0
   896      406       0.9299   -25.88     -51.77    -34.6     DEND      0
   897      896         0.62   -25.26     -55.18    -34.6     DEND      0
   898      897         0.62   -24.95     -58.28    -34.1     DEND      0
   899      898         0.62   -25.73     -61.07    -34.1     DEND      0
   900      899         0.62   -27.43     -63.86    -33.5     DEND      0
   901      400         0.62   -27.12     -35.96    -34.1     DEND      0
   902      901         0.62   -24.64     -38.44    -34.6     DEND      0
   903      902         0.62   -22.78     -40.92    -34.6     DEND      0
   904      903         0.62   -21.23     -43.71    -34.6     DEND      0
   905      904         0.62   -19.37     -46.5     -34.1     DEND      0
   906      905         0.62   -16.58     -48.05    -34.1     DEND      0
   907      906       0.9299   -13.17     -48.05    -34.1     DEND      0
   908      907       0.9299   -10.38     -46.19    -34.1     DEND      0
   909      907         0.62   -16.89     -54.25    -33       DEND      0
   910      909       0.9299   -18.75     -57.35    -33.5     DEND      0
   911      910       0.9299   -18.75     -60.45    -33.5     DEND      0
   912      897         1.24   -24.95     -50.53    -34.6     DEND      0
   913      912         0.62   -23.09     -47.43    -34.6     DEND      0
   914      405        0.434   -34.87     -48.67    -35.2     DEND      0
   915      914         0.62   -37.35     -50.53    -35.2     DEND      0
   916      915         0.62   -39.83     -52.7     -35.2     DEND      0
   917      916        0.434   -42.62     -54.87    -35.2     DEND      0
   918      355       0.9299   -17.2      -16.74    -34.1     DEND      0
   919      918         0.62   -14.72     -18.6     -34.6     DEND      0
   920      919         0.62   -11.62     -17.67    -34.6     DEND      0
   921      920         0.62   -8.524     -16.43    -34.6     DEND      0
   922      921         0.62   -5.425     -17.36    -34.1     DEND      0
   923      922         0.62   -2.635     -19.22    -34.1     DEND      0
   924      923         0.62   0.775      -19.53    -33       DEND      0
   925      924         0.62   3.875      -20.46    -33       DEND      0
   926       19       0.9299   -41.38     -46.19    -26.8     DEND      0
   927      926       0.9299   -41.69     -48.98    -27.4     DEND      0
   928      927       0.9299   -43.55     -51.46    -30.7     DEND      0
   929      928         0.62   -46.96     -56.11    -31.3     DEND      0
   930      929        0.434   -49.13     -58.59    -31.3     DEND      0
   931      930        0.434   -51.3      -62.31    -34.6     DEND      0
   932      931         0.62   -52.23     -65.72    -34.6     DEND      0
   933      932         0.62   -53.78     -68.82    -34.6     DEND      0
   934      933       0.9299   -54.71     -71.92    -35.2     DEND      0
   935      934         0.62   -55.33     -75.02    -35.8     DEND      0
   936      935         0.62   -56.57     -78.11    -35.2     DEND      0
   937      936         0.62   -55.33     -81.21    -35.2     DEND      0
   938      834         0.62   -74.24     -26.66    -35.8     DEND      0
   939      938         0.62   -71.45     -31       -35.8     DEND      0
   940      939         0.62   -73        -33.79    -35.8     DEND      0
   941      940         0.62   -73.31     -37.2     -35.8     DEND      0
   942      941         0.62   -72.07     -40.3     -35.8     DEND      0
   943      942        0.434   -74.24     -43.71    -35.8     DEND      0
   944      943         0.62   -73.62     -46.81    -36.3     DEND      0
   945      944         0.62   -71.76     -49.6     -36.3     DEND      0
   946      945        0.434   -71.76     -52.7     -35.8     DEND      0
   947      930       0.9299   -54.09     -53.32    -34.6     DEND      0
   948      947         0.62   -56.26     -51.15    -34.6     DEND      0
   949      948         0.62   -57.5      -48.36    -35.2     DEND      0
   950      949         0.62   -57.5      -45.26    -35.8     DEND      0
   951      950         0.62   -58.12     -42.16    -35.8     DEND      0
   952      951         0.62   -58.74     -39.06    -35.8     DEND      0
   953      952         0.62   -57.5      -35.96    -35.8     DEND      0
   954      953         0.62   -54.09     -35.65    -35.8     DEND      0
   955      954         0.62   -54.09     -29.45    -35.8     DEND      0
   956      955         0.62   -52.54     -26.35    -35.8     DEND      0
   957      956         0.62   -49.75     -24.49    -35.8     DEND      0
   958      957         0.62   -46.65     -22.63    -35.8     DEND      0
   959      958         0.62   -43.86     -20.77    -35.2     DEND      0
   960      959         0.62   -40.76     -19.22    -35.2     DEND      0
   961      959         0.62   -43.55     -24.18    -35.2     DEND      0
   962      961         0.62   -43.86     -27.28    -35.8     DEND      0
   963      962         0.62   -42.93     -30.38    -35.2     DEND      0
   964      963         0.62   -43.55     -33.48    -35.8     DEND      0
   965      964         0.62   -44.48     -36.58    -35.8     DEND      0
   966      965         0.62   -47.27     -38.44    -36.3     DEND      0
   967      966         0.62   -49.13     -41.23    -36.3     DEND      0
   968      967         0.62   -51.61     -43.4     -35.8     DEND      0
   969      968       0.9299   -51.92     -47.12    -35.2     DEND      0
   970      969         0.62   -51.3      -50.53    -34.6     DEND      0
   971      970         0.62   -49.75     -53.32    -34.6     DEND      0
   972      951         0.62   -59.98     -44.02    -35.2     DEND      0
   973      972         0.62   -62.15     -46.5     -35.2     DEND      0
   974      973         0.62   -64.01     -49.29    -35.2     DEND      0
   975      974         0.62   -65.87     -52.08    -35.2     DEND      0
   976      975         0.62   -68.35     -53.94    -35.2     DEND      0
   977      976         0.62   -69.9      -56.73    -35.8     DEND      0
   978      957       0.9299   -52.85     -20.15    -34.6     DEND      0
   979      978       0.9299   -50.68     -17.67    -34.6     DEND      0
   980      979         0.62   -47.58     -17.67    -35.2     DEND      0
   981      899       0.9299   -22.78     -61.07    -33.5     DEND      0
   982      981         0.62   -19.68     -61.69    -33.5     DEND      0
   983      982         0.62   -16.27     -61.07    -33       DEND      0
   984      983       0.9299   -12.86     -60.14    -33       DEND      0
   985      984       0.9299   -9.764     -60.45    -33       DEND      0
   986      985       0.9299   -6.665     -59.83    -31.3     DEND      0
   987      986       0.9299   -2.945     -61.38    -31.3     DEND      0
   988      987         0.62   -1.085     -57.04    -29.6     DEND      0
   989      988         0.62   0.775      -53.94    -29       DEND      0
   990      989         0.62   1.085      -51.15    -29       DEND      0
   991      990         0.62   3.565      -51.15    -31.8     DEND      0
   992      991         0.62   6.355      -52.7     -31.3     DEND      0
   993      992         0.62   9.144      -55.18    -31.3     DEND      0
   994      993         0.62   10.69      -57.97    -31.3     DEND      0
   995      987       0.9299   -3.255     -64.48    -31.3     DEND      0
   996      995         0.62   -2.945     -67.58    -31.8     DEND      0
   997      996         0.62   -1.085     -70.06    -31.8     DEND      0
   998      997       0.9299   2.015      -71.61    -31.8     DEND      0
   999      998       0.9299   5.115      -72.85    -31.3     DEND      0
  1000      999       0.9299   8.524      -73.16    -30.7     DEND      0
  1001     1000         0.62   11         -70.99    -30.7     DEND      0
  1002     1001       0.9299   13.79      -69.44    -30.7     DEND      0
  1003     1002         0.62   10.38      -67.27    -30.7     DEND      0
  1004     1003         0.62   9.764      -64.17    -30.7     DEND      0
  1005     1004         0.62   10.69      -61.07    -30.7     DEND      0
  1006     1002         0.62   16.58      -67.58    -30.2     DEND      0
  1007     1006         0.62   17.82      -65.72    -30.7     DEND      0
  1008     1007         0.62   18.44      -62.93    -30.7     DEND      0
  1009     1008         0.62   19.06      -59.52    -31.3     DEND      0
  1010     1006         0.62   19.37      -68.82    -30.2     DEND      0
  1011     1010         0.62   22.16      -70.99    -30.2     DEND      0
  1012     1011         0.62   24.64      -72.85    -30.2     DEND      0
  1013     1012         0.62   27.43      -69.44    -30.2     DEND      0
  1014     1013         0.62   30.84      -69.13    -30.2     DEND      0
  1015     1014         0.62   33.63      -70.37    -30.2     DEND      0
  1016     1015         0.62   36.73      -71.3     -30.2     DEND      0
  1017     1012         0.62   22.16      -76.26    -30.2     DEND      0
  1018     1017         0.62   20.61      -78.73    -30.7     DEND      0
  1019     1018         0.62   22.47      -81.52    -30.2     DEND      0
  1020     1019         0.62   24.95      -84       -30.2     DEND      0
  1021     1020         0.62   26.5       -86.79    -30.2     DEND      0
  1022      997        0.434   -2.945     -70.68    -31.8     DEND      0
  1023     1022         0.62   -4.495     -73.47    -31.8     DEND      0
  1024     1023         0.62   -4.185     -76.57    -31.3     DEND      0
  1025     1024         0.62   -2.325     -79.66    -31.3     DEND      0
  1026     1025         0.62   0.775      -81.21    -31.3     DEND      0
  1027     1026         0.62   3.875      -82.45    -30.7     DEND      0
  1028     1027       0.9299   6.665      -84.31    -30.2     DEND      0
  1029     1028         0.62   8.214      -88.65    -30.2     DEND      0
  1030     1029         0.62   10.07      -91.13    -30.2     DEND      0
  1031     1030         0.62   11.93      -93.61    -30.2     DEND      0
  1032     1031         0.62   12.24      -96.71    -30.7     DEND      0
  1033     1032         0.62   12.86      -99.81    -30.2     DEND      0
  1034     1033         0.62   15.34      -102.3    -30.2     DEND      0
  1035     1030         0.62   7.595      -92.68    -30.7     DEND      0
  1036     1035         0.62   4.96       -94.54    -30.7     DEND      0
  1037     1036         0.62   2.015      -94.54    -30.7     DEND      0
  1038     1036         0.62   8.214      -97.64    -30.7     DEND      0
  1039     1038       0.9299   8.834      -100.7    -30.7     DEND      0
  1040     1039       0.9299   8.214      -104.2    -30.7     DEND      0
  1041     1040       0.9299   8.214      -107.3    -30.7     DEND      0
  1042     1041       0.9299   10.69      -109.4    -30.7     DEND      0
  1043     1042         0.62   9.454      -112.2    -30.7     DEND      0
  1044     1043         0.62   7.904      -115      -30.7     DEND      0
  1045     1024       0.9299   -9.144     -75.33    -31.8     DEND      0
  1046     1045       0.9299   -11.31     -72.85    -31.8     DEND      0
  1047     1046       0.9299   -11.93     -69.75    -32.4     DEND      0
  1048     1045       0.9299   -8.834     -78.73    -31.8     DEND      0
  1049     1048       0.9299   -9.144     -81.83    -31.3     DEND      0
  1050     1049         0.62   -12.24     -82.45    -31.8     DEND      0
  1051     1050         0.62   -15.03     -84.31    -31.8     DEND      0
  1052     1051         0.62   -16.27     -87.41    -31.8     DEND      0
  1053     1052         0.62   -17.51     -90.2     -31.8     DEND      0
  1054     1053         0.62   -19.37     -92.99    -31.8     DEND      0
  1055     1054         0.62   -19.99     -96.09    -31.8     DEND      0
  1056     1055         0.62   -20.61     -99.19    -31.8     DEND      0
  1057     1056         0.62   -21.23     -102.6    -31.8     DEND      0
  1058     1057       0.9299   -23.09     -105.4    -32.4     DEND      0
  1059     1058       0.9299   -26.19     -106.9    -32.4     DEND      0
  1060     1059         0.62   -29.29     -106.9    -32.4     DEND      0
  1061     1060         0.62   -32.39     -106.3    -32.4     DEND      0
  1062     1053         0.62   -15.34     -92.06    -31.3     DEND      0
  1063     1062         0.62   -12.24     -93.92    -31.3     DEND      0
  1064     1063         0.62   -9.454     -92.68    -30.7     DEND      0
  1065     1064         0.62   -6.045     -91.75    -31.3     DEND      0
  1066     1065         0.62   -2.945     -92.68    -31.3     DEND      0
  1067      413         0.62   -36.42     -73.16    -33.5     DEND      0
  1068     1067         0.62   -34.87     -75.95    -33       DEND      0
  1069     1068         0.62   -33.94     -79.04    -33       DEND      0
  1070     1069         0.62   -33.01     -82.45    -33       DEND      0
  1071     1070         0.62   -33.94     -85.55    -33       DEND      0
  1072     1071         0.62   -36.42     -87.72    -33       DEND      0
  1073      936        0.434   -61.53     -78.73    -35.2     DEND      0
  1074     1073         0.62   -64.94     -79.97    -34.6     DEND      0
  1075     1074         0.62   -68.04     -79.66    -34.6     DEND      0
  1076     1075         0.62   -71.45     -79.04    -34.1     DEND      0
  1077     1076       0.9299   -73.93     -80.9     -34.1     DEND      0
  1078     1077       0.9299   -75.48     -84.31    -34.1     DEND      0
  1079     1078       0.9299   -77.03     -87.1     -34.1     DEND      0
  1080     1079        0.434   -77.65     -89.89    -34.1     DEND      0
  1081     1076         0.62   -70.21     -76.88    -34.6     DEND      0
  1082     1081         0.62   -68.04     -74.4     -35.2     DEND      0
  1083      404         0.62   -36.73     -40.61    -33.5     DEND      0
  1084     1083        0.434   -37.97     -37.82    -33.5     DEND      0
  1085      985         0.62   -10.69     -63.86    -33       DEND      0
  1086     1085         0.62   -11.93     -66.96    -33.5     DEND      0
  1087     1086         0.62   -14.41     -69.44    -33       DEND      0
  1088     1087         0.62   -17.82     -69.44    -33       DEND      0
  1089      550         0.62   -73        12.4      -32.4     DEND      0
  1090     1089         0.62   -76.1      11.78     -32.4     DEND      0
  1091     1090       0.9299   -79.2      12.4      -32.4     DEND      0
  1092     1091         0.62   -82.61     13.02     -32.4     DEND      0
  1093     1092        0.434   -85.71     13.64     -32.4     DEND      0
