# converted from 11_9_18_cell_1_drawing.tif from Ichinose lab       
#      
#    xfig morph_11_9_18_cell_1.fig      
#    sort -n +13 morph_11_9_18_cell_1.fig      
#    fig2nci with scale set to 42.9      
#    set_morph_file_reg --radincr 12      
#    manually set soma and nearby nodes 
#    center_soma 
# 
#    node  parent   dia        xbio       ybio     zbio     region   dendr      
#      
     0        0     dsomadia   0          0         0        SOMA      0
     1        0     sb_dia1    7.389      -1.674    13       R2        0
     2        1     sb_dia1    10.7       -1.394    15       R2        0
     3        2     sb_dia1    13.73      -0.529    15       R2        0
     4        3     sb_dia1    16.57      -0.273    15       R2        0
     5        4     sb_dia1    19.3       -0.179    15       R3        0
     6        5     sb_dia1    21.91      -0.273    15       R3        0
     7        6     sb_dia1    22.42      -2.79     15       R3        0
     8        7     sb_dia1    24.99      -5.051    15       R3        0
     9        8     sb_dia1    28         -5.378    15       R3        0
    10        9     sb_dia1    30.98      -5.471    15       R3        0
    11       10     sb_dia1    34.94      -7.149    15       R5        0
    12       11     sb_dia1    38.67      -6.8      15       R5        0
    13       12     sb_dia1    42.24      -7.685    15       R5        0
    14       13     sb_dia1    45.78      -8.18     15       R6        0
    15       14     sb_dia1    49.37      -9.18     15       R6        0
    16       15     sb_dia1    53.17      -9.85     15       R6        0
    17       16     sb_dia1    57.44      -10.39    15       R7        0
    18       17     sb_dia1    58.21      -13.65    15       R7        0
    19       18     sb_dia1    60.93      -16.26    15       R7        0
    20       19     sb_dia1    63.05      -19.46    15       R7        0
    21       20     sb_dia1    63.61      -23.56    15       R7        0
    22       21     sb_dia1    64.41      -27.03    15       R7        0
    23       22     sb_dia1    65.73      -29.48    15       R8        0
    24       23     sb_dia1    69.39      -29.48    15       R8        0
    25       24     sb_dia1    73.19      -30.65    15       R8        0
    26       25     sb_dia1    77.81      -32.65    15       R9        0
    27       26     sb_dia1    81.47      -33.33    15       R9        0
    28       27     sb_dia1    84.66      -33.4     15       R9        0
    29       28     sb_dia1    88.97      -33.54    15       R9        0
    30       17     sb_dia1    60.58      -10.25    15       R7        0
    31       30     sb_dia1    63.8       -10.76    15       R7        0
    32       31     sb_dia1    66.62      -11.28    15       R7        0
    33       32     sb_dia1    70         -11.74    15       R8        0
    34       33     sb_dia1    73.05      -12.14    15       R8        0
    35       34     sb_dia1    75.57      -13.56    15       R8        0
    36       35     sb_dia1    78.46      -13.7     15       R8        0
    37       36     sb_dia1    80.91      -13.86    15       R8        0
    38       37     sb_dia1    82.03      -16.05    15       R9        0
    39       38     sb_dia1    84.48      -16.92    15       R9        0
    40       39     sb_dia1    86.85      -15.7     15       R9        0
    41       32     sb_dia1    68.04      -7.895    15       R7        0
    42       41     sb_dia1    69.35      -5.005    15       R7        0
    43       42     sb_dia1    71.19      -2.161    15       R8        0
    44       43     sb_dia1    71.93      -0.11     15       R8        0
    45       44     sb_dia1    73.36      1.126     15       R8        0
    46       45     sb_dia1    75.36      -0.972    15       R8        0
    47       46     sb_dia1    77.46      -1.858    15       R8        0
    48       47     sb_dia1    79.25      -3.536    15       R8        0
    49       48     sb_dia1    80.23      -1.368    15       R8        0
    50       49     sb_dia1    83.33      -1.485    15       R9        0
    51       50     sb_dia1    86.01      -2.347    15       R9        0
    52       51     sb_dia1    88.41      -2.021    15       R9        0
    53       52     sb_dia1    91.14      -1.718    15       R9        0
    54       46     sb_dia1    76.25      2.15      15       R8        0
    55       54     sb_dia1    77.18      4.51      15       R8        0
    56       55     sb_dia1    76.97      7.37      15       R8        0
    57       56     sb_dia1    75.62      9.91      15       R8        0
    58       15     sb_dia1    51.07      -6.963    15       R6        0
    59       58     sb_dia1    53.15      -4.632    15       R6        0
    60       59     sb_dia1    55.13      -2.511    15       R6        0
    61       60     sb_dia1    56.83      0.124     15       R6        0
    62       61     sb_dia1    59.84      0.613     15       R7        0
    63       62     sb_dia1    63.33      1.918     15       R7        0
    64       63     sb_dia1    65.83      3.39      15       R7        0
    65       64     sb_dia1    67.3       5.72      15       R7        0
    66       65     sb_dia1    67.62      9.14      15       R7        0
    67        6     sb_dia1    23.73      1.126     15       R3        0
    68       67     sb_dia1    26.06      2.5       15       R3        0
    69       68     sb_dia1    28.14      4.53      15       R3        0
    70       69     sb_dia1    30.91      6.16      15       R3        0
    71       70     sb_dia1    33.08      9.28      15       R5        0
    72       71     sb_dia1    35.71      10.75     15       R5        0
    73       72     sb_dia1    39.18      10.54     15       R5        0
    74       73     sb_dia1    42.59      10.52     15       R5        0
    75       74     sb_dia1    46.62      10.15     15       R6        0
    76       75     sb_dia1    48.69      8.26      15       R6        0
    77       76     sb_dia1    51         6.88      15       R6        0
    78       77     sb_dia1    53.68      7.19      15       R6        0
    79       78     sb_dia1    56.34      8.79      15       R6        0
    80       79     sb_dia1    58.72      9.68      15       R7        0
    81       80     sb_dia1    61.21      11.08     15       R7        0
    82       81     sb_dia1    63.75      12.57     15       R7        0
    83       82     sb_dia1    65.13      14.93     15       R7        0
    84       83     sb_dia1    66.15      17.26     15       R7        0
    85       84     sb_dia1    66.9       19.63     15       R7        0
    86       85     sb_dia1    68.28      21.94     15       R8        0
    87       86     sb_dia1    69.51      24.23     15       R8        0
    88       87     sb_dia1    71.35      26.44     15       R8        0
    89       88     sb_dia1    74.45      26.81     15       R8        0
    90       89     sb_dia1    77.76      26.91     15       R8        0
    91       90     sb_dia1    80.51      28        15       R9        0
    92       91     sb_dia1    82.63      29.54     15       R9        0
    93       92     sb_dia1    84.29      31.1      15       R9        0
    94       93     sb_dia1    85.76      32.83     15       R9        0
    95       94     sb_dia1    86.64      34.55     15       R9        0
    96       95     sb_dia1    87.34      36.67     15       R9        0
    97       75     sb_dia1    47.88      12.2      15       R6        0
    98       97     sb_dia1    49.6       13.67     15       R6        0
    99       98     sb_dia1    50.91      15.41     15       R6        0
   100       99     sb_dia1    52.05      17.47     15       R6        0
   101      100     sb_dia1    52.73      19.35     15       R6        0
   102      101     sb_dia1    54.99      20.05     15       R7        0
   103      102     sb_dia1    57.44      21.73     15       R7        0
   104      103     sb_dia1    59.32      23.88     15       R7        0
   105      104     sb_dia1    61         25.65     15       R7        0
   106      105     sb_dia1    62.42      28.07     15       R7        0
   107      106     sb_dia1    64.15      29.89     15       R8        0
   108      107     sb_dia1    65.83      30.66     15       R8        0
   109      108     sb_dia1    66.71      33.11     15       R8        0
   110      109     sb_dia1    69.07      34.04     15       R8        0
   111      110     sb_dia1    71.28      34.53     15       R8        0
   112      111     sb_dia1    73.78      34.76     15       R8        0
   113      112     sb_dia1    75.2       37.21     15       R9        0
   114      113     sb_dia1    76.46      39        15       R9        0
   115      114     sb_dia1    79.16      39.21     15       R9        0
   116      115     sb_dia1    79.95      42.73     15       R9        0
   117      110     sb_dia1    68.23      36.6      15       R8        0
   118      117     sb_dia1    67.11      37.89     15       R8        0
   119      118     sb_dia1    67.55      40.54     15       R8        0
   120      119     sb_dia1    67.86      42.55     15       R8        0
   121      120     sb_dia1    67.81      45.3      15       R8        0
   122      121     sb_dia1    69.28      47.82     15       R9        0
   123      122     sb_dia1    70.54      50.12     15       R9        0
   124      123     sb_dia1    71.35      53.11     15       R9        0
   125      118     sb_dia1    65.22      38.33     15       R8        0
   126      125     sb_dia1    62.61      38.4      15       R8        0
   127      101     sb_dia1    53.22      22.2      15       R6        0
   128      127     sb_dia1    53.22      24.25     15       R7        0
   129      128     sb_dia1    53.22      26.14     15       R7        0
   130      129     sb_dia1    53.15      28.45     15       R7        0
   131      130     sb_dia1    53.78      30.54     15       R7        0
   132      131     sb_dia1    54.17      32.69     15       R7        0
   133      132     sb_dia1    55.57      34.41     15       R7        0
   134      133     sb_dia1    57.58      35.51     15       R7        0
   135      134     sb_dia1    58.6       37.58     15       R7        0
   136      135     sb_dia1    59.44      39.52     15       R8        0
   137      136     sb_dia1    61.45      40.94     15       R8        0
   138      137     sb_dia1    62.21      42.99     15       R8        0
   139      138     sb_dia1    62.82      44.81     15       R8        0
   140      139     sb_dia1    62.75      47.09     15       R8        0
   141      130     sb_dia1    50.82      29.91     15       R7        0
   142      141     sb_dia1    47.86      30.87     15       R6        0
   143        0     sb_dia1    1.626      8.07      13       R2        0
   144      143     sb_dia1    1.999      11.13     15       R2        0
   145      144     sb_dia1    2.866      13.32     15       R2        0
   146      145     sb_dia1    3.381      15.27     15       R2        0
   147      146     sb_dia1    4.755      17.09     15       R2        0
   148      147     sb_dia1    5.781      18.89     15       R3        0
   149      148     sb_dia1    6.783      20.26     15       R3        0
   150      149     sb_dia1    7.641      21.74     15       R3        0
   151      150     sb_dia1    9.441      23.6      15       R3        0
   152      151     sb_dia1    9.604      25.25     15       R3        0
   153      152     sb_dia1    11.59      26.32     15       R3        0
   154      153     sb_dia1    14.2       25.83     15       R3        0
   155      154     sb_dia1    16.83      24.46     15       R3        0
   156      155     sb_dia1    19.39      23.08     15       R3        0
   157      156     sb_dia1    19.72      21.22     15       R3        0
   158      157     sb_dia1    23.03      21.17     15       R3        0
   159      158     sb_dia1    24.99      23.13     15       R5        0
   160      159     sb_dia1    26.48      24.53     15       R5        0
   161      160     sb_dia1    28.48      25.39     15       R5        0
   162      161     sb_dia1    31.47      25.72     15       R5        0
   163      162     sb_dia1    34.83      25.58     15       R5        0
   164      163     sb_dia1    38.21      27.33     15       R6        0
   165      164     sb_dia1    40.63      28.98     15       R6        0
   166      165     sb_dia1    41.61      31.94     15       R6        0
   167      166     sb_dia1    41.59      34.09     15       R6        0
   168      167     sb_dia1    41.77      36.09     15       R6        0
   169      168     sb_dia1    44.31      36.93     15       R6        0
   170      169     sb_dia1    46.39      38.54     15       R7        0
   171      170     sb_dia1    48.28      40.17     15       R7        0
   172      171     sb_dia1    49.91      42.24     15       R7        0
   173      172     sb_dia1    50.72      43.99     15       R7        0
   174      173     sb_dia1    53.33      44.53     15       R7        0
   175      174     sb_dia1    55.83      46.21     15       R8        0
   176      175     sb_dia1    57.88      48        15       R8        0
   177      176     sb_dia1    59.7       50.17     15       R8        0
   178      177     sb_dia1    61.61      51.9      15       R8        0
   179      178     sb_dia1    63.19      53.83     15       R9        0
   180      179     sb_dia1    65.36      55.48     15       R9        0
   181      180     sb_dia1    68.21      56.7      15       R9        0
   182      181     sb_dia1    70.37      58.31     15       R9        0
   183      182     sb_dia1    72.26      55.34     15       R9        0
   184      183     sb_dia1    74.31      52.69     15       R9        0
   185      184     sb_dia1    77.53      51.34     15       R9        0
   186      185     sb_dia1    81.19      50.68     15       R9        0
   187      186     sb_dia1    83.85      48.93     15       R9        0
   188      187     sb_dia1    85.5       46.51     15       R9        0
   189      188     sb_dia1    86.11      43.48     15       R9        0
   190      182     sb_dia1    72.73      59.12     15       R9        0
   191      190     sb_dia1    74.8       60.12     15       R9        0
   192      191     sb_dia1    77.11      60.89     15       R9        0
   193      192     sb_dia1    78.02      58.75     15       R9        0
   194      193     sb_dia1    80.37      60.31     15       R9        0
   195      194     sb_dia1    82.7       61.99     15       R9        0
   196      195     sb_dia1    84.24      63.64     15       R9        0
   197      196     sb_dia1    86.22      65.48     15       R9        0
   198      197     sb_dia1    87.18      68.05     15       R9        0
   199      198     sb_dia1    87.46      70.54     15       R9        0
   200      199     sb_dia1    86.29      73.01     15       R9        0
   201      200     sb_dia1    86.64      75.67     15       R9        0
   202      201     sb_dia1    85.24      77.68     15       R9        0
   203      202     sb_dia1    82.91      79.66     15       R9        0
   206      192     sb_dia1    78.34      63.13     15       R9        0
   207      206     sb_dia1    78.65      65.6      15       R9        0
   208      207     sb_dia1    78.72      67.79     15       R9        0
   209      208     sb_dia1    82.03      68.77     15       R9        0
   210      179     sb_dia1    63.75      57.05     15       R9        0
   211      210     sb_dia1    63.82      59.73     15       R9        0
   212      211     sb_dia1    63.47      62.43     15       R9        0
   213      212     sb_dia1    63.87      64.72     15       R9        0
   214      213     sb_dia1    64.78      66.49     15       R9        0
   215      214     sb_dia1    64.92      68.42     15       R9        0
   216      215     sb_dia1    65.45      70.15     15       R9        0
   217      216     sb_dia1    65.94      72.43     15       R9        0
   218      217     sb_dia1    66.22      74.62     15       R9        0
   219      218     sb_dia1    66.78      76.35     15       R9        0
   220      219     sb_dia1    67.39      78.28     15       R9        0
   221      220     sb_dia1    68.16      80.29     15       R9        0
   222      221     sb_dia1    69.25      82.43     15       R9        0
   223      217     sb_dia1    63.26      73.25     15       R9        0
   224      223     sb_dia1    61.33      74.09     15       R9        0
   225      224     sb_dia1    59.74      75.04     15       R9        0
   226      225     sb_dia1    56.92      75.95     15       R9        0
   227      174     sb_dia1    52.38      46.51     15       R7        0
   228      227     sb_dia1    51.72      48.49     15       R8        0
   229      228     sb_dia1    51.75      50.78     15       R8        0
   230      152     sb_dia1    10.42      27.68     15       R3        0
   231      230     sb_dia1    11.66      29.47     15       R3        0
   232      231     sb_dia1    13.05      30.89     15       R5        0
   233      232     sb_dia1    14.22      32.24     15       R5        0
   234      233     sb_dia1    16.01      33.41     15       R5        0
   235      234     sb_dia1    18.23      34.79     15       R5        0
   236      235     sb_dia1    20.21      36.37     15       R5        0
   237      236     sb_dia1    21.79      38.38     15       R5        0
   238      237     sb_dia1    24.01      39.19     15       R6        0
   239      238     sb_dia1    25.38      40.85     15       R6        0
   240      239     sb_dia1    26.9       42.01     15       R6        0
   241      240     sb_dia1    28.34      43.13     15       R6        0
   242      241     sb_dia1    30.35      44.23     15       R6        0
   243      242     sb_dia1    32.49      43.6      15       R6        0
   244      243     sb_dia1    34.69      43.74     15       R6        0
   245      244     sb_dia1    36.01      45.21     15       R6        0
   246      245     sb_dia1    37.09      47.47     15       R7        0
   247      246     sb_dia1    38.28      49.66     15       R7        0
   248      247     sb_dia1    39.18      51.8      15       R7        0
   249      248     sb_dia1    39.32      53.67     15       R7        0
   250      249     sb_dia1    39.74      55.62     15       R7        0
   251      250     sb_dia1    40.49      57.84     15       R8        0
   252      251     sb_dia1    41.79      60.01     15       R8        0
   253      252     sb_dia1    43.29      61.29     15       R8        0
   254      253     sb_dia1    44.97      63.08     15       R8        0
   255      254     sb_dia1    46.69      64.65     15       R8        0
   256      255     sb_dia1    48.34      66.16     15       R8        0
   257      256     sb_dia1    50         68.03     15       R9        0
   258      257     sb_dia1    52         69.14     15       R9        0
   259      258     sb_dia1    54.62      69.98     15       R9        0
   260      259     sb_dia1    56.97      71.03     15       R9        0
   261      260     sb_dia1    58.97      72.59     15       R9        0
   262      242     sb_dia1    30.84      46.6      15       R6        0
   263      262     sb_dia1    30.49      48.61     15       R6        0
   264      263     sb_dia1    30.28      50.73     15       R7        0
   265      264     sb_dia1    29.53      52.94     15       R7        0
   266      265     sb_dia1    29.53      55.44     15       R7        0
   267      266     sb_dia1    29.46      57.35     15       R7        0
   268      267     sb_dia1    28.14      59.07     15       R7        0
   269      268     sb_dia1    27.46      61.36     15       R7        0
   270      269     sb_dia1    28.76      63.22     15       R7        0
   271      270     sb_dia1    30.42      64.53     15       R8        0
   272      271     sb_dia1    32.07      66.18     15       R8        0
   273      272     sb_dia1    33.52      67.35     15       R8        0
   274      273     sb_dia1    34.62      69.14     15       R8        0
   275      274     sb_dia1    35.73      71.43     15       R8        0
   276      271     sb_dia1    30.14      66.77     15       R8        0
   277      276     sb_dia1    30.28      68.42     15       R8        0
   278      277     sb_dia1    31.31      70.64     15       R8        0
   279      278     sb_dia1    31.66      73.32     15       R8        0
   280      279     sb_dia1    33.03      74.9      15       R8        0
   281      280     sb_dia1    33.87      75.88     15       R9        0
   282      281     sb_dia1    34.57      77.47     15       R9        0
   283      282     sb_dia1    34.15      78.91     15       R9        0
   284      283     sb_dia1    33.03      80.01     15       R9        0
   285      284     sb_dia1    31.63      81.06     15       R9        0
   286      285     sb_dia1    31.66      83.6      15       R9        0
   287      286     sb_dia1    29.51      84.67     15       R9        0
   288      287     sb_dia1    29.44      87.4      15       R9        0
   289      288     sb_dia1    29.53      90.15     15       R9        0
   290      269     sb_dia1    25.1       63.32     15       R7        0
   291      290     sb_dia1    24.5       64.9      15       R7        0
   292      291     sb_dia1    24.01      66.28     15       R8        0
   294      292     sb_dia1    23.94      67.19     15       R8        0
   295      294     sb_dia1    23.94      68.56     15       R8        0
   296      295     sb_dia1    23.52      70.22     15       R8        0
   297      296     sb_dia1    22.63      71.87     15       R8        0
   298      297     sb_dia1    21.86      73.74     15       R8        0
   299      298     sb_dia1    21.59      75.11     15       R8        0
   300      299     sb_dia1    22.07      76.77     15       R8        0
   301      300     sb_dia1    22.77      78.35     15       R8        0
   302      301     sb_dia1    24.01      80.15     15       R9        0
   303      302     sb_dia1    24.15      82.36     15       R9        0
   304      303     sb_dia1    23.8       84.27     15       R9        0
   305      304     sb_dia1    23.45      86.3      15       R9        0
   306      305     sb_dia1    23.12      88.35     15       R9        0
   307      306     sb_dia1    23.19      90.36     15       R9        0
   308      307     sb_dia1    21.79      92.4      15       R9        0
   309      308     sb_dia1    22.05      95.2      15       R9        0
   310      236     sb_dia1    19.88      39.66     15       R5        0
   311      310     sb_dia1    19.86      41.8      15       R6        0
   312      311     sb_dia1    20.07      43.67     15       R6        0
   313      312     sb_dia1    18.62      45.11     15       R6        0
   314      313     sb_dia1    17.81      46.28     15       R6        0
   315      314     sb_dia1    18         47.86     15       R6        0
   316      315     sb_dia1    18.62      49.26     15       R6        0
   317      316     sb_dia1    18.41      51.66     15       R6        0
   318      317     sb_dia1    17.74      53.39     15       R6        0
   319      318     sb_dia1    17.25      55.32     15       R6        0
   320      319     sb_dia1    17.25      57.05     15       R7        0
   321      320     sb_dia1    17.04      58.35     15       R7        0
   322      321     sb_dia1    16.62      60.43     15       R7        0
   323      322     sb_dia1    16.08      62.29     15       R7        0
   324      323     sb_dia1    16.15      64.55     15       R7        0
   325      324     sb_dia1    16.22      66.49     15       R7        0
   326      325     sb_dia1    17.39      68.07     15       R7        0
   327      326     sb_dia1    18.55      69.19     15       R8        0
   328      327     sb_dia1    19.93      70.36     15       R8        0
   329      328     sb_dia1    19.93      72.15     15       R8        0
   330      329     sb_dia1    19.32      73.32     15       R8        0
   331      330     sb_dia1    18.28      74.62     15       R8        0
   332      331     sb_dia1    17.04      75.32     15       R8        0
   333      332     sb_dia1    16.01      75.88     15       R8        0
   334      333     sb_dia1    16.08      76.98     15       R8        0
   335      334     sb_dia1    17.11      77.65     15       R8        0
   336      335     sb_dia1    17.04      79.66     15       R8        0
   337      336     sb_dia1    16.08      81.38     15       R9        0
   338      337     sb_dia1    15.31      82.69     15       R9        0
   339      338     sb_dia1    14.9       83.92     15       R9        0
   340      339     sb_dia1    14.15      85.3      15       R9        0
   341      340     sb_dia1    14.69      86.88     15       R9        0
   342      341     sb_dia1    15.17      88.54     15       R9        0
   343      342     sb_dia1    16.22      90.47     15       R9        0
   344      343     sb_dia1    16.29      92.2      15       R9        0
   345      344     sb_dia1    16.22      94.2      15       R9        0
   346      345     sb_dia1    15.45      96        15       R9        0
   347      346     sb_dia1    14.9       97.6      15       R9        0
   348      347     sb_dia1    14.9       99.8      15       R9        0
   349      348     sb_dia1    15.94      101.6     15       R9        0
   350      349     sb_dia1    17.53      103.3     15       R9        0
   351      350     sb_dia1    18.97      104.2     15       R9        0
   352      351     sb_dia1    20.42      105.1     15       R9        0
   353      352     sb_dia1    21.52      106.2     15       R9        0
   354      353     sb_dia1    23.17      107.3     15       R9        0
   355      354     sb_dia1    24.83      108.4     15       R9        0
   356      355     sb_dia1    26.55      109.1     15       R9        0
   357      356     sb_dia1    28.14      110.7     15       R9        0
   358      325     sb_dia1    15.94      68.42     15       R7        0
   359      358     sb_dia1    15.94      70.29     15       R8        0
   360      359     sb_dia1    14.83      71.41     15       R8        0
   361      360     sb_dia1    13.1       72.5      15       R8        0
   362      361     sb_dia1    12.63      73.27     15       R8        0
   363      362     sb_dia1    11.86      74.51     15       R8        0
   364      363     sb_dia1    11.93      76.37     15       R8        0
   365      364     sb_dia1    11.79      77.33     15       R8        0
   366      365     sb_dia1    12.7       79.05     15       R8        0
   367      366     sb_dia1    12.7       80.85     15       R8        0
   368      367     sb_dia1    11.86      82.36     15       R9        0
   369      368     sb_dia1    11.26      84.37     15       R9        0
   370      369     sb_dia1    10.35      86.23     15       R9        0
   371      370     sb_dia1    9.464      87.61     15       R9        0
   372      371     sb_dia1    8.275      89.05     15       R9        0
   373      372     sb_dia1    6.83       90.15     15       R9        0
   374      373     sb_dia1    5.734      91.55     15       R9        0
   375      374     sb_dia1    5.664      93.2      15       R9        0
   376      375     sb_dia1    5.874      94.6      15       R9        0
   377      376     sb_dia1    5.804      96.2      15       R9        0
   378      377     sb_dia1    4.615      97.2      15       R9        0
   379      378     sb_dia1    2.821      97.5      15       R9        0
   380      379     sb_dia1    1.585      98.6      15       R9        0
   381      380     sb_dia1    0.3963     99.8      15       R9        0
   382      381     sb_dia1    -0.6294    100.9     15       R9        0
   383      382     sb_dia1    -2.587     102.3     15       R9        0
   384      383     sb_dia1    -3.73      103.9     15       R9        0
   385      384     sb_dia1    -4.336     105.7     15       R9        0
   386      385     sb_dia1    -5.268     107.3     15       R9        0
   387      386     sb_dia1    -6.434     108.3     15       R9        0
   388      387     sb_dia1    -7.436     108       15       R9        0
   389      388     sb_dia1    -9.114     107.9     15       R9        0
   390      389     sb_dia1    -11.86     108.7     15       R9        0
   391      365     sb_dia1    10.12      78.72     15       R8        0
   392      391     sb_dia1    7.995      79.82     15       R8        0
   393      392     sb_dia1    6.946      81.22     15       R8        0
   394      393     sb_dia1    5.921      82.52     15       R9        0
   395      394     sb_dia1    5.361      84.18     15       R9        0
   396      395     sb_dia1    5.221      85.34     15       R9        0
   397      396     sb_dia1    4.615      87.28     15       R9        0
   398      397     sb_dia1    2.611      87.49     15       R9        0
   399      398     sb_dia1    0.5361     88.24     15       R9        0
   400      399     sb_dia1    0.1399     90.87     15       R9        0
   401      400     sb_dia1    0.1399     92.7      15       R9        0
   402      401     sb_dia1    -1.119     94.2      15       R9        0
   403      402     sb_dia1    -2.354     95.1      15       R9        0
   404      403     sb_dia1    -3.66      96        15       R9        0
   405      404     sb_dia1    -5.315     96.3      15       R9        0
   406      405     sb_dia1    -7.11      97.1      15       R9        0
   407      150     sb_dia1    7.786      23.34     15       R3        0
   408      407     sb_dia1    6.62       24.51     15       R3        0
   409      408     sb_dia1    5.641      25.88     15       R3        0
   410      409     sb_dia1    4.476      27.21     15       R3        0
   412      410     sb_dia1    2.821      28.31     15       R3        0
   413      412     sb_dia1    1.166      29.54     15       R3        0
   414      413     sb_dia1    -0.2098    30.78     15       R3        0
   415      414     sb_dia1    -1.795     32.03     15       R3        0
   416      415     sb_dia1    -2.704     32.85     15       R5        0
   417      416     sb_dia1    -3.59      33.9      15       R5        0
   418      417     sb_dia1    -3.52      36.3      15       R5        0
   419      418     sb_dia1    -3.31      38.52     15       R5        0
   420      419     sb_dia1    -3.054     40.52     15       R5        0
   421      420     sb_dia1    -2.704     42.43     15       R5        0
   422      421     sb_dia1    -2.284     44.09     15       R5        0
   423      422     sb_dia1    -1.725     46.23     15       R6        0
   424      423     sb_dia1    -0.7692    48.38     15       R6        0
   425      424     sb_dia1    0.5361     49.4      15       R6        0
   426      425     sb_dia1    2.121      50.66     15       R6        0
   427      426     sb_dia1    3.706      52.31     15       R6        0
   428      427     sb_dia1    3.497      53.62     15       R6        0
   429      428     sb_dia1    3.1        55.34     15       R6        0
   430      429     sb_dia1    4.056      56.86     15       R6        0
   431      430     sb_dia1    5.361      58.47     15       R7        0
   432      431     sb_dia1    5.991      59.94     15       R7        0
   433      432     sb_dia1    6.55       61.59     15       R7        0
   434      433     sb_dia1    7.016      63.18     15       R7        0
   435      434     sb_dia1    7.576      64.83     15       R7        0
   436      435     sb_dia1    8.205      66.28     15       R7        0
   437      436     sb_dia1    7.925      67.93     15       R7        0
   438      437     sb_dia1    7.016      69.73     15       R7        0
   439      438     sb_dia1    6.061      71.66     15       R8        0
   440      439     sb_dia1    5.082      73.36     15       R8        0
   441      440     sb_dia1    5.501      75.25     15       R8        0
   442      441     sb_dia1    6.55       77.42     15       R8        0
   443      430     sb_dia1    2.96       59.7      15       R7        0
   444      443     sb_dia1    2.121      61.15     15       R7        0
   445      444     sb_dia1    0.8858     62.06     15       R7        0
   446      445     sb_dia1    -0.06993   63.22     15       R7        0
   447      446     sb_dia1    -0.6294    64.69     15       R7        0
   448      447     sb_dia1    -0.4196    66.11     15       R7        0
   449      448     sb_dia1    -0.2098    67.79     15       R7        0
   450      449     sb_dia1    0.06993    69.56     15       R7        0
   451      450     sb_dia1    0.2564     71.41     15       R8        0
   452      451     sb_dia1    -0.1399    73.22     15       R8        0
   453      452     sb_dia1    -1.119     75.07     15       R8        0
   454      453     sb_dia1    -1.958     76.86     15       R8        0
   455      454     sb_dia1    -2.214     78.96     15       R8        0
   456      455     sb_dia1    -1.725     81.24     15       R8        0
   457      456     sb_dia1    -1.655     83.36     15       R9        0
   458      457     sb_dia1    -0.4895    85.58     15       R9        0
   459      425     sb_dia1    0.3963     51.57     15       R6        0
   460      459     sb_dia1    0.2564     53.01     15       R6        0
   461      460     sb_dia1    0.1865     54.27     15       R6        0
   462      461     sb_dia1    -0.2098    55.3      15       R6        0
   463      462     sb_dia1    0          56.67     15       R6        0
   464      463     sb_dia1    -0.5594    57.37     15       R6        0
   465      464     sb_dia1    -1.725     58.26     15       R7        0
   466      465     sb_dia1    -2.494     59.17     15       R7        0
   467      466     sb_dia1    -2.914     60.61     15       R7        0
   468      467     sb_dia1    -3.38      61.99     15       R7        0
   469      468     sb_dia1    -3.59      63.01     15       R7        0
   470      469     sb_dia1    -4.639     64.06     15       R7        0
   471      470     sb_dia1    -5.455     65.3      15       R7        0
   472      471     sb_dia1    -6.503     66.58     15       R7        0
   473      472     sb_dia1    -7.949     68        15       R7        0
   474      473     sb_dia1    -8.718     69.45     15       R7        0
   475      474     sb_dia1    -8.974     71.36     15       R8        0
   476      475     sb_dia1    -9.464     73.55     15       R8        0
   477      476     sb_dia1    -9.534     75.65     15       R8        0
   478      477     sb_dia1    -10.3      78        15       R8        0
   479      478     sb_dia1    -11.75     79.98     15       R8        0
   480      479     sb_dia1    -12.89     81.57     15       R8        0
   481      480     sb_dia1    -14.73     83.36     15       R9        0
   482      459     sb_dia1    -1.305     52.13     15       R6        0
   483      482     sb_dia1    -2.517     53.71     15       R6        0
   484      483     sb_dia1    -4.149     54.83     15       R6        0
   485      484     sb_dia1    -5.641     55.72     15       R6        0
   486      485     sb_dia1    -7.319     56.95     15       R6        0
   487      486     sb_dia1    -8.858     58.31     15       R7        0
   488      487     sb_dia1    -9.814     59.96     15       R7        0
   489      488     sb_dia1    -10.77     61.57     15       R7        0
   490      489     sb_dia1    -12.47     63.04     15       R7        0
   491      490     sb_dia1    -14.57     64.02     15       R7        0
   492      491     sb_dia1    -16.32     65.16     15       R7        0
   493      492     sb_dia1    -17.2      67.09     15       R7        0
   494      493     sb_dia1    -18        68.93     15       R8        0
   495      494     sb_dia1    -17.67     71.15     15       R8        0
   496      495     sb_dia1    -17.2      73.29     15       R8        0
   497      496     sb_dia1    -16.9      75.55     15       R8        0
   498      497     sb_dia1    -16.78     77.44     15       R8        0
   499      498     sb_dia1    -16.57     79.56     15       R8        0
   500      499     sb_dia1    -16.64     81.73     15       R9        0
   501      500     sb_dia1    -16.78     83.71     15       R9        0
   502        0     sb_dia1    -2.717     6.82      13       R2        0
   503      502     sb_dia1    -3.854     10.86     14       R2        0
   504      503     sb_dia1    -4.543     13.57     15       R2        0
   505      504     sb_dia1    -5.195     14.97     15       R2        0
   506      505     sb_dia1    -6.224     16.14     15       R2        0
   507      506     sb_dia1    -7.599     17.37     15       R3        0
   508      507     sb_dia1    -8.135     18.96     15       R3        0
   509      508     sb_dia1    -8.904     20.43     15       R3        0
   510      509     sb_dia1    -10.14     21.94     15       R3        0
   512      510     sb_dia1    -10.98     23.04     15       R3        0
   513      512     sb_dia1    -12.21     24.41     15       R3        0
   514      513     sb_dia1    -13.66     25.58     15       R3        0
   515      514     sb_dia1    -15.17     26.28     15       R3        0
   516      515     sb_dia1    -16.01     28        15       R3        0
   517      516     sb_dia1    -16.97     29.1      15       R5        0
   518      517     sb_dia1    -18.09     30.5      15       R5        0
   519      518     sb_dia1    -18.97     31.94     15       R5        0
   520      519     sb_dia1    -19.25     33.6      15       R5        0
   521      520     sb_dia1    -20.07     35.25     15       R5        0
   522      521     sb_dia1    -20.77     36.56     15       R5        0
   523      522     sb_dia1    -21.93     38.28     15       R5        0
   524      523     sb_dia1    -22.63     39.94     15       R6        0
   525      524     sb_dia1    -22.91     41.52     15       R6        0
   526      525     sb_dia1    -21.93     43.25     15       R6        0
   527      526     sb_dia1    -22        45.25     15       R6        0
   528      527     sb_dia1    -21.79     47.44     15       R6        0
   529      528     sb_dia1    -22.05     49.33     15       R6        0
   530      529     sb_dia1    -22.75     50.45     15       R6        0
   531      530     sb_dia1    -22.96     52.31     15       R6        0
   532      531     sb_dia1    -22.96     53.76     15       R7        0
   533      532     sb_dia1    -23.38     55.76     15       R7        0
   534      533     sb_dia1    -21.59     56.79     15       R7        0
   535      534     sb_dia1    -19.86     57.89     15       R7        0
   536      535     sb_dia1    -20.47     59.68     15       R7        0
   537      536     sb_dia1    -21.24     62.03     15       R7        0
   538      537     sb_dia1    -21.52     64.16     15       R7        0
   539      538     sb_dia1    -22.12     65.76     15       R7        0
   540      539     sb_dia1    -22.68     67.49     15       R8        0
   541      540     sb_dia1    -23.24     68.96     15       R8        0
   542      541     sb_dia1    -22.61     70.54     15       R8        0
   543      542     sb_dia1    -22.05     71.5      15       R8        0
   544      543     sb_dia1    -22.26     73.08     15       R8        0
   545      544     sb_dia1    -23.24     74.55     15       R8        0
   546      545     sb_dia1    -24.27     75.02     15       R8        0
   547      546     sb_dia1    -24.2      76.88     15       R8        0
   548      547     sb_dia1    -23.78     77.72     15       R8        0
   549      548     sb_dia1    -22.68     79.52     15       R9        0
   550      549     sb_dia1    -21.45     81.06     15       R9        0
   551      550     sb_dia1    -20.89     82.92     15       R9        0
   552      551     sb_dia1    -20.28     84.65     15       R9        0
   553      552     sb_dia1    -20.89     86.79     15       R9        0
   554      553     sb_dia1    -21.49     88.56     15       R9        0
   555      554     sb_dia1    -21.03     90.36     15       R9        0
   556      555     sb_dia1    -19.72     91.83     15       R9        0
   557      556     sb_dia1    -18.6      93.3      15       R9        0
   558      557     sb_dia1    -18        95.1      15       R9        0
   559      558     sb_dia1    -17.72     96.9      15       R9        0
   560      559     sb_dia1    -17.79     99        15       R9        0
   561      560     sb_dia1    -17.86     100.8     15       R9        0
   562      561     sb_dia1    -18.11     102.7     15       R9        0
   563      562     sb_dia1    -18.55     104.8     15       R9        0
   564      563     sb_dia1    -19.23     106.9     15       R9        0
   565      551     sb_dia1    -22.87     83.76     15       R9        0
   566      565     sb_dia1    -23.92     86.18     15       R9        0
   567      566     sb_dia1    -24.83     88.52     15       R9        0
   568      547     sb_dia1    -26.41     81.07     15       R9        0
   569      533     sb_dia1    -25.92     57.58     15       R7        0
   570      569     sb_dia1    -26.69     58.96     15       R7        0
   571      570     sb_dia1    -27.65     60.33     15       R7        0
   572      571     sb_dia1    -27.79     62.06     15       R7        0
   573      572     sb_dia1    -27.3      64.13     15       R7        0
   574      573     sb_dia1    -27.02     65.79     15       R8        0
   575      574     sb_dia1    -26.69     67.79     15       R8        0
   576      575     sb_dia1    -26.41     69.52     15       R8        0
   577      576     sb_dia1    -26.41     71.64     15       R8        0
   578      577     sb_dia1    -27.23     73.78     15       R8        0
   579      578     sb_dia1    -28.28     74.88     15       R8        0
   580      579     sb_dia1    -29.72     75.79     15       R8        0
   581      580     sb_dia1    -31.1      76.74     15       R9        0
   582      581     sb_dia1    -32.26     78.14     15       R9        0
   583      582     sb_dia1    -32.96     79.52     15       R9        0
   584      583     sb_dia1    -33.73     81.17     15       R9        0
   585      584     sb_dia1    -34.27     83.15     15       R9        0
   586      585     sb_dia1    -35.59     84.81     15       R9        0
   587      586     sb_dia1    -36.95     86.6      15       R9        0
   588      587     sb_dia1    -38.21     88.4      15       R9        0
   589      588     sb_dia1    -38.97     90.36     15       R9        0
   590      589     sb_dia1    -39.49     92.8      15       R9        0
   591      590     sb_dia1    -39.56     94.8      15       R9        0
   592      591     sb_dia1    -39.79     97.2      15       R9        0
   593      515     sb_dia1    -18.28     26.79     15       R3        0
   594      593     sb_dia1    -19.93     27.51     15       R5        0
   595      594     sb_dia1    -21.91     28.19     15       R5        0
   596      595     sb_dia1    -23.54     28.19     15       R5        0
   597      596     sb_dia1    -24.92     28.59     15       R5        0
   598      597     sb_dia1    -27.09     29.07     15       R5        0
   599      598     sb_dia1    -28.21     29.7      15       R5        0
   600      599     sb_dia1    -29.56     30.89     15       R5        0
   601      600     sb_dia1    -29.95     32.5      15       R5        0
   602      601     sb_dia1    -30.4      34.25     15       R6        0
   603      602     sb_dia1    -30.72     35.81     15       R6        0
   604      603     sb_dia1    -32.12     36.91     15       R6        0
   605      604     sb_dia1    -33.59     38.21     15       R6        0
   606      605     sb_dia1    -35.24     39.35     15       R6        0
   607      606     sb_dia1    -36.48     40.82     15       R6        0
   608      607     sb_dia1    -37.41     42.52     15       R6        0
   609      608     sb_dia1    -38.39     44.13     15       R7        0
   610      609     sb_dia1    -39.11     45.32     15       R7        0
   611      610     sb_dia1    -40.28     46.72     15       R7        0
   612      611     sb_dia1    -41.49     48.1      15       R7        0
   613      612     sb_dia1    -42.38     50.1      15       R7        0
   614      613     sb_dia1    -40.86     51.85     15       R7        0
   615      614     sb_dia1    -39.6      53.5      15       R7        0
   616      615     sb_dia1    -38.3      54.95     15       R7        0
   617      616     sb_dia1    -38.16     56.6      15       R7        0
   618      617     sb_dia1    -37.88     58.47     15       R7        0
   619      618     sb_dia1    -36.99     60.31     15       R8        0
   620      619     sb_dia1    -36.15     62.45     15       R8        0
   621      620     sb_dia1    -35.5      64.39     15       R8        0
   622      617     sb_dia1    -39.74     59.19     15       R8        0
   623      622     sb_dia1    -40.93     60.1      15       R8        0
   624      623     sb_dia1    -42.42     61.38     15       R8        0
   625      624     sb_dia1    -43.54     62.66     15       R8        0
   626      625     sb_dia1    -43.75     64.6      15       R8        0
   627      626     sb_dia1    -42.91     66.3      15       R8        0
   628      627     sb_dia1    -42.38     68.66     15       R8        0
   629      628     sb_dia1    -41.96     70.87     15       R8        0
   630      629     sb_dia1    -42.03     73.06     15       R9        0
   631      630     sb_dia1    -43.4      74.18     15       R9        0
   632      631     sb_dia1    -45.48     75.51     15       R9        0
   633      632     sb_dia1    -47.41     77.51     15       R9        0
   634      613     sb_dia1    -42.31     53.22     15       R7        0
   635      634     sb_dia1    -42.52     54.6      15       R7        0
   636      635     sb_dia1    -43.4      55.9      15       R8        0
   637      636     sb_dia1    -44.52     57.79     15       R8        0
   638      637     sb_dia1    -45.52     59.24     15       R8        0
   639      638     sb_dia1    -46.18     60.75     15       R8        0
   640      639     sb_dia1    -47.16     62.27     15       R8        0
   641      640     sb_dia1    -48.95     63.06     15       R8        0
   642      641     sb_dia1    -51.14     63.55     15       R8        0
   643      642     sb_dia1    -52.98     64.46     15       R9        0
   646      613     sb_dia1    -44.64     51.71     15       R7        0
   647      646     sb_dia1    -46.29     51.92     15       R7        0
   648      647     sb_dia1    -48.51     52.45     15       R8        0
   649      648     sb_dia1    -50.37     53.57     15       R8        0
   650      649     sb_dia1    -52.03     54.6      15       R8        0
   651      650     sb_dia1    -52.8      56.11     15       R8        0
   652      651     sb_dia1    -54.03     57.37     15       R8        0
   653      652     sb_dia1    -55.59     58.47     15       R8        0
   654      653     sb_dia1    -57.95     58.61     15       R8        0
   655      654     sb_dia1    -59.11     57.72     15       R8        0
   656      655     sb_dia1    -61.28     57.51     15       R9        0
   657      656     sb_dia1    -61.47     59.1      15       R9        0
   658      657     sb_dia1    -61.47     60.94     15       R9        0
   659      658     sb_dia1    -61.4      62.94     15       R9        0
   660        0     sb_dia1    -8.14      2.4       13       R2        0
   661      660     sb_dia1    -12.5      3.67      14       R2        0
   662      661     sb_dia1    -15.2      5.13      15       R2        0
   663      662     sb_dia1    -16.78     6.23      15       R2        0
   664      663     sb_dia1    -18.65     7.35      15       R3        0
   665      664     sb_dia1    -20.49     8.24      15       R3        0
   666      665     sb_dia1    -22.89     8.89      15       R3        0
   667      666     sb_dia1    -25.13     9.07      15       R3        0
   668      667     sb_dia1    -27.18     9         15       R3        0
   669      668     sb_dia1    -29.56     9.42      15       R3        0
   670      669     sb_dia1    -30.91     10.87     15       R5        0
   671      670     sb_dia1    -31        12.92     15       R5        0
   672      671     sb_dia1    -31.07     14.72     15       R5        0
   673      672     sb_dia1    -30.93     16.79     15       R5        0
   674      673     sb_dia1    -31        18.17     15       R5        0
   675      674     sb_dia1    -32.59     19.89     15       R5        0
   676      675     sb_dia1    -34.17     21.27     15       R5        0
   677      676     sb_dia1    -35.48     22.03     15       R5        0
   678      677     sb_dia1    -37.06     22.85     15       R5        0
   679      678     sb_dia1    -38.93     23.69     15       R5        0
   680      679     sb_dia1    -40.02     24.72     15       R6        0
   681      680     sb_dia1    -40.02     26.16     15       R6        0
   682      681     sb_dia1    -40.37     27.61     15       R6        0
   683      682     sb_dia1    -42.24     28.79     15       R6        0
   684      683     sb_dia1    -44.38     28.72     15       R6        0
   685      684     sb_dia1    -46.46     29.21     15       R6        0
   686      685     sb_dia1    -48.67     29.96     15       R6        0
   687      686     sb_dia1    -51.07     29.96     15       R7        0
   688      687     sb_dia1    -53.75     29.82     15       R7        0
   689      688     sb_dia1    -54.1      32.24     15       R7        0
   690      689     sb_dia1    -54.45     33.97     15       R7        0
   691      690     sb_dia1    -55.2      35.34     15       R7        0
   692      691     sb_dia1    -55.69     37.28     15       R7        0
   693      692     sb_dia1    -56.71     38.59     15       R7        0
   694      693     sb_dia1    -57.46     39.66     15       R7        0
   695      694     sb_dia1    -58.93     41.06     15       R8        0
   696      691     sb_dia1    -56.85     36.14     15       R7        0
   697      696     sb_dia1    -59.04     36.93     15       R7        0
   698      697     sb_dia1    -60.68     38.21     15       R8        0
   699      698     sb_dia1    -61.75     39.84     15       R8        0
   700      699     sb_dia1    -62.56     42.27     15       R8        0
   701      700     sb_dia1    -62.56     44.62     15       R8        0
   702      701     sb_dia1    -62.68     47.09     15       R8        0
   703      702     sb_dia1    -63.29     49.7      15       R8        0
   704      703     sb_dia1    -64.34     51.5      15       R8        0
   705      704     sb_dia1    -66.04     53.32     15       R9        0
   706      705     sb_dia1    -68.28     53.32     15       R9        0
   707      706     sb_dia1    -70.84     53.32     15       R9        0
   708      707     sb_dia1    -71.49     52.06     15       R9        0
   709      670     sb_dia1    -32.84     12.36     15       R5        0
   710      709     sb_dia1    -33.87     13.64     15       R5        0
   711      710     sb_dia1    -35.24     14.41     15       R5        0
   712      711     sb_dia1    -36.83     15.23     15       R5        0
   713      712     sb_dia1    -37.95     16        15       R5        0
   714      713     sb_dia1    -39.04     17.93     15       R5        0
   715      714     sb_dia1    -40.02     19.45     15       R5        0
   716      715     sb_dia1    -42.66     20.01     15       R6        0
   717      716     sb_dia1    -43.82     19.54     15       R6        0
   718      717     sb_dia1    -46.04     19.47     15       R6        0
   719      718     sb_dia1    -47.76     19.54     15       R6        0
   720      719     sb_dia1    -48.79     20.85     15       R6        0
   721      720     sb_dia1    -49.98     22.08     15       R6        0
   722      721     sb_dia1    -51.61     23.2      15       R6        0
   723      722     sb_dia1    -53.82     23.74     15       R7        0
   724      723     sb_dia1    -56.39     23.6      15       R7        0
   725      724     sb_dia1    -59        23.46     15       R7        0
   726      725     sb_dia1    -60.58     24.93     15       R7        0
   727      726     sb_dia1    -61.84     26.28     15       R7        0
   728      727     sb_dia1    -64.08     26.77     15       R7        0
   729      728     sb_dia1    -66.29     26.56     15       R8        0
   730      729     sb_dia1    -68.93     25.65     15       R8        0
   731      730     sb_dia1    -69.7      27.02     15       R8        0
   732      731     sb_dia1    -70.23     28.89     15       R8        0
   733      732     sb_dia1    -72.59     29.12     15       R8        0
   734      733     sb_dia1    -74.87     29.17     15       R8        0
   735      734     sb_dia1    -75.99     28.17     15       R8        0
   736      735     sb_dia1    -77.13     27.4      15       R8        0
   737      736     sb_dia1    -78.72     28.24     15       R9        0
   738      737     sb_dia1    -79.49     30.5      15       R9        0
   739      738     sb_dia1    -79.37     32.01     15       R9        0
   740      739     sb_dia1    -80.68     33.11     15       R9        0
   741      740     sb_dia1    -82.4      32.29     15       R9        0
   742      741     sb_dia1    -83.92     31.45     15       R9        0
   743      742     sb_dia1    -85.1      30.36     15       R9        0
   744      743     sb_dia1    -86.97     30.01     15       R9        0
   745      744     sb_dia1    -89.32     30.01     15       R9        0
   746      745     sb_dia1    -91.59     29.8      15       R9        0
   747      744     sb_dia1    -86.2      27.68     15       R9        0
   748      747     sb_dia1    -83.94     25.3      15       R9        0
   749      748     sb_dia1    -82.82     22.48     15       R9        0
   750      749     sb_dia1    -82.68     20.26     15       R9        0
   751      750     sb_dia1    -80.72     18.28     15       R9        0
   752      751     sb_dia1    -78.76     17        15       R8        0
   753      752     sb_dia1    -77.72     15.21     15       R8        0
   754      753     sb_dia1    -76.81     12.78     15       R8        0
   755      754     sb_dia1    -77.97     10.73     15       R8        0
   756      755     sb_dia1    -81.61     9.47      15       R8        0
   757      754     sb_dia1    -73.87     12.17     15       R8        0
   758      757     sb_dia1    -71.1      10.87     15       R8        0
   759      758     sb_dia1    -68.67     8.24      15       R7        0
   760      725     sb_dia1    -61.45     22.13     15       R7        0
   761      760     sb_dia1    -63.38     20.92     15       R7        0
   762      761     sb_dia1    -65.17     19.96     15       R7        0
   763      762     sb_dia1    -67.81     20.26     15       R8        0
   764      763     sb_dia1    -69.74     21.01     15       R8        0
   765      764     sb_dia1    -72.21     21.9      15       R8        0
   766      762     sb_dia1    -65.94     17.49     15       R7        0
   767      717     sb_dia1    -44.76     17.42     15       R6        0
   768      767     sb_dia1    -45.59     15        15       R6        0
   769      768     sb_dia1    -46.36     12.94     15       R6        0
   770      769     sb_dia1    -48.21     10.94     15       R6        0
   771      770     sb_dia1    -50.77     12.92     15       R6        0
   772      771     sb_dia1    -52.38     13.88     15       R6        0
   773      772     sb_dia1    -53.85     14.23     15       R6        0
   774      773     sb_dia1    -54.99     15.55     15       R6        0
   775      774     sb_dia1    -57.04     16.3      15       R7        0
   776      775     sb_dia1    -58.44     14.86     15       R7        0
   777      776     sb_dia1    -60.14     13.43     15       R7        0
   778      770     sb_dia1    -50.68     11.06     15       R6        0
   779      778     sb_dia1    -53.38     11.57     15       R6        0
   780      779     sb_dia1    -55.38     10.94     15       R6        0
   781      780     sb_dia1    -57.25     8.96      15       R6        0
   782        0     sb_dia1    -7.87      -4.027    13       R2        0
   783      782     sb_dia1    -12.08     -5.89     14       R2        0
   784      783     sb_dia1    -16.64     -7.196    15       R2        0
   785      784     sb_dia1    -19.3      -7.802    15       R3        0
   786      785     sb_dia1    -21.79     -8.04     15       R3        0
   787      786     sb_dia1    -23.94     -9.62     15       R3        0
   788      787     sb_dia1    -25.24     -11.81    15       R3        0
   789      788     sb_dia1    -27.11     -12.56    15       R3        0
   790      789     sb_dia1    -29.18     -12.51    15       R3        0
   791      790     sb_dia1    -29.11     -9.6      15       R3        0
   792      791     sb_dia1    -29.86     -7.056    15       R3        0
   793      792     sb_dia1    -31.31     -5.424    15       R3        0
   794      793     sb_dia1    -33.03     -4.096    15       R5        0
   795      794     sb_dia1    -35.2      -3.117    15       R5        0
   796      795     sb_dia1    -37.25     -1.811    15       R5        0
   797      796     sb_dia1    -39.23     -1.182    15       R5        0
   798      797     sb_dia1    -41.52     -1.881    15       R5        0
   799      798     sb_dia1    -43.59     -2.79     15       R5        0
   800      799     sb_dia1    -46.15     -3        15       R6        0
   801      800     sb_dia1    -47.72     -1.322    15       R6        0
   802      801     sb_dia1    -49.16     -0.319    15       R6        0
   803      802     sb_dia1    -51.1      0.613     15       R6        0
   804      803     sb_dia1    -53.17     1.196     15       R6        0
   805      804     sb_dia1    -55.59     1.615     15       R6        0
   806      805     sb_dia1    -56.88     2.73      15       R6        0
   807      806     sb_dia1    -59.25     3.08      15       R7        0
   808      807     sb_dia1    -60.61     1.639     15       R7        0
   809      808     sb_dia1    -63.31     1.289     15       R7        0
   810     1809     sb_dia1    -86.83     3.43      15       R9        0
   811      810     sb_dia1    -89.67     3.43      15       R9        0
   812      811     sb_dia1    -91.86     3.5       15       R9        0
   813      812     sb_dia1    -94.45     3.62      15       R9        0
   814      813     sb_dia1    -96.5      4.25      15       R9        0
   815      814     sb_dia1    -98.07     5.16      15       R9        0
   816      815     sb_dia1    -99.86     5.41      15       R9        0
   817      816     sb_dia1    -101.3     4.46      15       R9        0
   818      817     sb_dia1    -103.5     3.69      15       R9        0
   819      810     sb_dia1    -89.53     1.289     15       R9        0
   820      819     sb_dia1    -90.82     -0.226    15       R9        0
   821      820     sb_dia1    -92.31     -1.811    15       R9        0
   822      821     sb_dia1    -93.33     -3.14     15       R9        0
   823      822     sb_dia1    -94.71     -4.655    15       R9        0
   824      823     sb_dia1    -96.99     -4.702    15       R9        0
   825      824     sb_dia1    -99.18     -4.725    15       R9        0
   826     1803     sb_dia1    -73.59     -2.79     15       R8        0
   827      826     sb_dia1    -74.41     -4.935    15       R8        0
   828      827     sb_dia1    -75.78     -6.566    15       R8        0
   829      828     sb_dia1    -78.39     -6.846    15       R8        0
   830      829     sb_dia1    -80.89     -6.776    15       R8        0
   831      830     sb_dia1    -82.82     -6.357    15       R9        0
   832      831     sb_dia1    -84.94     -5.89     15       R9        0
   833      832     sb_dia1    -87.16     -5.424    15       R9        0
   834      833     sb_dia1    -89.51     -5.261    15       R9        0
   835      834     sb_dia1    -91.31     -6.24     15       R9        0
   836      835     sb_dia1    -92.05     -7.895    15       R9        0
   837      836     sb_dia1    -93.19     -9.76     15       R9        0
   838      837     sb_dia1    -95.36     -10.37    15       R9        0
   839      838     sb_dia1    -97.72     -10.51    15       R9        0
   840      790     sb_dia1    -32.47     -13.42    15       R5        0
   841      840     sb_dia1    -35.03     -14.86    15       R5        0
   842      841     sb_dia1    -37.93     -15.21    15       R5        0
   843      842     sb_dia1    -40.21     -16.45    15       R5        0
   844      843     sb_dia1    -43.24     -17.15    15       R6        0
   845      844     sb_dia1    -45.64     -18.45    15       R6        0
   846      845     sb_dia1    -48        -19.34    15       R6        0
   847      846     sb_dia1    -49.23     -16.87    15       R6        0
   848      847     sb_dia1    -50.14     -15.07    15       R6        0
   849      848     sb_dia1    -51.03     -13.14    15       R6        0
   850      849     sb_dia1    -52.4      -11.62    15       R6        0
   851      850     sb_dia1    -53.71     -9.97     15       R6        0
   852      851     sb_dia1    -55.36     -8.94     15       R6        0
   853      852     sb_dia1    -57.65     -8.94     15       R7        0
   854      853     sb_dia1    -59.88     -9.55     15       R7        0
   855      854     sb_dia1    -62.49     -9.62     15       R7        0
   856      855     sb_dia1    -65.03     -9.62     15       R7        0
   857      856     sb_dia1    -67.44     -10.11    15       R7        0
   858      857     sb_dia1    -69.93     -11.21    15       R8        0
   859      858     sb_dia1    -72.12     -12.65    15       R8        0
   860      859     sb_dia1    -74.94     -12.93    15       R8        0
   861      860     sb_dia1    -77.37     -12.86    15       R8        0
   862      861     sb_dia1    -79.37     -12.18    15       R8        0
   863      862     sb_dia1    -80.61     -11.21    15       R8        0
   864      863     sb_dia1    -82.4      -10.81    15       R9        0
   865      864     sb_dia1    -84.36     -9.9      15       R9        0
   866      865     sb_dia1    -86.34     -8.87     15       R9        0
   867      846     sb_dia1    -50.14     -20.25    15       R6        0
   868      867     sb_dia1    -53.38     -21       15       R6        0
   869      868     sb_dia1    -56.06     -21.55    15       R7        0
   870      869     sb_dia1    -58.81     -22.79    15       R7        0
   871      870     sb_dia1    -61.66     -23.77    15       R7        0
   872      871     sb_dia1    -64.2      -23.77    15       R7        0
   873      872     sb_dia1    -66.83     -23.77    15       R8        0
   874      873     sb_dia1    -69.37     -23.42    15       R8        0
   875      874     sb_dia1    -71.72     -23.35    15       R8        0
   876      875     sb_dia1    -73.38     -22.32    15       R8        0
   877      876     sb_dia1    -74.34     -20.81    15       R8        0
   878      877     sb_dia1    -75.5      -19.34    15       R8        0
   879      878     sb_dia1    -76.48     -18.31    15       R8        0
   880      879     sb_dia1    -78.14     -18.31    15       R8        0
   881      880     sb_dia1    -79.37     -19.9     15       R8        0
   882      881     sb_dia1    -82.33     -17.15    15       R9        0
   883      882     sb_dia1    -81.52     -19.06    15       R9        0
   884      881     sb_dia1    -79.37     -23.07    15       R9        0
   885      867     sb_dia1    -50.82     -23.21    15       R6        0
   886      885     sb_dia1    -51.7      -25.82    15       R6        0
   887      886     sb_dia1    -54.5      -27.13    15       R7        0
   888      887     sb_dia1    -56.74     -28.17    15       R7        0
   889      888     sb_dia1    -59.46     -29.34    15       R7        0
   890      889     sb_dia1    -62.12     -30.18    15       R7        0
   891      890     sb_dia1    -64.69     -30.65    15       R8        0
   892      891     sb_dia1    -66.97     -31       15       R8        0
   893      892     sb_dia1    -68.48     -32.04    15       R8        0
   894      893     sb_dia1    -71.28     -31.28    15       R8        0
   895      894     sb_dia1    -73.99     -30.32    15       R8        0
   896      893     sb_dia1    -69.02     -34.24    15       R8        0
   897      896     sb_dia1    -69.93     -36.1     15       R8        0
   898      897     sb_dia1    -71.86     -36.87    15       R8        0
   899      898     sb_dia1    -74.62     -36.94    15       R9        0
   900      899     sb_dia1    -77.53     -36.73    15       R9        0
   901      900     sb_dia1    -79.93     -36.59    15       R9        0
   902      901     sb_dia1    -81.72     -36.59    15       R9        0
   903      902     sb_dia1    -82.4      -37.97    15       R9        0
   904      903     sb_dia1    -84.94     -38.24    15       R9        0
   905      904     sb_dia1    -86.18     -39.48    15       R9        0
   906      905     sb_dia1    -86.97     -41.3     15       R9        0
   907      906     sb_dia1    -88.14     -43.33    15       R9        0
   908      907     sb_dia1    -89.23     -45.42    15       R9        0
   909      789     sb_dia1    -24.8      -15.7     15       R3        0
   910        0     sb_dia1    -6.065     -8.88     13       R2        0
   911      910     sb_dia1    -9.05      -13.49    14       R2        0
   912      911     sb_dia1    -11.42     -16.83    15       R3        0
   913      912     sb_dia1    -14.36     -19.97    15       R3        0
   914      913     sb_dia1    -15.94     -21.69    15       R3        0
   915      914     sb_dia1    -18.69     -23       15       R3        0
   916      915     sb_dia1    -20.21     -25.21    15       R3        0
   917      916     sb_dia1    -21.45     -27.76    15       R5        0
   918      917     sb_dia1    -22.63     -31       15       R5        0
   919      918     sb_dia1    -23.52     -33.56    15       R5        0
   920      919     sb_dia1    -26.22     -34.59    15       R5        0
   921      920     sb_dia1    -28.55     -35.84    15       R6        0
   922      921     sb_dia1    -31.66     -36.59    15       R6        0
   923      922     sb_dia1    -34.43     -36.8     15       R6        0
   924      923     sb_dia1    -36.62     -35.89    15       R6        0
   925      924     sb_dia1    -38.76     -35.77    15       R6        0
   926      925     sb_dia1    -41.38     -35.77    15       R6        0
   927      926     sb_dia1    -43.66     -36.8     15       R6        0
   928      927     sb_dia1    -46.64     -37.76    15       R7        0
   929      928     sb_dia1    -49.53     -38.66    15       R7        0
   930      929     sb_dia1    -52.28     -39.76    15       R7        0
   931      930     sb_dia1    -54.92     -39.83    15       R7        0
   932      931     sb_dia1    -57.27     -39.55    15       R7        0
   933      932     sb_dia1    -59.67     -39.15    15       R8        0
   934      933     sb_dia1    -61.79     -40.32    15       R8        0
   935      934     sb_dia1    -63.78     -41.69    15       R8        0
   936      935     sb_dia1    -66.36     -43.35    15       R8        0
   937      936     sb_dia1    -68.69     -44.79    15       R8        0
   938      937     sb_dia1    -71.1      -45.91    15       R9        0
   939      938     sb_dia1    -72.54     -47.69    15       R9        0
   940      939     sb_dia1    -74.43     -48.66    15       R9        0
   941      940     sb_dia1    -76.69     -49.27    15       R9        0
   942      941     sb_dia1    -78.34     -51       15       R9        0
   943      942     sb_dia1    -80.21     -52.23    15       R9        0
   944      943     sb_dia1    -81.66     -53.19    15       R9        0
   945      944     sb_dia1    -83.78     -54.91    15       R9        0
   946      922     sb_dia1    -32.75     -39.34    15       R6        0
   947      946     sb_dia1    -33.57     -41.88    15       R6        0
   948      947     sb_dia1    -35.22     -44.45    15       R6        0
   949      948     sb_dia1    -37.09     -45.96    15       R7        0
   950      949     sb_dia1    -38.81     -47.41    15       R7        0
   951      950     sb_dia1    -40.82     -48.85    15       R7        0
   952      951     sb_dia1    -43.17     -49.27    15       R7        0
   953      952     sb_dia1    -44.76     -50.69    15       R7        0
   954      953     sb_dia1    -46.81     -51.81    15       R7        0
   955      954     sb_dia1    -49.44     -53.26    15       R8        0
   956      955     sb_dia1    -52.05     -54.59    15       R8        0
   957      956     sb_dia1    -54.41     -55.8     15       R8        0
   958      957     sb_dia1    -56.34     -57.59    15       R8        0
   959      958     sb_dia1    -57.79     -59.55    15       R9        0
   960      959     sb_dia1    -59.02     -60.69    15       R9        0
   961      960     sb_dia1    -60.19     -62.44    15       R9        0
   962      961     sb_dia1    -61.45     -64.86    15       R9        0
   963      962     sb_dia1    -62.38     -67.48    15       R9        0
   964      963     sb_dia1    -63.03     -69.97    15       R9        0
   965      964     sb_dia1    -65.22     -71.95    15       R9        0
   966      960     sb_dia1    -57.97     -62.7     15       R9        0
   967      966     sb_dia1    -57.13     -65.03    15       R9        0
   968      967     sb_dia1    -55.36     -67.62    15       R9        0
   969      968     sb_dia1    -53.29     -70.16    15       R9        0
   970      947     sb_dia1    -32.4      -44.38    15       R6        0
   971      970     sb_dia1    -31.77     -46.43    15       R6        0
   972      971     sb_dia1    -31.28     -48.78    15       R6        0
   973      972     sb_dia1    -31.63     -51.21    15       R7        0
   974      973     sb_dia1    -31.63     -54.38    15       R7        0
   975      974     sb_dia1    -33.5      -56.03    15       R7        0
   976      975     sb_dia1    -34.41     -58.45    15       R7        0
   977      976     sb_dia1    -34.76     -60.62    15       R7        0
   978      977     sb_dia1    -35.5      -63.28    15       R8        0
   979      978     sb_dia1    -36.13     -65.4     15       R8        0
   980      979     sb_dia1    -37.02     -67.27    15       R8        0
   981      980     sb_dia1    -38.28     -69.18    15       R8        0
   982      981     sb_dia1    -39.77     -71.11    15       R8        0
   983      982     sb_dia1    -41.17     -73.33    15       R9        0
   984      919     sb_dia1    -21.82     -34.63    15       R5        0
   985      984     sb_dia1    -20.3      -36.22    15       R5        0
   986      985     sb_dia1    -18.93     -38.71    15       R5        0
   987      986     sb_dia1    -18.02     -41.14    15       R5        0
   988      987     sb_dia1    -16.62     -43.61    15       R6        0
   989      988     sb_dia1    -14.64     -44.98    15       R6        0
   990      989     sb_dia1    -13.38     -47.69    15       R6        0
   991      990     sb_dia1    -13.05     -50.44    15       R6        0
   992      991     sb_dia1    -14.2      -53.77    15       R6        0
   993      992     sb_dia1    -15.38     -56.29    15       R7        0
   994      993     sb_dia1    -16.92     -59.27    15       R7        0
   995      994     sb_dia1    -18.32     -61.67    15       R7        0
   996      995     sb_dia1    -19.81     -64.26    15       R7        0
   997      996     sb_dia1    -21.21     -66.89    15       R7        0
   998      997     sb_dia1    -23.82     -69.08    15       R8        0
   999      998     sb_dia1    -26.85     -70.48    15       R8        0
  1000      999     sb_dia1    -30.21     -71.97    15       R8        0
  1001     1000     sb_dia1    -32.68     -74.47    15       R8        0
  1002        0     sb_dia1    0.8098     -7.45     13       R2        0
  1003     1002     sb_dia1    3.061      -13.1     14       R2        0
  1004     1003     sb_dia1    5.874      -17.53    15       R2        0
  1005     1004     sb_dia1    7.902      -21.62    15       R3        0
  1006     1005     sb_dia1    10.37      -23.93    15       R3        0
  1007     1006     sb_dia1    10.91      -26.8     15       R3        0
  1008     1007     sb_dia1    9.464      -28.85    15       R3        0
  1009     1008     sb_dia1    6.597      -31.51    15       R3        0
  1010     1009     sb_dia1    3.8        -33.79    15       R5        0
  1011     1010     sb_dia1    1.329      -36.59    15       R5        0
  1012     1011     sb_dia1    -0.4429    -39.81    15       R5        0
  1013     1012     sb_dia1    -0.8625    -42.7     15       R5        0
  1014     1013     sb_dia1    -1.282     -46.19    15       R6        0
  1015     1014     sb_dia1    -2.308     -49.41    15       R6        0
  1016     1015     sb_dia1    -2.308     -52.63    15       R6        0
  1017     1016     sb_dia1    -5.198     -54.61    15       R6        0
  1018     1017     sb_dia1    -7.063     -56.47    15       R6        0
  1019     1018     sb_dia1    -9.021     -59.27    15       R7        0
  1020     1019     sb_dia1    -10.37     -61.76    15       R7        0
  1021     1020     sb_dia1    -12.24     -64.45    15       R7        0
  1022     1021     sb_dia1    -14.5      -65.61    15       R7        0
  1023     1022     sb_dia1    -15.66     -68.06    15       R7        0
  1024     1023     sb_dia1    -13.89     -70.55    15       R8        0
  1025     1024     sb_dia1    -12.63     -73.56    15       R8        0
  1026     1025     sb_dia1    -14.01     -76.47    15       R8        0
  1027     1026     sb_dia1    -16.99     -79.04    15       R8        0
  1028     1027     sb_dia1    -21.24     -80.69    15       R9        0
  1029     1016     sb_dia1    0.7925     -55.24    15       R6        0
  1030     1029     sb_dia1    2.145      -57.92    15       R6        0
  1031     1030     sb_dia1    3.38       -60.72    15       R7        0
  1032     1031     sb_dia1    3.66       -63.72    15       R7        0
  1033     1032     sb_dia1    4.755      -66.71    15       R7        0
  1034     1033     sb_dia1    4.312      -70.23    15       R7        0
  1035     1034     sb_dia1    3.077      -73.35    15       R8        0
  1036     1035     sb_dia1    1.538      -75.8     15       R8        0
  1037     1036     sb_dia1    -0.6527    -78.83    15       R8        0
  1038     1008     sb_dia1    10.51      -32.11    15       R5        0
  1039        0     sb_dia1    7.66       -7.18     13       R2        0
  1040     1039     sb_dia1    11.01      -11.37    14       R2        0
  1041     1040     sb_dia1    15.5       -15.56    15       R3        0
  1042     1041     sb_dia1    16.22      -19.06    15       R3        0
  1043     1042     sb_dia1    16.62      -22.18    15       R3        0
  1044     1043     sb_dia1    16.22      -25.59    15       R3        0
  1045     1044     sb_dia1    16.22      -28.9     15       R5        0
  1046     1045     sb_dia1    19.53      -30.02    15       R5        0
  1047     1046     sb_dia1    22.84      -31.46    15       R5        0
  1048     1047     sb_dia1    26.04      -32.53    15       R5        0
  1049     1048     sb_dia1    28.21      -34.35    15       R5        0
  1050     1049     sb_dia1    29.65      -36.64    15       R6        0
  1051     1050     sb_dia1    31         -40.27    15       R6        0
  1052     1051     sb_dia1    29.56      -43.58    15       R6        0
  1053     1052     sb_dia1    29.77      -45.96    15       R6        0
  1054     1053     sb_dia1    31.21      -49.06    15       R7        0
  1055     1054     sb_dia1    31.72      -51.65    15       R7        0
  1056     1055     sb_dia1    30.4       -53.4     15       R7        0
  1057     1056     sb_dia1    28.53      -54.89    15       R7        0
  1058     1057     sb_dia1    24.69      -56.01    15       R7        0
  1059     1058     sb_dia1    21.89      -54.86    15       R7        0
  1060     1059     sb_dia1    19.21      -54.24    15       R6        0
  1061     1060     sb_dia1    16.32      -53.4     15       R6        0
  1062     1061     sb_dia1    11.86      -52.28    15       R6        0
  1063     1060     sb_dia1    18.79      -57.34    15       R7        0
  1064     1063     sb_dia1    17.46      -61.07    15       R7        0
  1065     1055     sb_dia1    33.5       -53.75    15       R7        0
  1066     1065     sb_dia1    34.1       -56.12    15       R7        0
  1067     1066     sb_dia1    33.38      -58.9     15       R7        0
  1068     1067     sb_dia1    32.89      -61.58    15       R7        0
  1069     1068     sb_dia1    32.14      -64.7     15       R8        0
  1070     1069     sb_dia1    33.19      -67.69    15       R8        0
  1071     1070     sb_dia1    34.73      -70.9     15       R8        0
  1072     1051     sb_dia1    34.17      -41.16    15       R6        0
  1073     1072     sb_dia1    37.11      -42.98    15       R6        0
  1074     1073     sb_dia1    37.41      -46.08    15       R7        0
  1075     1074     sb_dia1    36.69      -49.39    15       R7        0
  1076     1075     sb_dia1    35.99      -51.65    15       R7        0
  1077     1076     sb_dia1    35.94      -54.12    15       R7        0
  1078     1077     sb_dia1    36.76      -55.87    15       R7        0
  1079     1078     sb_dia1    38.72      -57.45    15       R7        0
  1080     1079     sb_dia1    41.93      -58.8     15       R8        0
  1081     1080     sb_dia1    42.77      -62       15       R8        0
  1082     1081     sb_dia1    41         -65       15       R8        0
  1083     1042     sb_dia1    19.6       -20.02    15       R3        0
  1084     1083     sb_dia1    23.1       -21.04    15       R3        0
  1085     1084     sb_dia1    26.32      -21.97    15       R5        0
  1086     1085     sb_dia1    29.95      -22.49    15       R5        0
  1087     1086     sb_dia1    33.03      -23.3     15       R5        0
  1088     1087     sb_dia1    36.04      -23.42    15       R5        0
  1089     1088     sb_dia1    39.25      -23.33    15       R6        0
  1090     1089     sb_dia1    42.56      -22.49    15       R6        0
  1091     1090     sb_dia1    46.29      -22.51    15       R6        0
  1092     1091     sb_dia1    45.03      -25.68    15       R6        0
  1093     1092     sb_dia1    44.52      -28.59    15       R6        0
  1094     1093     sb_dia1    44.31      -31.18    15       R6        0
  1095     1094     sb_dia1    44.43      -33.75    15       R6        0
  1096     1095     sb_dia1    44.08      -36.33    15       R6        0
  1097     1096     sb_dia1    45.24      -40.39    15       R7        0
  1098     1097     sb_dia1    45.03      -44.31    15       R7        0
  1099     1098     sb_dia1    46.81      -47.01    15       R7        0
  1100     1099     sb_dia1    48.04      -49.18    15       R7        0
  1101     1097     sb_dia1    48.04      -42.98    15       R7        0
  1102     1101     sb_dia1    50.61      -45.35    15       R7        0
  1103     1102     sb_dia1    52.07      -48.15    15       R8        0
  1104     1103     sb_dia1    53.43      -51.55    15       R8        0
  1105     1104     sb_dia1    53.94      -54.45    15       R8        0
  1106     1105     sb_dia1    54.03      -57.55    15       R8        0
  1107     1106     sb_dia1    55.9       -60.55    15       R8        0
  1108     1104     sb_dia1    56.43      -51.86    15       R8        0
  1109     1108     sb_dia1    59.32      -52.58    15       R8        0
  1110     1109     sb_dia1    63.03      -52.46    15       R8        0
  1111     1110     sb_dia1    66.15      -54.14    15       R9        0
  1112     1111     sb_dia1    68.83      -56.94    15       R9        0
  1113     1110     sb_dia1    67.18      -52.58    15       R9        0
  1114     1113     sb_dia1    70.28      -53.75    15       R9        0
  1115     1114     sb_dia1    72.66      -54.33    15       R9        0
  1116     1115     sb_dia1    76.08      -56.01    15       R9        0
  1117     1116     sb_dia1    77.23      -58.17    15       R9        0
  1118     1117     sb_dia1    79.28      -61.09    15       R9        0
  1119     1118     sb_dia1    82.28      -65.1     15       R9        0
  1120     1091     sb_dia1    48.67      -24.56    15       R6        0
  1121     1120     sb_dia1    50.93      -26.73    15       R6        0
  1122     1121     sb_dia1    52.61      -29.41    15       R7        0
  1123     1122     sb_dia1    55.08      -31.37    15       R7        0
  1124     1123     sb_dia1    57.97      -31.88    15       R7        0
  1125     1124     sb_dia1    61.93      -32.84    15       R7        0
  1126     1125     sb_dia1    64.17      -34.49    15       R8        0
  1127     1126     sb_dia1    66.46      -36.54    15       R8        0
  1128     1127     sb_dia1    68.41      -39.04    15       R8        0
  1129     1128     sb_dia1    70.28      -41.51    15       R8        0
  1130     1129     sb_dia1    72.24      -43.79    15       R9        0
  1131     1127     sb_dia1    69.67      -37.59    15       R8        0
  1132     1131     sb_dia1    73.17      -37.59    15       R8        0
  1133     1132     sb_dia1    75.55      -37.59    15       R9        0
  1134     1133     sb_dia1    77.83      -39.04    15       R9        0
  1135     1134     sb_dia1    78.86      -41.62    15       R9        0
  1136     1135     sb_dia1    79.91      -43.7     15       R9        0
  1137     1136     sb_dia1    82.68      -45.33    15       R9        0
  1138     1137     sb_dia1    84.45      -47.31    15       R9        0
  1139     1138     sb_dia1    86.41      -49.5     15       R9        0
  1140     1139     sb_dia1    89         -51.97    15       R9        0
  1141     1140     sb_dia1    91.17      -55.07    15       R9        0
  1142     1135     sb_dia1    82.38      -40.48    15       R9        0
  1143     1142     sb_dia1    84.76      -38.83    15       R9        0
  1144     1116     sb_dia1    76.58      -54.01    15       R9        0
  1145     1144     sb_dia1    79.08      -53.71    15       R9        0
#      
  1801      809     sb_dia1    -66.5      0.31      15       R7        0
  1802     1801     sb_dia1    -68.69     -0.576    15       R7        0
  1803     1802     sb_dia1    -71.19     -1.345    15       R8        0
  1804     1803     sb_dia1    -73.12     0.24      15       R8        0
  1805     1804     sb_dia1    -74.62     1.569     15       R8        0
  1806     1805     sb_dia1    -76.43     2.59      15       R8        0
  1807     1806     sb_dia1    -78.93     3.57      15       R8        0
  1808     1807     sb_dia1    -81.33     3.6       15       R8        0
  1809     1808     sb_dia1    -84.15     3.57      15       R9        0
