#	node	parent	dia	xbio	ybio	zbio	region	dendr
	0	0	20.00	164.78	156.20	16.00	SOMA	0
	1	0	1.70	161.28	166.06	14.00	HILLOCK	0
	2	1	1.60	158.10	167.97	12.00	HILLOCK	0
	3	2	1.60	157.15	173.06	12.00	HILLOCK	0
	4	3	1.60	154.29	179.42	12.00	HILLOCK	0
	5	4	1.60	153.65	189.28	12.00	HILLOCK	0
	6	5	1.30	149.20	196.28	12.00	HILLOCK	0
	7	6	1.10	149.20	205.18	12.00	HILLOCK	0
	8	7	1.00	145.38	216.00	12.00	HILLOCK	0
	9	8	ath_dia	146.65	222.68	12.00	AXON_THIN	0
	10	9	ath_dia	146.33	229.04	12.00	AXON_THIN	0
	11	10	ath_dia	144.74	239.54	12.00	AXON_THIN	0
	12	11	ath_dia	146.33	250.99	12.00	AXON_THIN	0
	13	12	ath_dia	148.88	262.76	12.00	AXON_THIN	0
	14	13	ath_dia	153.33	275.17	12.00	AXON_THIN	0
	15	14	ath_dia	159.06	285.03	12.00	AXON_THIN	0
	16	15	1.00	163.51	294.58	10.00	AXON	0
	17	16	1.25	171.46	308.25	8.00	AXON	0
	18	17	1.50	177.83	316.53	6.00	AXON	0
	19	18	1.50	182.60	324.80	4.00	AXON	0
	20	0	2.00	169.87	146.33	22.00	DEND	0
	21	20	2.00	174.65	138.06	22.00	DEND	0
	22	21	1.90	182.60	133.29	22.00	DEND	0
	23	22	1.90	190.23	129.79	22.00	DEND	0
	28	23	1.90	195.96	123.43	22.00	DEND	0
	65	28	1.70	193.41	115.16	22.00	DEND	0
	66	65	1.40	187.05	103.71	22.00	DEND	0
	67	66	1.10	192.14	92.89	20.00	DEND	0
	116	67	1.00	202.96	88.75	18.00	DEND	0
	117	116	1.00	209.00	86.21	18.00	DEND	0
	118	117	1.00	211.87	87.16	18.00	DEND	0
	119	118	0.80	209.64	91.94	20.00	DEND	0
	120	119	0.80	207.73	97.66	20.00	DEND	0
	121	120	0.80	208.05	102.12	20.00	DEND	0
	122	118	0.90	218.55	83.98	20.00	DEND	0
	123	122	0.90	225.23	81.76	20.00	DEND	0
	124	123	0.90	229.04	78.89	20.00	DEND	0
	125	124	0.90	235.72	83.35	20.00	DEND	0
	126	125	0.90	243.04	88.75	20.00	DEND	0
	127	117	1.00	207.41	80.17	20.00	DEND	0
	128	127	1.00	206.78	76.98	20.00	DEND	0
	129	128	0.90	215.68	74.76	20.00	DEND	0
	130	129	0.90	224.27	68.08	20.00	DEND	0
	131	130	0.90	232.22	64.90	20.00	DEND	0
	132	128	1.00	204.23	74.12	22.00	DEND	0
	133	132	1.00	201.05	71.26	28.00	DEND	0
	134	133	0.90	192.78	73.48	28.00	DEND	0
	135	134	0.90	190.55	65.53	28.00	DEND	0
	136	135	0.90	184.19	61.08	30.00	DEND	0
	137	136	0.90	170.83	59.17	30.00	DEND	0
	138	137	0.90	166.69	55.03	30.00	DEND	0
	139	138	0.90	164.78	49.31	30.00	DEND	0
	140	133	0.90	206.14	63.62	28.00	DEND	0
	141	140	0.80	204.55	56.62	28.00	DEND	0
	142	141	0.80	209.64	48.04	28.00	DEND	0
	143	142	0.80	204.55	40.72	28.00	DEND	0
	144	142	0.80	215.36	47.72	28.00	DEND	0
	145	144	0.80	214.41	39.13	28.00	DEND	0
	146	67	1.00	187.69	86.21	20.00	DEND	0
	147	146	1.00	186.73	80.17	20.00	DEND	0
	148	147	0.80	180.37	80.17	20.00	DEND	0
	149	148	0.80	174.33	75.39	20.00	DEND	0
	150	149	0.80	168.28	72.53	20.00	DEND	0
	151	150	0.80	166.37	78.57	20.00	DEND	0
	152	147	0.90	188.32	76.03	18.00	DEND	0
	153	152	0.90	184.19	69.99	18.00	DEND	0
	154	153	0.90	177.51	63.62	18.00	DEND	0
	155	154	0.80	168.28	66.49	18.00	DEND	0
	156	155	0.80	159.06	68.39	18.00	DEND	0
	157	156	0.80	152.70	65.53	18.00	DEND	0
	158	157	0.80	145.06	68.08	18.00	DEND	0
	159	158	0.80	139.33	63.94	18.00	DEND	0
	160	159	0.80	125.66	66.17	18.00	DEND	0
	161	154	0.80	176.55	54.72	18.00	DEND	0
	162	161	0.70	171.78	49.94	18.00	DEND	0
	163	162	0.70	169.24	43.26	18.00	DEND	0
	164	163	0.70	164.15	39.76	18.00	DEND	0
	165	164	0.70	165.42	35.63	18.00	DEND	0
	166	161	0.80	183.87	50.26	18.00	DEND	0
	167	166	0.80	190.87	45.49	18.00	DEND	0
	168	167	0.80	188.96	39.45	18.00	DEND	0
	169	168	0.70	193.73	34.67	16.00	DEND	0
	170	169	0.70	193.73	27.99	16.00	DEND	0
	171	170	0.70	190.23	25.45	16.00	DEND	0
	172	168	0.80	181.96	34.67	16.00	DEND	0
	173	172	0.80	177.51	29.58	16.00	DEND	0
	174	173	0.80	181.96	23.54	16.00	DEND	0
	175	174	0.80	177.83	7.32	16.00	DEND	0
	176	167	0.80	200.10	45.17	16.00	DEND	0
	177	176	0.70	202.96	39.45	16.00	DEND	0
	178	177	0.60	204.87	31.49	16.00	DEND	0
	179	178	0.60	199.46	25.45	16.00	DEND	0
	180	179	0.60	196.60	13.36	16.00	DEND	0
	181	177	0.70	216.32	36.90	16.00	DEND	0
	182	181	0.70	226.82	33.72	16.00	DEND	0
	183	182	0.70	230.32	24.81	16.00	DEND	0
	184	182	0.70	237.31	40.40	16.00	DEND	0
	185	176	0.80	207.09	50.26	16.00	DEND	0
	186	185	0.80	213.77	52.17	16.00	DEND	0
	187	186	0.80	218.55	45.81	16.00	DEND	0
	188	187	0.80	225.86	46.44	16.00	DEND	0
	189	186	0.70	221.73	55.35	16.00	DEND	0
	190	189	0.70	231.91	55.99	16.00	DEND	0
	191	190	0.70	241.45	52.49	18.00	DEND	0
	192	191	0.70	246.86	52.17	18.00	DEND	0
	193	192	0.70	251.31	46.76	18.00	DEND	0
	194	193	0.70	256.40	49.94	18.00	DEND	0
	195	192	0.70	248.13	55.35	18.00	DEND	0
	196	152	0.80	193.73	69.67	18.00	DEND	0
	197	196	0.80	194.37	63.31	18.00	DEND	0
	198	197	0.80	200.10	60.44	18.00	DEND	0
	199	198	0.80	203.28	55.03	18.00	DEND	0
	200	198	0.80	210.59	64.58	18.00	DEND	0
	201	200	0.80	213.14	67.12	18.00	DEND	0
	202	200	0.80	210.91	58.85	18.00	DEND	0
	203	202	0.80	209.00	54.08	18.00	DEND	0
	68	28	1.20	202.00	123.43	22.00	DEND	0
	69	68	1.00	207.73	118.98	22.00	DEND	0
	70	69	1.00	218.23	119.93	22.00	DEND	0
	71	70	1.00	222.05	116.43	22.00	DEND	0
	72	71	1.00	223.64	111.66	24.00	DEND	0
	478	72	0.90	224.91	104.66	34.00	DEND	0
	479	478	0.90	232.86	107.52	36.00	DEND	0
	480	479	0.90	235.09	112.93	34.00	DEND	0
	481	480	0.90	244.31	118.34	36.00	DEND	0
	482	481	0.90	249.40	127.88	34.00	DEND	0
	483	482	0.90	255.13	129.47	34.00	DEND	0
	484	483	0.90	249.40	135.20	34.00	DEND	0
	485	483	0.80	260.54	129.47	34.00	DEND	0
	486	485	0.80	263.72	125.66	34.00	DEND	0
	487	486	0.80	273.26	134.88	34.00	DEND	0
	488	487	0.80	282.17	135.84	36.00	DEND	0
	489	488	0.80	291.08	142.20	36.00	DEND	0
	490	479	0.90	240.50	104.34	34.00	DEND	0
	491	490	0.90	236.68	100.84	34.00	DEND	0
	492	490	0.90	244.31	111.02	34.00	DEND	0
	493	492	0.90	251.63	116.11	34.00	DEND	0
	494	493	0.90	253.22	112.30	34.00	DEND	0
	495	494	0.90	253.22	99.89	34.00	DEND	0
	496	495	0.90	257.04	94.48	34.00	DEND	0
	497	496	0.90	264.04	91.30	34.00	DEND	0
	498	497	0.90	262.13	87.48	34.00	DEND	0
	499	497	0.90	267.85	99.89	34.00	DEND	0
	500	499	0.90	274.53	101.16	34.00	DEND	0
	501	494	0.80	263.40	116.11	34.00	DEND	0
	502	501	0.80	274.85	121.84	34.00	DEND	0
	503	502	0.80	276.44	113.25	36.00	DEND	0
	504	503	0.80	287.90	111.98	36.00	DEND	0
	505	504	0.80	298.71	107.84	34.00	DEND	0
	506	505	0.80	305.71	107.84	32.00	DEND	0
	507	506	0.80	304.76	103.07	32.00	DEND	0
	508	506	0.80	307.94	116.43	32.00	DEND	0
	509	502	0.80	289.49	128.20	36.00	DEND	0
	510	478	0.90	223.64	101.48	34.00	DEND	0
	511	510	0.70	229.36	96.71	34.00	DEND	0
	512	511	0.70	239.22	90.66	32.00	DEND	0
	513	512	0.60	248.77	93.53	32.00	DEND	0
	514	512	0.70	236.36	79.53	32.00	DEND	0
	515	514	0.70	241.45	71.89	32.00	DEND	0
	516	515	0.70	240.18	65.53	32.00	DEND	0
	517	516	0.70	240.50	56.94	32.00	DEND	0
	518	517	0.70	251.63	56.94	32.00	DEND	0
	519	518	0.70	252.58	54.08	32.00	DEND	0
	520	515	0.70	251.95	73.17	32.00	DEND	0
	521	520	0.70	262.45	71.58	32.00	DEND	0
	522	521	0.70	264.35	66.80	32.00	DEND	0
	523	510	0.90	219.18	100.84	34.00	DEND	0
	524	523	0.70	221.73	95.75	32.00	DEND	0
	525	524	0.70	222.36	90.66	32.00	DEND	0
	526	525	0.70	215.36	90.35	32.00	DEND	0
	527	526	0.70	206.46	90.98	32.00	DEND	0
	528	527	0.70	206.46	84.30	30.00	DEND	0
	529	528	0.70	209.64	76.03	30.00	DEND	0
	530	523	0.80	215.36	102.43	32.00	DEND	0
	531	530	0.80	211.87	94.80	32.00	DEND	0
	532	530	0.80	204.55	99.89	32.00	DEND	0
	533	532	0.80	197.55	97.98	32.00	DEND	0
	534	533	0.80	195.64	93.53	32.00	DEND	0
	73	71	1.00	230.00	117.70	24.00	DEND	0
	74	73	1.00	232.22	111.98	24.00	DEND	0
	75	74	1.00	239.54	106.57	24.00	DEND	0
	76	75	1.00	245.90	114.52	24.00	DEND	0
	77	76	1.00	250.99	118.98	24.00	DEND	0
	78	69	1.00	209.96	111.34	22.00	DEND	0
	79	78	1.00	221.73	103.71	22.00	DEND	0
	80	79	1.00	231.59	98.62	22.00	DEND	0
	81	80	0.90	242.09	95.43	22.00	DEND	0
	82	81	0.90	253.86	89.71	22.00	DEND	0
	83	82	0.70	262.13	94.48	22.00	DEND	0
	84	83	0.70	268.49	102.43	22.00	DEND	0
	85	84	0.70	260.86	107.84	22.00	DEND	0
	86	85	0.70	255.13	113.25	22.00	DEND	0
	87	86	0.70	247.49	103.39	22.00	DEND	0
	88	87	0.70	249.72	96.39	22.00	DEND	0
	89	87	0.70	241.77	100.84	22.00	DEND	0
	90	89	0.70	236.68	104.02	22.00	DEND	0
	91	84	0.70	280.26	104.66	22.00	DEND	0
	92	91	0.70	290.44	105.93	22.00	DEND	0
	93	92	0.70	294.26	101.16	22.00	DEND	0
	94	82	0.90	252.58	81.76	20.00	DEND	0
	95	94	0.90	260.86	75.08	20.00	DEND	0
	96	95	0.80	271.99	78.26	20.00	DEND	0
	97	96	0.80	275.81	86.85	20.00	DEND	0
	98	97	0.80	280.90	92.89	20.00	DEND	0
	99	96	0.80	282.49	75.08	20.00	DEND	0
	100	99	0.80	289.80	77.62	20.00	DEND	0
	101	100	0.80	294.26	66.17	20.00	DEND	0
	102	100	0.80	300.94	79.85	20.00	DEND	0
	108	95	0.80	254.81	63.94	18.00	DEND	0
	109	108	0.80	257.67	59.49	18.00	DEND	0
	110	109	0.80	265.31	60.76	18.00	DEND	0
	111	110	0.80	267.85	65.21	18.00	DEND	0
	112	111	0.80	269.13	71.58	18.00	DEND	0
	113	111	0.80	279.94	61.40	18.00	DEND	0
	114	110	0.80	268.17	50.26	18.00	DEND	0
	115	114	0.80	260.22	38.81	18.00	DEND	0
	103	94	0.90	246.54	76.67	20.00	DEND	0
	104	103	0.90	243.04	68.71	20.00	DEND	0
	105	104	0.90	242.40	64.58	20.00	DEND	0
	106	105	0.90	237.31	62.03	20.00	DEND	0
	107	105	0.90	248.45	59.49	20.00	DEND	0
	29	23	1.00	195.01	132.34	22.00	DEND	0
	30	29	1.00	201.05	135.52	22.00	DEND	0
	31	30	1.00	208.68	138.38	24.00	DEND	0
	32	31	1.00	216.00	141.24	24.00	DEND	0
	33	32	1.00	224.91	144.42	24.00	DEND	0
	34	33	1.00	234.13	145.06	24.00	DEND	0
	35	34	1.00	243.04	147.92	26.00	DEND	0
	36	35	1.00	248.77	140.29	26.00	DEND	0
	37	36	1.00	251.31	136.79	26.00	DEND	0
	53	37	1.00	254.17	131.06	24.00	DEND	0
	54	53	0.90	246.86	124.70	24.00	DEND	0
	55	54	0.90	237.95	124.38	24.00	DEND	0
	56	55	0.90	231.27	121.52	24.00	DEND	0
	57	53	1.00	269.76	128.84	24.00	DEND	0
	58	57	0.80	265.63	122.47	24.00	DEND	0
	59	58	0.80	266.58	116.75	24.00	DEND	0
	60	59	0.80	273.58	116.75	24.00	DEND	0
	61	57	0.80	282.81	125.66	24.00	DEND	0
	62	61	0.80	288.85	115.16	24.00	DEND	0
	63	62	0.80	299.03	117.07	24.00	DEND	0
	64	63	0.80	303.48	123.11	24.00	DEND	0
	38	36	1.00	258.63	142.83	26.00	DEND	0
	39	38	1.00	261.81	149.51	26.00	DEND	0
	40	39	1.00	263.08	154.92	26.00	DEND	0
	41	40	1.00	257.36	157.79	26.00	DEND	0
	42	40	1.00	276.44	157.79	26.00	DEND	0
	43	38	0.80	263.08	138.70	26.00	DEND	0
	44	43	0.80	270.72	140.29	26.00	DEND	0
	45	44	0.80	278.35	138.06	26.00	DEND	0
	46	36	0.90	240.81	139.97	26.00	DEND	0
	47	46	0.90	237.95	133.93	26.00	DEND	0
	48	47	0.80	230.95	128.84	26.00	DEND	0
	49	48	0.80	223.64	124.70	26.00	DEND	0
	50	49	0.80	215.05	124.70	24.00	DEND	0
	51	50	0.80	209.32	129.16	24.00	DEND	0
	52	51	0.80	202.00	125.02	24.00	DEND	0
	24	21	1.10	172.10	131.70	22.00	DEND	0
	25	24	1.10	167.01	123.75	22.00	DEND	0
	26	25	1.10	160.97	117.07	22.00	DEND	0
	27	26	1.10	157.79	108.48	22.00	DEND	0
	204	27	0.90	162.24	102.12	20.00	DEND	0
	205	204	0.90	172.74	104.34	20.00	DEND	0
	206	205	0.90	181.01	108.80	20.00	DEND	0
	207	206	0.90	178.15	117.38	22.00	DEND	0
	208	207	0.90	174.65	125.02	22.00	DEND	0
	209	208	0.90	181.96	131.06	22.00	DEND	0
	210	204	0.90	164.78	89.07	20.00	DEND	0
	211	210	0.80	169.87	88.12	20.00	DEND	0
	212	211	0.80	175.60	97.66	20.00	DEND	0
	213	212	0.80	170.51	98.62	20.00	DEND	0
	214	212	0.80	182.28	99.25	20.00	DEND	0
	215	214	0.80	194.05	111.34	20.00	DEND	0
	216	215	0.80	197.23	117.70	20.00	DEND	0
	217	210	0.80	160.33	82.39	18.00	DEND	0
	218	217	0.80	152.06	78.89	18.00	DEND	0
	219	218	0.80	141.56	77.30	18.00	DEND	0
	220	219	0.80	132.02	77.62	18.00	DEND	0
	221	27	1.00	150.47	105.93	20.00	DEND	0
	222	221	0.90	150.47	99.57	20.00	DEND	0
	223	222	0.90	151.74	93.21	20.00	DEND	0
	224	223	0.90	147.61	87.48	20.00	DEND	0
	225	223	0.90	156.20	92.57	20.00	DEND	0
	243	222	0.80	143.47	96.39	18.00	DEND	0
	244	243	0.80	135.52	92.89	18.00	DEND	0
	245	244	0.80	130.75	88.12	18.00	DEND	0
	246	245	0.80	131.70	81.44	18.00	DEND	0
	226	221	0.90	146.97	109.75	20.00	DEND	0
	227	226	0.90	146.02	117.70	20.00	DEND	0
	228	227	0.90	143.47	126.29	20.00	DEND	0
	229	228	0.90	132.65	129.47	22.00	DEND	0
	230	229	0.90	123.43	135.84	22.00	DEND	0
	231	230	0.90	120.57	145.06	22.00	DEND	0
	232	226	0.90	136.15	107.84	20.00	DEND	0
	233	232	0.80	129.79	101.16	20.00	DEND	0
	234	232	0.80	131.38	111.66	20.00	DEND	0
	235	234	0.80	129.47	117.07	22.00	DEND	0
	236	235	0.80	119.61	118.34	22.00	DEND	0
	237	236	0.80	109.43	116.75	22.00	DEND	0
	238	237	0.80	97.98	116.11	22.00	DEND	0
	239	234	0.80	125.02	107.21	22.00	DEND	0
	240	239	0.80	115.16	106.89	22.00	DEND	0
	241	240	0.80	110.07	101.16	22.00	DEND	0
	242	241	0.80	102.12	98.93	22.00	DEND	0
	247	0	1.20	172.74	148.88	24.00	DEND	0
	248	247	1.20	178.15	153.65	24.00	DEND	0
	249	248	1.00	180.05	160.33	26.00	DEND	0
	250	249	1.00	185.78	165.42	26.00	DEND	0
	251	250	1.00	192.14	165.42	26.00	DEND	0
	252	251	1.00	195.32	172.10	28.00	DEND	0
	253	252	1.00	190.55	177.83	28.00	DEND	0
	254	253	0.80	181.64	179.42	28.00	DEND	0
	255	254	0.80	173.69	179.42	28.00	DEND	0
	256	255	0.80	166.06	179.74	28.00	DEND	0
	257	256	0.80	162.56	186.42	28.00	DEND	0
	258	257	0.80	148.56	186.73	28.00	DEND	0
	259	253	1.00	198.50	180.05	28.00	DEND	0
	260	259	0.80	205.82	187.05	30.00	DEND	0
	261	260	0.80	196.91	187.69	30.00	DEND	0
	262	261	0.80	190.55	188.32	30.00	DEND	0
	263	262	0.80	193.10	198.19	30.00	DEND	0
	264	263	0.80	187.37	201.37	30.00	DEND	0
	265	264	0.80	191.51	206.46	30.00	DEND	0
	266	264	0.80	180.69	198.19	30.00	DEND	0
	267	266	0.80	174.96	191.51	30.00	DEND	0
	268	260	0.70	209.96	189.92	30.00	DEND	0
	269	268	0.70	209.32	196.60	30.00	DEND	0
	270	269	0.70	209.64	203.59	30.00	DEND	0
	271	270	0.70	216.32	204.87	30.00	DEND	0
	272	271	0.70	221.73	210.59	30.00	DEND	0
	273	270	0.70	203.59	210.91	30.00	DEND	0
	274	273	0.70	211.23	218.86	30.00	DEND	0
	275	274	0.70	210.27	227.45	30.00	DEND	0
	276	275	0.70	215.05	230.95	30.00	DEND	0
	277	274	0.70	218.55	220.14	30.00	DEND	0
	278	273	0.70	197.23	212.18	30.00	DEND	0
	279	278	0.70	195.96	223.32	30.00	DEND	0
	280	279	0.70	191.82	224.27	30.00	DEND	0
	281	280	0.70	182.28	222.05	30.00	DEND	0
	282	268	0.70	213.77	184.83	30.00	DEND	0
	283	282	0.70	207.73	179.42	30.00	DEND	0
	284	282	0.70	224.27	182.92	30.00	DEND	0
	285	284	0.70	235.72	186.10	30.00	DEND	0
	286	285	0.70	245.27	181.96	30.00	DEND	0
	394	251	1.00	194.69	156.83	26.00	DEND	0
	395	394	1.00	194.37	152.70	26.00	DEND	0
	396	395	0.90	201.69	152.06	26.00	DEND	0
	397	396	0.90	208.37	150.47	26.00	DEND	0
	398	397	0.90	214.73	153.01	26.00	DEND	0
	399	395	1.00	186.73	147.61	26.00	DEND	0
	400	399	1.00	184.19	144.11	26.00	DEND	0
	402	400	1.00	190.55	139.33	26.00	DEND	0
	403	402	1.00	196.91	138.06	26.00	DEND	0
	404	400	1.00	180.37	141.88	26.00	DEND	0
	401	399	0.90	181.33	150.47	26.00	DEND	0
	405	394	1.00	204.87	160.65	26.00	DEND	0
	406	405	1.00	214.41	164.78	28.00	DEND	0
	407	406	0.90	222.05	167.33	28.00	DEND	0
	408	407	0.90	231.59	163.83	28.00	DEND	0
	409	408	0.90	236.04	158.42	28.00	DEND	0
	410	409	0.90	243.04	155.88	28.00	DEND	0
	287	0	1.50	153.01	146.65	22.00	DEND	0
	288	287	1.50	148.24	139.65	22.00	DEND	0
	289	288	1.50	140.61	134.56	24.00	DEND	0
	290	289	1.50	137.11	132.02	28.00	DEND	0
	291	290	1.20	134.56	126.61	34.00	DEND	0
	292	291	1.20	135.20	119.29	34.00	DEND	0
	293	292	1.20	142.20	119.61	34.00	DEND	0
	294	293	1.20	143.79	116.11	34.00	DEND	0
	295	293	1.00	144.42	130.43	34.00	DEND	0
	296	295	1.00	148.24	137.11	34.00	DEND	0
	297	296	1.00	144.42	138.06	34.00	DEND	0
	298	296	1.00	153.33	139.02	34.00	DEND	0
	299	298	1.00	159.38	142.20	34.00	DEND	0
	300	298	1.00	153.97	135.20	34.00	DEND	0
	301	290	1.10	130.43	127.56	32.00	DEND	0
	302	301	1.10	124.70	122.79	32.00	DEND	0
	303	302	1.00	115.16	116.75	32.00	DEND	0
	304	303	1.00	108.48	111.02	32.00	DEND	0
	305	304	0.90	109.75	104.66	32.00	DEND	0
	306	305	0.90	106.57	96.39	32.00	DEND	0
	307	306	0.90	102.43	90.03	32.00	DEND	0
	308	307	0.90	96.07	83.35	32.00	DEND	0
	309	308	0.90	88.75	77.94	32.00	DEND	0
	310	309	0.90	84.30	75.08	32.00	DEND	0
	311	310	0.90	83.35	67.44	32.00	DEND	0
	312	311	0.90	82.71	57.26	32.00	DEND	0
	313	310	0.90	82.71	82.07	32.00	DEND	0
	314	313	0.90	78.89	86.53	32.00	DEND	0
	315	304	1.00	97.34	108.16	32.00	DEND	0
	316	315	0.90	97.03	100.21	32.00	DEND	0
	317	316	0.90	90.03	96.71	32.00	DEND	0
	318	317	0.90	81.12	93.84	32.00	DEND	0
	319	318	0.90	73.17	91.30	32.00	DEND	0
	320	319	0.90	72.85	98.30	32.00	DEND	0
	321	320	0.90	78.26	102.75	32.00	DEND	0
	322	320	0.90	67.12	96.71	32.00	DEND	0
	323	319	0.90	68.08	86.21	32.00	DEND	0
	324	323	0.90	69.03	77.94	32.00	DEND	0
	325	324	0.90	65.21	69.99	32.00	DEND	0
	326	325	0.80	69.03	63.94	32.00	DEND	0
	327	326	0.80	74.12	56.31	32.00	DEND	0
	328	327	0.80	82.39	52.17	32.00	DEND	0
	329	323	0.90	62.99	84.62	32.00	DEND	0
	330	315	0.90	92.25	112.61	32.00	DEND	0
	331	330	0.90	82.39	110.70	32.00	DEND	0
	332	331	0.90	79.85	123.43	36.00	DEND	0
	333	332	0.80	85.57	128.84	36.00	DEND	0
	334	333	0.80	94.16	134.25	36.00	DEND	0
	335	332	0.80	70.30	119.93	36.00	DEND	0
	336	335	0.80	60.76	122.47	38.00	DEND	0
	337	336	0.80	53.13	120.88	38.00	DEND	0
	338	337	0.80	47.40	112.93	38.00	DEND	0
	339	290	1.20	133.29	134.56	32.00	DEND	0
	340	339	1.00	133.61	144.42	34.00	DEND	0
	341	340	1.00	141.88	145.38	36.00	DEND	0
	342	341	1.00	149.51	148.24	36.00	DEND	0
	343	340	1.00	134.88	153.97	36.00	DEND	0
	344	343	1.00	146.33	158.74	36.00	DEND	0
	345	344	1.00	155.56	166.06	36.00	DEND	0
	346	343	1.00	129.16	157.47	36.00	DEND	0
	347	346	1.00	134.56	166.69	38.00	DEND	0
	348	347	1.00	146.02	169.24	38.00	DEND	0
	349	346	1.00	124.07	160.01	38.00	DEND	0
	350	339	1.00	126.29	135.20	36.00	DEND	0
	351	350	1.00	116.43	135.84	36.00	DEND	0
	352	351	0.90	110.39	129.79	36.00	DEND	0
	353	352	1.00	100.52	128.20	36.00	DEND	0
	354	353	1.00	100.52	122.16	36.00	DEND	0
	355	354	1.00	102.75	118.66	36.00	DEND	0
	356	354	1.00	108.16	124.38	36.00	DEND	0
	357	351	0.90	111.34	143.79	36.00	DEND	0
	358	357	0.80	105.30	146.02	38.00	DEND	0
	359	358	0.80	101.48	142.83	38.00	DEND	0
	360	359	0.80	101.48	137.74	38.00	DEND	0
	361	359	0.80	88.12	144.74	38.00	DEND	0
	362	361	0.80	76.98	140.93	40.00	DEND	0
	363	362	0.80	69.03	135.20	40.00	DEND	0
	364	363	0.80	60.76	133.93	40.00	DEND	0
	365	358	0.80	104.34	151.42	38.00	DEND	0
	366	365	0.80	96.07	154.92	38.00	DEND	0
	367	366	0.80	98.62	163.51	40.00	DEND	0
	368	367	0.80	95.12	174.65	40.00	DEND	0
	369	368	0.80	99.25	180.37	40.00	DEND	0
	370	368	0.80	81.76	172.42	40.00	DEND	0
	371	0	1.50	167.01	151.11	36.00	DEND	0
	372	371	1.50	167.33	147.92	36.00	DEND	0
	373	372	1.20	178.46	150.47	36.00	DEND	0
	374	373	1.20	182.92	153.33	36.00	DEND	0
	375	374	1.10	186.42	160.97	38.00	DEND	0
	376	375	1.10	185.46	169.56	38.00	DEND	0
	377	376	1.10	185.78	176.55	38.00	DEND	0
	378	374	1.10	191.19	155.24	38.00	DEND	0
	379	378	1.10	197.87	163.83	38.00	DEND	0
	380	379	1.00	199.14	173.69	38.00	DEND	0
	381	380	1.00	204.87	177.19	40.00	DEND	0
	382	380	1.00	196.28	181.64	40.00	DEND	0
	383	382	1.00	203.59	190.23	40.00	DEND	0
	384	383	0.90	200.10	194.69	40.00	DEND	0
	385	384	0.90	202.00	202.00	40.00	DEND	0
	386	385	0.90	208.37	210.59	40.00	DEND	0
	387	386	0.90	216.00	221.41	40.00	DEND	0
	388	387	0.90	219.50	230.63	40.00	DEND	0
	389	383	1.00	215.68	192.14	40.00	DEND	0
	390	389	1.00	223.95	197.55	40.00	DEND	0
	391	390	1.00	234.13	200.73	40.00	DEND	0
	392	391	1.00	244.95	206.78	40.00	DEND	0
	393	392	1.00	251.63	214.41	40.00	DEND	0
	411	372	1.50	166.69	142.83	36.00	DEND	0
	412	411	1.20	172.42	140.29	34.00	DEND	0
	413	412	1.10	177.51	144.11	34.00	DEND	0
	414	413	1.10	188.01	144.11	34.00	DEND	0
	415	414	1.00	194.69	143.79	36.00	DEND	0
	416	415	1.00	202.00	144.11	36.00	DEND	0
	417	416	1.00	207.09	153.33	38.00	DEND	0
	418	417	1.00	215.05	159.38	38.00	DEND	0
	419	418	1.00	218.86	155.56	38.00	DEND	0
	420	419	1.00	224.91	154.92	38.00	DEND	0
	421	420	1.00	225.86	160.33	38.00	DEND	0
	422	420	1.00	231.59	158.42	38.00	DEND	0
	423	418	0.90	219.50	167.33	38.00	DEND	0
	424	423	0.90	223.64	172.74	38.00	DEND	0
	425	424	0.90	236.04	178.78	38.00	DEND	0
	426	425	0.90	240.50	176.24	38.00	DEND	0
	427	425	0.90	242.09	189.28	38.00	DEND	0
	428	427	0.90	250.04	188.64	38.00	DEND	0
	429	423	0.80	226.18	163.83	38.00	DEND	0
	430	429	0.80	234.45	164.78	38.00	DEND	0
	431	430	0.80	245.27	170.51	38.00	DEND	0
	432	431	0.80	254.17	176.87	38.00	DEND	0
	433	432	0.80	259.26	184.83	36.00	DEND	0
	434	433	0.80	268.17	190.23	36.00	DEND	0
	435	434	0.80	273.26	195.64	36.00	DEND	0
	436	435	0.80	281.53	195.01	36.00	DEND	0
	437	416	0.90	212.18	137.43	36.00	DEND	0
	438	437	0.90	212.50	129.79	36.00	DEND	0
	439	438	0.90	221.09	123.11	36.00	DEND	0
	440	437	0.90	221.09	139.33	36.00	DEND	0
	441	440	0.90	230.00	146.33	38.00	DEND	0
	442	441	0.90	239.86	149.83	38.00	DEND	0
	443	442	0.90	251.63	148.56	38.00	DEND	0
	444	443	0.90	260.54	151.74	38.00	DEND	0
	445	444	0.90	264.67	161.28	38.00	DEND	0
	446	445	0.90	265.63	166.06	38.00	DEND	0
	447	445	0.90	271.67	164.78	38.00	DEND	0
	448	447	0.90	279.31	161.92	38.00	DEND	0
	449	447	0.90	274.85	172.42	38.00	DEND	0
	450	449	0.90	283.44	175.92	36.00	DEND	0
	451	450	0.90	289.49	184.51	36.00	DEND	0
	452	451	0.90	296.17	187.05	36.00	DEND	0
	453	444	0.80	266.26	148.56	36.00	DEND	0
	454	453	0.80	275.49	148.24	36.00	DEND	0
	455	454	0.80	285.03	150.15	36.00	DEND	0
	456	455	0.80	293.62	158.10	36.00	DEND	0
	457	440	0.90	222.36	135.84	38.00	DEND	0
	458	457	0.70	230.63	139.33	38.00	DEND	0
	459	458	0.70	238.27	141.88	38.00	DEND	0
	460	459	0.70	248.45	138.06	38.00	DEND	0
	461	460	0.70	257.99	139.65	38.00	DEND	0
	462	461	0.70	267.22	137.43	38.00	DEND	0
	463	457	0.70	229.68	135.20	38.00	DEND	0
	464	463	0.70	234.13	133.29	36.00	DEND	0
	465	464	0.70	244.31	135.52	36.00	DEND	0
	466	412	1.00	177.83	134.56	34.00	DEND	0
	467	466	1.00	184.51	129.47	34.00	DEND	0
	468	467	1.00	188.96	126.93	34.00	DEND	0
	469	468	1.00	187.05	134.88	34.00	DEND	0
	470	468	1.00	198.82	125.97	34.00	DEND	0
	471	470	1.00	205.50	125.34	34.00	DEND	0
	472	471	1.00	206.14	116.75	34.00	DEND	0
	473	472	1.00	202.64	107.21	34.00	DEND	0
	474	472	1.00	216.64	115.79	34.00	DEND	0
	475	474	1.00	223.00	118.98	34.00	DEND	0
	476	475	0.90	230.95	124.07	34.00	DEND	0
	477	476	0.90	238.91	129.16	34.00	DEND	0
	535	411	1.20	162.24	136.47	34.00	DEND	0
	536	535	1.10	164.78	129.16	34.00	DEND	0
	537	536	1.10	164.47	119.61	34.00	DEND	0
	538	537	1.10	165.10	111.02	34.00	DEND	0
	539	538	1.00	170.83	107.52	32.00	DEND	0
	540	539	1.00	175.60	106.25	32.00	DEND	0
	541	540	1.00	184.83	109.11	32.00	DEND	0
	542	541	1.00	191.51	107.52	32.00	DEND	0
	543	540	1.00	177.83	97.03	32.00	DEND	0
	544	543	1.00	181.64	96.39	32.00	DEND	0
	545	544	0.90	181.01	89.71	32.00	DEND	0
	546	545	0.90	185.14	85.26	30.00	DEND	0
	547	546	0.90	184.51	82.07	30.00	DEND	0
	548	546	0.90	194.05	82.71	30.00	DEND	0
	549	548	0.90	201.37	90.66	30.00	DEND	0
	550	548	0.90	202.00	76.67	30.00	DEND	0
	551	545	0.90	176.55	84.62	30.00	DEND	0
	552	551	0.90	177.19	76.35	30.00	DEND	0
	553	552	0.90	169.56	76.35	30.00	DEND	0
	554	552	0.90	179.42	74.12	30.00	DEND	0
	555	554	0.90	186.42	73.80	30.00	DEND	0
	556	554	0.90	174.96	64.90	30.00	DEND	0
	557	556	0.90	169.24	63.62	30.00	DEND	0
	558	556	0.90	174.33	55.99	30.00	DEND	0
	559	558	0.90	173.37	46.44	30.00	DEND	0
	560	559	0.90	178.46	42.63	30.00	DEND	0
	561	560	0.90	189.28	47.40	30.00	DEND	0
	562	561	0.90	188.32	44.54	28.00	DEND	0
	563	562	0.90	181.96	41.04	28.00	DEND	0
	564	562	0.90	198.50	43.90	28.00	DEND	0
	565	562	0.90	194.05	51.53	28.00	DEND	0
	566	565	0.90	193.73	60.12	28.00	DEND	0
	567	566	0.90	202.32	65.85	32.00	DEND	0
	568	567	0.90	210.27	69.35	32.00	DEND	0
	569	568	0.80	214.73	61.40	32.00	DEND	0
	570	569	0.80	221.41	58.53	32.00	DEND	0
	571	570	0.80	230.00	54.08	32.00	DEND	0
	572	571	0.80	233.82	45.81	30.00	DEND	0
	573	572	0.80	244.31	42.63	30.00	DEND	0
	574	573	0.80	248.45	46.44	30.00	DEND	0
	575	568	0.90	220.14	74.12	32.00	DEND	0
	576	575	0.90	226.50	75.39	32.00	DEND	0
	577	576	0.90	232.22	68.08	32.00	DEND	0
	578	576	0.90	223.64	87.80	32.00	DEND	0
	579	538	1.00	160.97	109.43	32.00	DEND	0
	580	579	1.00	146.97	105.30	32.00	DEND	0
	581	580	1.00	144.11	100.21	32.00	DEND	0
	582	581	1.00	131.06	98.62	30.00	DEND	0
	583	582	1.00	121.84	99.25	30.00	DEND	0
	584	583	1.00	117.07	93.53	30.00	DEND	0
	585	584	1.00	110.07	91.30	30.00	DEND	0
	586	585	1.00	111.02	86.85	30.00	DEND	0
	587	586	1.00	104.98	84.94	30.00	DEND	0
	588	586	1.00	115.16	87.80	30.00	DEND	0
	589	580	0.90	138.06	110.39	30.00	DEND	0
	590	589	0.90	127.56	113.25	32.00	DEND	0
	591	590	0.90	121.84	105.30	32.00	DEND	0
	592	591	0.90	115.16	103.71	32.00	DEND	0
	593	538	1.00	162.24	105.61	32.00	DEND	0
	594	593	0.90	167.01	98.62	32.00	DEND	0
	595	594	0.90	163.51	92.57	32.00	DEND	0
	596	595	0.90	165.42	83.98	32.00	DEND	0
	597	596	0.90	158.74	76.03	30.00	DEND	0
	598	597	0.90	156.51	66.49	30.00	DEND	0
	599	598	0.90	161.28	63.62	30.00	DEND	0
	600	599	0.90	164.47	69.67	30.00	DEND	0
	601	599	0.90	155.24	54.40	30.00	DEND	0
	602	601	0.90	146.97	53.13	30.00	DEND	0
	603	602	0.90	141.88	48.99	30.00	DEND	0
	604	601	0.90	154.60	47.08	30.00	DEND	0
	605	604	0.90	161.60	41.67	28.00	DEND	0
	606	605	0.90	166.37	31.81	28.00	DEND	0
	607	606	0.90	164.78	21.31	28.00	DEND	0
	608	607	0.90	160.97	12.41	28.00	DEND	0
	609	593	0.90	155.24	100.84	30.00	DEND	0
	610	609	0.90	152.06	95.43	32.00	DEND	0
	611	610	0.90	144.74	94.16	32.00	DEND	0
	612	611	0.90	134.25	95.12	32.00	DEND	0
	622	612	0.90	127.25	91.62	32.00	DEND	0
	623	622	0.80	121.52	80.80	32.00	DEND	0
	624	623	0.80	117.07	72.85	32.00	DEND	0
	625	624	0.80	107.21	66.80	32.00	DEND	0
	626	625	0.80	98.30	60.12	32.00	DEND	0
	627	626	0.80	94.48	58.53	32.00	DEND	0
	628	627	0.80	94.16	49.31	32.00	DEND	0
	629	628	0.80	88.12	41.99	30.00	DEND	0
	613	610	0.90	150.47	86.21	32.00	DEND	0
	614	613	0.90	147.61	82.71	32.00	DEND	0
	615	614	0.90	141.24	82.71	32.00	DEND	0
	616	615	0.90	138.38	88.44	32.00	DEND	0
	617	614	0.90	147.92	76.35	32.00	DEND	0
	618	617	0.90	140.29	74.44	32.00	DEND	0
	619	618	0.90	132.65	68.39	32.00	DEND	0
	620	619	0.90	120.57	62.67	32.00	DEND	0
	621	620	0.90	116.43	57.58	32.00	DEND	0
	630	617	0.90	149.20	71.26	30.00	DEND	0
	631	630	0.90	143.79	64.58	30.00	DEND	0
	632	631	0.90	145.38	59.81	30.00	DEND	0
	633	631	0.90	136.47	62.03	30.00	DEND	0
	634	633	0.90	133.61	53.44	30.00	DEND	0
	635	634	0.90	126.93	48.67	30.00	DEND	0
	636	635	0.90	119.61	45.17	30.00	DEND	0
	637	636	0.90	112.61	37.54	30.00	DEND	0
	638	636	0.90	121.20	41.36	30.00	DEND	0
	639	19      1.5	187.60	327.80	4.00	AXON	0
	640	639	1.5	197.60	329.80	4.00	AXON	0
	641	640	1.5	1697.6	329.80	4.00	AXON_DIST	0