#   node  parent    dia       xbio       ybio      zbio      region   dendr
#
     0        0     8         0          0         0         R3      0
     1        0     0.2       -0.4167    0.1042    10        R2      0
     2        1     0.2       -0.3212    -0.4167   10        R1      0
     3        2     0.2       -0.2257    -0.9375   10        R1      0
     4        3     0.2       0.04042    -1.788    10        R1      0
     5        4     0.2       0.2778     -2.309    10        R1      0
     6        5     0.2       0.1446     -2.633    10        R1      0
     7        6     0.2       0.09833    -3.212    10        R1      0
     8        7     0.2       0.3182     -3.785    10        R1      0
     9        8     0.2       0.4108     -4.369    10        R1      0
    10        9     0.2       0.816      -4.56     10        R1      0
    11       10     0.2       1.204      -4.774    10        R1      0
    12       11     0.2       1.563      -4.925    10        R1      0
    13       12     0.2       2.055      -4.878    10        R1      0
    14       13     0.2       2.263      -4.601    10        R1      0
    15        9     0.2       0.05208    -4.606    10        R1      0
    16       15     0.2       -0.3531    -4.502    10        R1      0
    17       16     0.2       -0.7524    -4.41     10        R1      0
    18        9     0.2       0.3529     -4.965    10        R1      0
    19       18     0.2       0.3703     -5.521    10        R1      0
    20       19     0.2       0.3529     -5.978    10        R1      0
    21       20     0.2       0.6424     -6.354    10        R1      0
    22       21     0.2       0.9779     -6.725    10        R1      0
    23       22     0.2       1.256      -7.043    10        R1      0
    24       23     0.2       1.481      -7.321    10        R1      0
    25       24     0.2       1.673      -7.639    10        R1      0
    26       25     0.2       1.603      -8.148    10        R1      0
    27       26     0.2       1.186      -8.241    10        R1      0
    28       25     0.2       2.314      -8.102    10        R1      0
    29       28     0.2       2.605      -8.536    10        R1      0
    30       29     0.2       3.189      -8.756    10        R1      0
    31       30     0.2       3.449      -9.08     10        R1      0
    32       31     0.2       3.877      -9.473    10        R1      0
    33       32     0.2       3.895      -9.878    10        R1      0
    34       33     0.2       3.946      -10.45    10        R1      0
    35       20     0.2       0.7893     -6.087    10        R1      0
    36       35     0.2       1.255      -6.108    10        R1      0
    37       36     0.2       1.71       -6.17     10        R1      0
    38       37     0.2       1.974      -6.448    10        R1      0
    39       38     0.2       2.259      -6.885    10        R1      0
    40       39     0.2       2.393      -7.632    10        R1      0
    41       40     0.2       2.359      -7.927    10        R1      0
    42       41     0.2       2.289      -8.59     10        R1      0
    43       42     0.2       2.307      -9.08     10        R1      0
    44       43     0.2       2.639      -9.334    10        R1      0
    45       44     0.2       3.113      -9.282    10        R1      0
    46       45     0.2       3.58       -9.126    10        R1      0
    47       46     0.2       4.045      -9.074    10        R1      0
    48       47     0.2       4.271      -8.831    10        R1      0
    49       48     0.2       4.514      -8.628    10        R1      0
    50       49     0.2       4.827      -8.472    10        R1      0
    51       50     0.2       5.15       -8.866    10        R1      0
    52       51     0.2       5.636      -9.045    10        R1      0
    53       52     0.2       6.216      -9.508    10        R1      0
    54       49     0.2       4.606      -8.246    10        R1      0
    55       54     0.2       4.485      -7.836    10        R1      0
    56       55     0.2       4.381      -7.292    10        R1      0
    57       56     0.2       4.48       -6.95     10        R1      0
    58       56     0.2       4.792      -7.407    10        R1      0
    59       18     0.2       0.8414     -5.135    10        R1      0
    60       59     0.2       1.178      -5.316    10        R1      0
    61       60     0.2       1.592      -5.479    10        R1      0
    62       61     0.2       1.935      -5.458    10        R1      0
    63       62     0.2       2.303      -5.361    10        R1      0
    64       63     0.2       2.584      -5.253    10        R1      0
    65       64     0.2       2.991      -5.496    10        R1      0
    66       65     0.2       3.175      -5.878    10        R1      0
    67       65     0.2       3.259      -5.392    10        R1      0
    68       64     0.2       2.571      -5.76     10        R1      0
    69       68     0.2       2.653      -6.097    10        R1      0
    70       61     0.2       1.768      -5.996    10        R1      0
    71        1     0.2       -0.1517    0.4069    10        R1      0
    72       71     0.2       0.3067     0.2569    10        R1      0
    73       72     0.2       0.5775     -0.1111   10        R1      0
    74       73     0.2       0.6851     -0.4167   10        R1      0
    75       73     0.2       0.7615     0.1458    10        R1      0
    76       75     0.2       1.029      0.2875    10        R1      0
    77       76     0.2       1.324      0.4069    10        R1      0
    78       71     0.2       -0.2003    1.035     10        R1      0
    79       78     0.2       -0.3993    1.29      10        R1      0
    80       79     0.2       -0.3704    1.921     10        R1      0
    81       80     0.2       -0.4978    2.535     10        R1      0
    82       81     0.2       -0.4631    3.108     10        R1      0
    83       82     0.2       -0.2547    3.774     10        R1      0
    84       83     0.2       -0.06375   4.369     10        R1      0
    85       84     0.2       0.2314     4.942     10        R1      0
    86       85     0.2       0.6771     5.11      10        R1      0
    87       86     0.2       1.285      5.237     10        R1      0
    88       87     0.2       1.793      5.336     10        R1      0
    89       88     0.2       2.141      5.983     10        R1      0
    90       89     0.2       2.535      6.303     10        R1      0
    91       90     0.2       3.153      6.597     10        R1      0
    92       91     0.2       3.38       7.003     10        R1      0
    93       92     0.2       3.871      7.31      10        R1      108
    94        1     0.2       -0.7767    0.3542    10        R1      0
    95       94     0.2       -1.061     0.6694    10        R1      0
    96       95     0.2       -1.009     1.094     10        R1      0
    97       96     0.2       -1.228     1.333     10        R1      0
    98       97     0.2       -1.554     1.549     10        R1      0
    99       98     0.2       -1.811     1.768     10        R1      0
   100       99     0.2       -2.037     2.178     10        R1      0
   101       99     0.2       -1.808     1.426     10        R1      0
   102      101     0.2       -1.464     1.062     10        R1      0
   103       96     0.2       -0.8253    1.572     10        R1      0
   104      103     0.2       -0.7697    2.007     10        R1      0
   105      104     0.2       -0.8531    2.329     10        R1      0
   106      105     0.2       -0.9746    2.789     10        R1      0
   107      106     0.2       -1.145     3.056     10        R1      0
   108      107     0.2       -1.475     3.014     10        R1      0
   109      108     0.2       -1.836     2.972     10        R1      0
   110      109     0.2       -2.221     2.986     10        R1      0
   111      108     0.2       -1.478     2.594     10        R1      0
   112      107     0.2       -1.562     3.611     10        R1      0
   113      112     0.2       -1.985     4.022     10        R1      0
   114      113     0.2       -2.315     4.589     10        R1      0
   115      114     0.2       -2.361     5.469     10        R1      0
   116      115     0.2       -2.234     6.106     10        R1      0
   117      116     0.2       -2.164     6.747     10        R1      0
   118      117     0.2       -2.402     7.575     10        R1      0
   119      118     0.2       -2.066     8.114     10        R1      0
   120      119     0.2       -1.638     8.664     10        R1      0
   121      120     0.2       -1.036     8.999     10        R1      0
   122      121     0.2       -0.7061    9.039     10        R1      0
   123      122     0.2       -0.3183    8.622     10        R1      0
   124      123     0.2       -0.05792   8.507     10        R1      0
   125      124     0.2       0.4282     8.039     10        R1      0
   126      125     0.2       0.6828     7.356     10        R1      0
   127      126     0.2       1.291      6.806     10        R1      0
   128      126     0.2       1.32       7.593     10        R1      0
   129      128     0.2       1.493      8.101     10        R1      0
   130      107     0.2       -0.9225    3.382     10        R1      0
   131      130     0.2       -0.7929    3.894     10        R1      0
   132      131     0.2       -0.8797    4.601     10        R1      0
   133      132     0.2       -1.163     5.168     10        R1      0
   134      133     0.2       -1.383     5.561     10        R1      0
   135      134     0.2       -1.69      6.06      10        R1      0
   136      135     0.2       -2.147     6.464     10        R1      0
   137      136     0.2       -2.049     7.124     10        R1      0
   138      137     0.2       -2.124     7.679     10        R1      0
   139      138     0.2       -1.759     7.917     10        R1      0
   140      139     0.2       -1.233     8.258     10        R1      0
   141      140     0.2       -0.625     8.849     10        R1      0
   142      141     0.2       0.3356     9.201     10        R1      0
   143      142     0.2       1.4        9.514     10        R1      0
   144      143     0.2       1.823      9.786     10        R1      0
   145      144     0.2       2.343      10.35     10        R1      102
   146      113     0.2       -2.564     4.172     10        R1      0
   147      146     0.2       -3.113     4.601     10        R1      0
   148      147     0.2       -3.461     5.024     10        R1      0
   149      148     0.2       -4.016     5.561     10        R1      0
   150      149     0.2       -4.288     5.932     10        R1      0
   151      150     0.2       -4.294     6.487     10        R1      0
   152      151     0.2       -4.248     7.049     10        R1      0
   153      150     0.2       -4.699     6.469     10        R1      0
   154      153     0.2       -5.139     6.707     10        R1      0
   155      154     0.2       -5.023     6.012     10        R1      0
   156      155     0.2       -5.226     5.347     10        R1      0
   157      154     0.2       -4.896     7.089     10        R1      0
   158      157     0.2       -4.537     7.662     10        R1      0
   159      158     0.2       -4.19      8.079     10        R1      0
   160      159     0.2       -4.062     8.883     10        R1      0
   161      160     0.2       -4.062     9.636     10        R1      0
   162      161     0.2       -4.502     10.31     10        R1      0
   163      162     0.2       -4.288     10.91     10        R1      0
   164      163     0.2       -4.01      11.72     10        R1      0
   165      164     0.2       -3.628     12.18     10        R1      0
   166      165     0.2       -3.212     12.46     10        R1      0
   167      164     0.2       -4.074     12.44     10        R1      0
   168      167     0.2       -4.01      13        10        R1      0
   169      168     0.2       -4.196     13.55     10        R1      107
   170      160     0.2       -3.704     8.374     10        R1      0
   171      159     0.2       -4.63      8.258     10        R1      0
   172       94     0.2       -1.134     -0.1556   10        R1      0
   173      172     0.2       -1.285     -0.7806   10        R1      0
   174      173     0.2       -1.672     -0.8972   10        R1      0
   175      174     0.2       -1.944     -1.169    10        R1      0
   176      175     0.2       -2.228     -1.441    10        R1      0
   177      176     0.2       -2.182     -1.892    10        R1      0
   178      177     0.2       -2.292     -2.454    10        R1      0
   179      178     0.2       -1.794     -2.442    10        R1      0
   180      179     0.2       -1.562     -2.587    10        R1      0
   181      178     0.2       -1.95      -3.015    10        R1      0
   182      181     0.2       -1.667     -3.727    10        R1      0
   183      182     0.2       -1.389     -4.022    10        R1      0
   184      183     0.2       -0.9375    -4.219    10        R1      0
   185      182     0.2       -1.638     -4.242    10        R1      0
   186      185     0.2       -1.748     -4.913    10        R1      0
   187      186     0.2       -2.06      -5.509    10        R1      0
   188      187     0.2       -1.678     -6.042    10        R1      0
   189      188     0.2       -1.476     -6.788    10        R1      101
   190      187     0.2       -2.326     -5.781    10        R1      0
   191      190     0.2       -2.517     -6.371    10        R1      0
   192      191     0.2       -2.732     -6.777    10        R1      0
   193      192     0.2       -2.911     -7.159    10        R1      0
   194      193     0.2       -2.847     -7.679    10        R1      0
   195      194     0.2       -3.137     -8.09     10        R1      0
   196      195     0.2       -3.553     -8.003    10        R1      0
   197      194     0.2       -2.228     -7.94     10        R1      0
   198      197     0.2       -1.8       -8.218    10        R1      0
   199      194     0.2       -2.506     -8.524    10        R1      0
   200      199     0.2       -2.442     -9.178    10        R1      0
   201      200     0.2       -2.483     -9.618    10        R1      0
   202      201     0.2       -3.113     -9.803    10        R1      0
   203      202     0.2       -3.605     -9.693    10        R1      0
   204      202     0.2       -3.073     -10.25    10        R1      0
   205      201     0.2       -2.454     -10.34    10        R1      0
   206      205     0.2       -2.274     -10.94    10        R1      0
   207      206     0.2       -2.303     -11.61    10        R1      0
   208      207     0.2       -2.928     -11.81    10        R1      0
   209      208     0.2       -3.316     -11.41    10        R1      0
   210      205     0.2       -1.534     -10.7     10        R1      0
   211      210     0.2       -0.9607    -10.41    10        R1      0
   212      211     0.2       -0.2836    -10.08    10        R1      0
   213      212     0.2       0.3328     -9.516    10        R1      0
   214      213     0.2       0.949      -9.175    10        R1      0
   215      213     0.2       0.4039     -10.04    10        R1      0
   216      215     0.2       0.5914     -10.59    10        R1      0
   217      216     0.2       0.8692     -10.92    10        R1      0
   218      217     0.2       1.098      -11.07    10        R1      0
   219      218     0.2       1.463      -11.16    10        R1      0
   220      219     0.2       1.782      -10.8     10        R1      0
   221      220     0.2       1.939      -10.36    10        R1      0
   222      210     0.2       -1.363     -10.11    10        R1      0
   223      222     0.2       -1.27      -9.733    10        R1      0
   224      210     0.2       -1.398     -11.06    10        R1      0
   225      224     0.2       -1.589     -11.52    10        R1      0
   226      225     0.2       -1.697     -11.8     10        R1      0
   227      226     0.2       -1.659     -12.26    10        R1      0
   228      227     0.2       -1.86      -12.89    10        R1      0
   229      228     0.2       -2.047     -13.39    10        R1      0
   230      229     0.2       -2.225     -13.77    10        R1      0
   231      230     0.2       -2.409     -14.35    10        R1      0
   232      231     0.2       -2.457     -14.59    10        R1      103
   233      225     0.2       -1.235     -11.75    10        R1      0
   234      233     0.2       -0.8357    -11.72    10        R1      0
   235      234     0.2       -0.4329    -11.52    10        R1      0
   236      235     0.2       -0.2142    -11.31    10        R1      0
   237      236     0.2       0.2893     -11.07    10        R1      0
   238      237     0.2       0.7303     -11.07    10        R1      0
   239      238     0.2       1.074      -11.18    10        R1      0
   240      239     0.2       1.373      -11.33    10        R1      0
   241      240     0.2       1.539      -11.5     10        R1      0
   242      241     0.2       1.602      -11.84    10        R1      0
   243      242     0.2       1.613      -12.18    10        R1      0
   244      241     0.2       1.873      -11.57    10        R1      0
   245      244     0.2       2.148      -11.46    10        R1      0
   246      245     0.2       2.521      -11.26    10        R1      0
   247      246     0.2       2.637      -11.21    10        R1      0
   248      247     0.2       2.803      -10.96    10        R1      0
   249      224     0.2       -1.169     -11.11    10        R1      0
   250      249     0.2       -0.6378    -10.89    10        R1      0
   251      250     0.2       -0.3357    -10.78    10        R1      0
   252      176     0.2       -2.732     -1.406    10        R1      0
   253      252     0.2       -2.963     -1.782    10        R1      0
   254      253     0.2       -3.461     -1.973    10        R1      0
   255      254     0.2       -3.906     -2.378    10        R1      0
   256      255     0.2       -4.08      -2.841    10        R1      0
   257      256     0.2       -4.019     -3.513    10        R1      0
   258      257     0.2       -3.958     -4.184    10        R1      0
   259      258     0.2       -4.016     -4.844    10        R1      0
   260      259     0.2       -3.819     -5.243    10        R1      0
   261      260     0.2       -3.501     -5.422    10        R1      0
   262      261     0.2       -3.067     -5.422    10        R1      0
   263      259     0.2       -4.172     -5.503    10        R1      0
   264      263     0.2       -3.906     -6.036    10        R1      0
   265      264     0.2       -3.889     -6.794    10        R1      0
   266      265     0.2       -4.005     -7.506    10        R1      0
   267      266     0.2       -4.167     -8.09     10        R1      0
   268      267     0.2       -4.41      -8.49     10        R1      0
   269      268     0.2       -4.786     -8.848    10        R1      0
   270      269     0.2       -5.098     -9.277    10        R1      0
   271      270     0.2       -5.469     -9.52     10        R1      0
   272      263     0.2       -4.537     -6.227    10        R1      0
   273      272     0.2       -4.809     -6.632    10        R1      0
   274      273     0.2       -5.318     -6.782    10        R1      0
   275      274     0.2       -5.793     -6.968    10        R1      0
   276      275     0.2       -6.175     -7.355    10        R1      0
   277      276     0.2       -6.331     -7.865    10        R1      0
   278      277     0.2       -6.192     -8.571    10        R1      0
   279      278     0.2       -5.926     -9.225    10        R1      0
   280      279     0.2       -5.776     -9.786    10        R1      104
   281      252     0.2       -2.85      -0.875    10        R1      0
   282      281     0.2       -2.891     -0.3958   10        R1      0
   283      282     0.2       -2.922     0.1222    10        R1      0
   284      283     0.2       -3.02      0.6597    10        R1      0
   285      284     0.2       -3.145     1.139     10        R1      0
   286      285     0.2       -3.357     1.518     10        R1      0
   287      286     0.2       -3.544     1.979     10        R1      0
   288      287     0.2       -3.652     2.579     10        R1      0
   289      288     0.2       -3.482     3.285     10        R1      0
   290      289     0.2       -3.561     3.594     10        R1      0
   291      290     0.2       -4.023     3.886     10        R1      0
   292      285     0.2       -3.013     1.692     10        R1      0
   293      284     0.2       -2.568     0.1944    10        R1      0
   294      293     0.2       -2.304     -0.1111   10        R1      0
   295      172     0.2       -1.53      -0.1458   10        R1      0
   296      295     0.2       -1.891     -0.4028   10        R1      0
   297      296     0.2       -2.329     -0.3569   10        R1      0
   298      297     0.2       -2.707     -0.3431   10        R1      0
   299      298     0.2       -3.047     -0.2236   10        R1      0
   300      299     0.2       -3.388     -0.1042   10        R1      0
   301      300     0.2       -3.742     -0.05556  10        R1      0
   302      301     0.2       -3.943     0.2292    10        R1      0
   303      302     0.2       -4.152     0.6319    10        R1      0
   304      303     0.2       -4.294     1.003     10        R1      0
   305      304     0.2       -4.495     1.358     10        R1      0
   306      305     0.2       -4.801     1.553     10        R1      0
   307      306     0.2       -5.051     1.736     10        R1      0
   308      307     0.2       -5.419     2.017     10        R1      0
   309      308     0.2       -5.704     2.351     10        R1      0
   310      309     0.2       -5.613     2.607     10        R1      0
   311      307     0.2       -4.936     1.147     10        R1      0
   312      311     0.2       -4.999     0.8542    10        R1      0
   313      312     0.2       -5.28      0.65      10        R1      0
   314      311     0.2       -5.218     1.353     10        R1      0
   315      314     0.2       -5.435     1.458     10        R1      0
   316      315     0.2       -5.709     1.431     10        R1      0
   317      302     0.2       -4.259     -0.2722   10        R1      0
   318      317     0.2       -4.468     -0.8306   10        R1      0
   319      318     0.2       -4.873     -1.204    10        R1      0
   320      319     0.2       -5.374     -1.333    10        R1      0
   321      320     0.2       -5.113     -1.726    10        R1      0
   322      321     0.2       -4.995     -1.962    10        R1      106
   323      320     0.2       -5.787     -1.604    10        R1      0
   324      323     0.2       -6.204     -1.958    10        R1      0
   325      324     0.2       -6.461     -2.326    10        R1      0
   326      325     0.2       -6.506     -2.934    10        R1      0
   327      326     0.2       -6.735     -3.326    10        R1      0
   328      327     0.2       -7.023     -3.601    10        R1      0
   329      328     0.2       -7.426     -3.91     10        R1      0
   330      329     0.2       -7.85      -4.229    10        R1      0
   331      330     0.2       -8.242     -4.316    10        R1      0
   332      331     0.2       -8.523     -4.267    10        R1      0
   333      254     0.2       -3.895     -1.557    10        R1      0
   334      333     0.2       -4.317     -1.343    10        R1      0
   335      334     0.2       -4.433     -1.135    10        R1      0
   336      335     0.2       -4.56      -0.6486   10        R1      0
   337      336     0.2       -4.763     -0.2778   10        R1      0
   338      337     0.2       -5.179     -0.05139  10        R1      0
   339      338     0.2       -5.66      0.2319    10        R1      0
   340      339     0.2       -5.969     0.3014    10        R1      0
   341      340     0.2       -6.279     0.3708    10        R1      0
   342      341     0.2       -6.371     0.8625    10        R1      0
   343      342     0.2       -6.036     1.285     10        R1      0
   344      340     0.2       -6.331     -0.09861  10        R1      0
   345      344     0.2       -6.782     -0.2944   10        R1      0
   346      345     0.2       -7.182     -0.6944   10        R1      0
   347      346     0.2       -7.338     -1.1      10        R1      0
   348      347     0.2       -7.436     -1.725    10        R1      0
   349      348     0.2       -7.888     -2.199    10        R1      0
   350      349     0.2       -8.235     -2.459    10        R1      0
   351      350     0.2       -8.536     -2.419    10        R1      0
   352      342     0.2       -6.846     0.5181    10        R1      0
   353      352     0.2       -7.332     0.4958    10        R1      0
   354      353     0.2       -7.704     -0.07639  10        R1      0
   355      354     0.2       -7.676     -0.85     10        R1      0
   356      353     0.2       -7.752     0.5389    10        R1      0
   357      356     0.2       -8.183     0.4208    10        R1      0
   358      357     0.2       -8.561     0.2333    10        R1      0
   359      358     0.2       -8.527     -0.2222   10        R1      0
   360      359     0.2       -8.148     -0.7597   10        R1      0
   361      360     0.2       -8.089     -1.181    10        R1      0
   362      361     0.2       -8.131     -1.549    10        R1      0
   363      358     0.2       -8.797     0.25      10        R1      0
   364      363     0.2       -9.072     0.0375    10        R1      0
   365      364     0.2       -9.297     -0.375    10        R1      0
   366      365     0.2       -9.586     -0.9347   10        R1      0
   367      357     0.2       -8.2       1.206     10        R1      0
   368      367     0.2       -8.558     1.562     10        R1      0
   369      368     0.2       -8.693     1.924     10        R1      0
   370      369     0.2       -8.992     1.982     10        R1      0
   371      370     0.2       -9.485     1.785     10        R1      0
   372      371     0.2       -9.773     1.306     10        R1      0
   373      372     0.2       -10.03     0.9028    10        R1      0
   374      373     0.2       -10.49     0.5389    10        R1      0
   375      373     0.2       -9.922     0.525     10        R1      0
   376      375     0.2       -9.954     -0.06944  10        R1      0
   377      376     0.2       -10.14     -0.5069   10        R1      0
   378      377     0.2       -10.34     -1.09     10        R1      0
   379      378     0.2       -10.35     -1.677    10        R1      0
   380      379     0.2       -10.24     -2.135    10        R1      0
   381      380     0.2       -10.21     -2.597    10        R1      0
   382      371     0.2       -9.051     1.486     10        R1      0
   383      382     0.2       -8.77      1.097     10        R1      0
   384      369     0.2       -8.707     2.229     10        R1      0
   385      384     0.2       -8.808     2.593     10        R1      0
   386      385     0.2       -9.2       2.687     10        R1      0
   387      386     0.2       -9.565     2.754     10        R1      0
   388      387     0.2       -9.933     2.629     10        R1      0
   389      388     0.2       -10.12     2.19      10        R1      0
   390      389     0.2       -10.06     1.697     10        R1      0
   391      388     0.2       -10.18     2.792     10        R1      0
   392      391     0.2       -10.37     3.375     10        R1      0
   393      392     0.2       -10.52     3.787     10        R1      0
   394      393     0.2       -10.67     4.086     10        R1      0
   395      394     0.2       -10.8      4.442     10        R1      0
   396      395     0.2       -10.88     4.882     10        R1      105
   397      256     0.2       -4.2       -2.073    10        R1      0
   398      397     0.2       -4.419     -1.545    10        R1      0
   399      255     0.2       -3.62      -2.844    10        R1      0
   400      399     0.2       -3.416     -3.09     10        R1      0
   401      400     0.2       -2.929     -3.08     10        R1      0
   402      401     0.2       -2.617     -2.872    10        R1      0
   403      402     0.2       -2.384     -3.233    10        R1      0
   404      401     0.2       -2.964     -2.681    10        R1      0
   405      308     0.2       -5.585     1.829     10        R1      0
   406      405     0.2       -5.903     1.84      10        R1      0
   407      406     0.2       -6.186     2.049     10        R1      0
   408      407     0.2       -6.458     2.246     10        R1      0
   409      408     0.2       -6.707     2.61      10        R1      0
   410      409     0.2       -6.811     2.9       10        R1      0
   411      410     0.2       -7.101     3.004     10        R1      0
   412      411     0.2       -7.338     3.594     10        R1      0
   413      412     0.2       -7.361     4.393     10        R1      0
   414      413     0.2       -7.364     4.797     10        R1      0
   415      414     0.2       -7.216     5.203     10        R1      0
   416      415     0.2       -7.35      5.636     10        R1      0
   417      415     0.2       -6.939     5.631     10        R1      0
   418      417     0.2       -6.707     6.036     10        R1      0
   419      418     0.2       -6.557     6.314     10        R1      0
   420      419     0.2       -6.21      6.29      10        R1      0
   421      420     0.2       -5.903     6.603     10        R1      0
   422      421     0.2       -5.475     6.835     10        R1      0
   423      420     0.2       -6.157     6.771     10        R1      0
   424      423     0.2       -5.972     7.136     10        R1      0
   425      424     0.2       -5.723     7.511     10        R1      0
   426      425     0.2       -5.359     7.361     10        R1      0
   427      425     0.2       -5.585     7.882     10        R1      0
   428      427     0.2       -5.405     8.194     10        R1      0
   429      428     0.2       -5.278     8.478     10        R1      0
   430      424     0.2       -6.198     7.778     10        R1      0
   431      430     0.2       -6.204     8.386     10        R1      0
   432      431     0.2       -6.534     8.646     10        R1      0
   433      432     0.2       -6.725     8.779     10        R1      0
   434      433     0.2       -6.568     9.421     10        R1      0
   435      434     0.2       -6.725     9.885     10        R1      0
   436      435     0.2       -6.603     10.49     10        R1      0
   437      436     0.2       -6.319     10.61     10        R1      0
   438      437     0.2       -6.036     10.86     10        R1      0
   439      438     0.2       -5.776     11.17     10        R1      0
   440      437     0.2       -6.371     10.94     10        R1      0
   441      440     0.2       -6.701     11.09     10        R1      0
   442      435     0.2       -7.014     10.54     10        R1      0
   443      442     0.2       -7.431     10.74     10        R1      0
   444      433     0.2       -6.836     8.622     10        R1      0
   445      444     0.2       -7.049     8.585     10        R1      0
   446      445     0.2       -7.271     8.56      10        R1      0
   447      446     0.2       -7.52      8.397     10        R1      0
   448      447     0.2       -7.636     8.154     10        R1      0
   449      448     0.2       -7.711     7.819     10        R1      0
   450      449     0.2       -7.787     7.433     10        R1      0
   451      450     0.2       -7.912     7.249     10        R1      0
   452      451     0.2       -8.247     7.258     10        R1      0
   453      452     0.2       -8.48      7.21      10        R1      0
   454      451     0.2       -7.643     6.911     10        R1      0
   455      454     0.2       -7.617     6.778     10        R1      0
   456      385     0.2       -8.287     2.831     10        R1      0
   457      456     0.2       -7.969     3.004     10        R1      0
   458      457     0.2       -7.448     3.067     10        R1      0
   459      458     0.2       -7.005     3.333     10        R1      0
   460      459     0.2       -6.562     3.6       10        R1      0
   461      460     0.2       -6.123     4.057     10        R1      0
   462      461     0.2       -5.81      4.399     10        R1      0
   463      462     0.2       -5.394     4.676     10        R1      0
   464      463     0.2       -5.081     4.872     10        R1      0
   465      462     0.2       -6.134     5.046     10        R1      0
   466      409     0.2       -6.389     2.997     10        R1      0
   467      466     0.2       -5.926     3.096     10        R1      0
   468      369     0.2       -8.264     2.222     10        R1      0
   469      468     0.2       -7.963     2.39      10        R1      0
   470      469     0.2       -7.529     2.471     10        R1      0
   471      470     0.2       -7.216     2.529     10        R1      0
   472      457     0.2       -8.229     3.71      10        R1      0
   473      472     0.2       -7.946     4.34      10        R1      0
   474      473     0.2       -7.755     4.879     10        R1      0
   475      474     0.2       -7.483     5.237     10        R1      0
   476      472     0.2       -8.449     4.143     10        R1      0
   477      476     0.2       -8.316     4.907     10        R1      0
   478      477     0.2       -8.351     5.862     10        R1      0
   479      478     0.2       -8.883     6.226     10        R1      0
   480      479     0.2       -9.132     6.869     10        R1      0
   481      480     0.2       -9.34      7.524     10        R1      0
   482      481     0.2       -9.716     8.125     10        R1      0
   483      482     0.2       -10.19     8.421     10        R1      109
   501        0     0.2849    -0.4371    0.2722    -8.25     R4      0
   502      501     0.2394    -0.8742    0.396     -8.3      R8      0
   503      501     0.4588    0.1485     0.06188   -9.75     R4      0
   504      503     0.4133    0.4044     -0.1198   -9.8      R4      0
   505      504     0.2685    0.648      -0.1198   -10.4     R4      0
   506      505     0.2024    1.077      -0.3836   -10.9     R4      0
   507      506     0.2592    0.7281     -0.1673   -11.1     R4      0
   508      507     0.316     0.3217     -0.099    -11.2     R4      0
   509      508     0.3604    0.01683    -0.03317  -11.2     R4      0
   510      509     0.3632    -0.2762    -0.1198   -12.1     R4      0
   511      510     0.4183    -0.6598    -0.2683   -12.2     R4      0
   512      511     0.298     -1.146     -0.3302   -13.2     R4      0
   513      512     0.3615    -1.431     -0.392    -13.2     R4      0
   514      513     0.3604    -1.786     -0.5198   -13.2     R8      0
   515      513     0.3622    -1.18      -0.2767   -14.1     R4      0
   516      515     0.2057    -0.9568    -0.59     -14.6     R4      0
   517      516     0.1626    -0.8786    -0.7673   -14.4     R8      0
   518      515     0.407     -0.9776    -0.194    -14.3     R4      0
   519      518     0.2924    -0.7549    -0.02475  -14.4     R4      0
   520      519     0.2969    -0.4717    0.1698    -15       R5      0
   521      520     0.1628    -0.15      0.1549    -15.3     R8      0
   522      519     0.3671    -0.9593    0.2713    -15.8     R5      0
   523      522     0.2517    -1.313     0.2935    -15.7     R5      0
   524      523     0.2227    -1.585     0.08316   -15.8     R5      0
   525      524     0.2283    -1.496     -0.1148   -17.6     R5      0
   526      525     0.2864    -1.313     -0.2609   -17.6     R5      0
   527      526     0.1679    -1.27      -0.4613   -18.4     R5      0
   528      527     0.2181    -1.363     -0.5777   -19.2     R5      0
   529      528     0.2302    -1.55      -0.396    -19.3     R5      0
   530      529     0.3566    -1.734     -0.496    -19.5     R5      0
   531      530     0.2649    -1.876     -0.3029   -20.3     R5      0
   532      531     0.2586    -1.838     -0.04059  -21.1     R5      0
   533      532     0.335     -1.534     -0.147    -21.3     R5      0
   534      533     0.4157    -1.234     -0.3128   -22.2     R5      0
   535      534     0.379     -0.9643    -0.3648   -22.2     R5      0
   536      535     0.3026    -0.5881    -0.2609   -22.8     R5      0
   537      536     0.2336    -0.1648    -0.1693   -22.8     R5      0
   538      537     0.3006    0.1569     -0.03564  -23.6     R5      0
   539      538     0.3249    0.4935     -0.07277  -23.7     R5      0
   540      539     0.36      0.6544     -0.2732   -25.2     R5      0
   541      540     0.3557    0.6717     -0.6074   -25.2     R5      0
   542      541     0.2947    0.8757     -0.8088   -25       R5      0
   543      542     0.2338    1.139      -1.095    -24.9     R8      0
   544      542     0.3036    0.4742     -0.5405   -26.2     R5      0
   545      544     0.2533    0.1569     -0.297    -27.3     R8      0
   546      544     0.263     0.5806     -0.1891   -27.5     R5      0
   547      546     0.3195    0.9638     -0.2955   -28.8     R5      0
   548      547     0.3661    1.29       -0.6455   -29.3     R5      0
   549      548     0.2404    1.366      -1.036    -30.7     R5      0
   550      549     0.3036    1.09       -1.324    -30.7     R6      0
   551      550     0.2354    0.9138     -1.684    -31.1     R6      0
   552      551     0.26      0.8118     -1.975    -31.5     R6      0
   553      552     0.1588    0.491      -1.854    -31.9     R6      0
   554      553     0.1048    0.2475     -1.83     -32.2     R8      0
   555      552     0.148     1.159      -2.085    -33       R6      0
   556      555     0.07425   1.417      -2.127    -32.9     R8      0
   557      552     0.3297    0.7603     -2.496    -33       R6      0
   558      557     0.2649    0.8499     -2.932    -33       R6      0
   559      558     0.2244    1.008      -3.417    -33       R6      0
   560      559     0.2698    1.023      -3.86     -33       R6      0
   561      560     0.4073    1.017      -4.417    -33       R6      0
   562      561     0.5452    1.045      -4.803    -32.8     R6      0
   563      562     0.5263    1.011      -5.178    -32.8     R8      0
   564      552     0.2922    0.5198     -1.7      -33.2     R6      0
   565      564     0.2446    0.3341     -1.613    -33.2     R6      0
   566      565     0.1494    0.08267    -1.654    -33.1     R7      0
   567      566     0.09488   -0.4123    -1.654    -33.1     R8      0
   568      552     0.1533    1.101      -1.589    -32.1     R6      0
   569      568     0.106     1.46       -1.392    -32.7     R8      0
   570      559     0.3376    1.58       -3.354    -33       R6      0
   571      570     0.2334    2.149      -3.457    -33.1     R6      0
   572      571     0.146     2.419      -3.629    -32.9     R7      0
   573      572     0.1658    2.763      -3.847    -32.9     R7      0
   574      573     0.152     3.262      -3.977    -32.9     R7      0
   575      574     0.2722    3.675      -4.15     -32.7     R7      0
   576      575     0.1371    4.03       -4.558    -32.9     R8      0
   577      575     0.2411    3.448      -4.532    -32.7     R7      0
   578      577     0.2099    2.989      -4.628    -32.7     R8      0
   579      575     0.3207    4.105      -4.018    -32.7     R7      0
   580      579     0.297     4.488      -3.931    -32.6     R7      0
   581      580     0.3539    4.934      -3.882    -32.5     R7      0
   582      581     0.1595    5.371      -4.352    -32.2     R8      0
   583      557     0.2627    0.344      -2.338    -33.2     R6      0
   584      583     0.1958    0.08019    -2.316    -33.4     R6      0
   585      584     0.05932   -0.299     -2.285    -33.7     R7      0
   586      585     0.08033   -0.542     -2.228    -33.7     R8      0
   587      583     0.07109   0.0599     -2.642    -33.4     R8      0
   588      559     0.1716    0.6485     -3.335    -32.8     R6      0
   589      588     0.1306    0.2891     -3.253    -32.6     R6      0
   590      589     0.4252    -0.05148   -3.143    -32.6     R6      0
   591      590     0.4414    -0.3505    -3.214    -32.6     R7      0
   592      591     0.318     -0.5742    -3.263    -32.7     R7      0
   593      592     0.1946    -0.7771    -3.486    -32.8     R7      0
   594      593     0.09851   -0.9301    -3.675    -32.3     R7      0
   595      594     0.08869   -1.148     -3.7      -32.3     R7      0
   596      595     0.1714    -1.334     -3.725    -32.3     R7      0
   597      596     0.116     -1.559     -3.756    -32.3     R8      0
   598      561     0.2357    1.485      -4.417    -33.2     R6      0
   599      598     0.09489   1.817      -4.62     -33.3     R7      0
   600      599     0.1921    2.064      -4.756    -33.3     R7      0
   601      600     0.1579    2.393      -4.826    -33.3     R7      0
   602      601     0.2515    2.822      -5.105    -33.4     R7      0
   603      602     0.3147    2.57       -5.402    -33.5     R7      0
   604      603     0.1849    2.224      -5.649    -33.5     R7      0
   605      604     0.1043    1.974      -6.118    -33.5     R8      0
   606      602     0.4299    3.073      -5.507    -33.5     R7      0
   607      606     0.4058    3.261      -5.715    -33.5     R7      0
   608      607     0.2906    3.335      -6.043    -33.5     R7      0
   609      608     0.6014    3.277      -6.392    -33.5     R7      0
   610      609     0.4175    3.255      -6.687    -33.2     R7      0
   611      610     0.2337    3.364      -7.048    -32.8     R7      0
   612      611     0.1339    3.556      -7.479    -32.8     R7      0
   613      612     0.2945    3.944      -7.547    -32.8     R7      0
   614      613     0.3083    4.424      -7.608    -32.8     R7      0
   615      614     0.1707    3.993      -8.25     -32.9     R7      0
   616      615     0.1019    3.907      -8.763    -32.9     R7      0
   617      616     0.4347    3.863      -9.129    -32.9     R7      0
   618      617     0.6216    3.718      -9.559    -33.1     R7      0
   619      618     0.6238    3.554      -9.97     -33.2     R7      0
   620      619     0.3777    3.26       -10.34    -33.2     R7      0
   621      620     0.3674    2.759      -10.4     -32.9     R7      0
   622      621     0.1604    2.74       -10.99    -32.7     R8      0
   623      613     0.4805    4.348      -7.091    -33       R7      0
   624      623     0.2651    4.862      -6.734    -33.2     R8      0
   625      614     0.185     4.868      -7.964    -32.8     R7      0
   626      625     0.1744    5.426      -8.188    -32.5     R7      0
   627      626     0.524     5.806      -8.201    -32.5     R7      0
   628      627     0.4162    6.283      -8.256    -32.4     R7      0
   629      628     0.287     6.666      -8.169    -32.4     R7      0
   630      629     0.3004    7.124      -7.953    -32.4     R7      0
   631      630     0.2232    7.177      -8.308    -32.4     R7      0
   632      631     0.1459    7.421      -8.643    -32.3     R8      0
   633      583     0.2362    0.4138     -2.615    -33.7     R7      0
   634      633     0.2096    0.1525     -2.82     -34.2     R7      0
   635      634     0.3302    -0.07821   -2.842    -35.3     R7      0
   636      635     0.1733    -0.7093    -2.793    -35.3     R7      0
   637      636     0.3241    -1.155     -2.687    -35.4     R7      0
   638      637     0.1485    -1.699     -2.595    -35.2     R7      0
   639      638     0.1485    -2.095     -2.347    -35.2     R7      0
   640      639     0.099     -2.541     -2.1      -35.2     R7      0
   641      640     0.4208    -3.11      -1.97     -35.2     R7      0
   642      641     0.2681    -3.859     -2.248    -35.2     R7      0
   643      642     0.3418    -4.459     -2.539    -35.3     R7      0
   644      643     0.1237    -4.781     -2.904    -35.4     R7      0
   645      644     0.2789    -5.053     -2.799    -35.4     R7      0
   646      645     0.297     -5.325     -2.861    -35.3     R7      0
   647      646     0.2196    -5.635     -3.115    -35.2     R7      0
   648      647     0.08905   -6.278     -3.263    -35.2     R8      0
   649      647     0.1733    -5.956     -3.387    -34.6     R7      0
   650      649     0.3813    -6.625     -3.43     -34.2     R7      0
   651      650     0.5       -7.088     -3.201    -34.2     R7      0
   652      651     0.4005    -7.553     -2.823    -34.2     R7      0
   653      652     0.4386    -8.029     -3.021    -34.3     R7      0
   654      653     0.2722    -8.481     -2.991    -34.4     R7      0
   655      654     0.198     -8.976     -2.892    -34.4     R7      0
   656      655     0.198     -9.471     -2.892    -34.5     R7      0
   657      656     0.198     -9.966     -2.892    -34.5     R7      0
   658      657     0.1485    -10.46     -2.892    -34.4     R7      0
   659      658     0.2228    -10.73     -2.719    -34.2     R7      0
   660      659     0.2274    -11.1      -2.644    -34.2     R7      0
   661      660     0.1985    -11.59     -2.521    -34.1     R8      820
   662      660     0.1947    -11.06     -2.997    -34.2     R7      0
   663      662     0.1399    -11.05     -3.43     -34.2     R8      0
   664      657     0.08751   -9.78      -2.477    -33.7     R8      0
   665      655     0.2713    -9.025     -3.337    -35.5     R7      0
   666      665     0.1411    -9.322     -3.733    -35.6     R8      0
   667      656     0.1998    -9.993     -2.872    -35.5     R7      0
   668      667     0.4232    -10.03     -2.488    -35.5     R7      0
   669      668     0.3144    -9.991     -2.034    -36       R7      0
   670      669     0.242     -9.999     -1.605    -36       R7      0
   671      670     0.3299    -10.08     -0.891    -36       R7      0
   672      671     0.3862    -9.896     -0.6272   -35.8     R7      0
   673      672     0.396     -9.529     -0.4455   -35.7     R7      0
   674      673     0.1938    -9.677     0.1193    -35.8     R7      0
   675      674     0.1123    -10.11     0.3257    -35.8     R8      0
   676      673     0.4838    -9.137     -0.2643   -35.7     R7      0
   677      676     0.6477    -8.827     -0.03712  -35.4     R7      0
   678      677     0.5662    -8.454     0.2722    -35.6     R8      0
   679      670     0.1107    -10.54     -1.729    -35.9     R8      0
   680      669     0.2418    -9.52      -2.133    -36.7     R7      0
   681      680     0.0495    -9.157     -2.422    -36.7     R8      0
   682      669     0.4075    -10.45     -1.836    -36.7     R7      0
   683      682     0.2377    -11.02     -1.988    -37       R7      0
   684      683     0.3796    -11.15     -2.223    -37.6     R7      0
   685      684     0.1203    -11.44     -2.327    -37.6     R7      0
   686      685     0.1949    -11.82     -2.306    -38.1     R7      0
   687      686     0.3118    -12.19     -2.492    -38.1     R7      0
   688      687     0.6613    -12.68     -2.331    -37.9     R7      0
   689      688     0.6486    -12.94     -1.992    -38.7     R7      0
   690      689     0.5498    -13.25     -1.679    -38.8     R7      0
   691      690     0.2072    -13.62     -1.658    -38.6     R7      0
   692      691     0.1482    -13.98     -1.856    -38.6     R7      0
   693      692     0.1417    -14.11     -2.079    -38.6     R7      0
   694      693     0.06005   -14.17     -2.364    -38.7     R8      0
   695      687     0.3216    -12.68     -2.776    -38       R7      0
   696      695     0.1444    -13.08     -2.941    -38       R7      0
   697      696     0.1217    -13.44     -3.03     -38       R7      0
   698      697     0.099     -13.9      -2.987    -38       R7      0
   699      698     0.08378   -14.13     -3.003    -37.9     R7      0
   700      699     0.06696   -14.42     -2.892    -37.9     R8      0
   701      630     0.3116    7.429      -7.637    -32.4     R7      0
   702      701     0.4362    7.653      -7.446    -32.4     R7      0
   703      702     0.1744    7.925      -7.198    -31.7     R7      0
   704      703     0.08663   8.436      -7.05     -30.5     R8      0
   705      614     0.05156   4.981      -7.454    -32.6     R8      0
   706      583     0.2436    0.4915     -2.107    -33.6     R7      0
   707      706     0.2245    0.6395     -1.875    -34       R7      0
   708      707     0.1838    0.792      -1.667    -35.5     R7      0
   709      708     0.2085    1.205      -1.518    -35.5     R7      0
   710      709     0.099     1.65       -1.547    -35.5     R7      0
   711      710     0.2129    1.997      -1.465    -35.5     R7      0
   712      711     0.099     2.393      -1.378    -35.4     R7      0
   713      712     0.1237    2.731      -1.234    -35.4     R7      0
   714      713     0.1237    2.95       -1.159    -35.4     R7      0
   715      714     0.1237    3.201      -0.9613   -35.4     R8      0
   716      713     0.3603    3.024      -1.131    -34.9     R7      0
   717      716     0.4981    3.362      -1.04     -34.8     R7      0
   718      717     0.3659    3.799      -0.99     -34.8     R7      0
   719      718     0.196     4.154      -1.101    -33.6     R7      0
   720      719     0.2984    4.381      -1.353    -33.8     R7      0
   721      720     0.3272    4.637      -1.524    -33.8     R7      0
   722      721     0.356     4.587      -1.902    -33.8     R7      0
   723      722     0.1481    4.521      -2.261    -33.7     R7      0
   724      723     0.07425   4.517      -2.677    -33.7     R8      0
   725      721     0.2379    4.93       -1.391    -33.5     R7      0
   726      725     0.1653    5.28       -1.506    -33.3     R7      0
   727      726     0.0495    5.676      -1.803    -33.3     R8      0
   728      721     0.2131    4.909      -1.094    -32.9     R7      0
   729      728     0.2033    5.181      -0.6643   -32.1     R7      0
   730      729     0.1727    5.556      -0.3836   -32.1     R7      0
   731      730     0.1564    5.771      -0.2599   -32.1     R7      0
   732      731     0.1158    5.957      -0.09108  -32.1     R8      0
   733      717     0.1918    3.271      -0.8044   -33.4     R7      0
   734      733     0.099     2.929      -0.5445   -33.5     R7      0
   735      734     0.1237    2.459      -0.4168   -33.4     R7      0
   736      735     0.1237    2.03       -0.1856   -33.4     R7      0
   737      736     0.1974    1.786      -0.02921  -33.4     R7      0
   738      737     0.3791    1.469      0.1237    -33.4     R7      0
   739      738     0.4973    1.258      0.5153    -33.4     R7      0
   740      739     0.2113    0.8707     0.8123    -33.4     R8      0
   741      739     0.2925    1.555      0.8865    -33.9     R7      0
   742      741     0.2028    1.667      1.196     -33.8     R7      0
   743      742     0.1294    1.774      1.479     -33.8     R8      0
   744      634     0.2052    0.04554    -3.143    -35.8     R7      0
   745      744     0.182     -0.06188   -3.511    -35.8     R7      0
   746      745     0.2367    -0.1361    -3.956    -35.8     R7      0
   747      746     0.2667    -0.3915    -4.191    -35.8     R7      0
   748      747     0.2989    -0.7257    -4.265    -35       R7      0
   749      748     0.2705    -0.9855    -4.344    -35       R7      0
   750      749     0.2558    -1.27      -4.566    -35       R7      0
   751      750     0.4258    -1.501     -4.649    -34.8     R7      0
   752      751     0.3012    -1.902     -4.769    -34.3     R7      0
   753      752     0.3976    -2.054     -5.111    -34.4     R8      0
   754      750     0.2231    -0.9732    -4.764    -34.4     R7      0
   755      754     0.1556    -0.6435    -4.876    -33.9     R7      0
   756      755     0.07425   -0.1648    -5.07     -33.8     R8      0
   757      752     0.1754    -2.279     -4.723    -33.9     R7      0
   758      757     0.2501    -2.797     -4.616    -33.5     R7      0
   759      758     0.2272    -3.108     -4.605    -33.4     R7      0
   760      759     0.2714    -3.415     -4.657    -33.4     R7      0
   761      760     0.1733    -3.75      -4.682    -33.2     R7      0
   762      761     0.1361    -4.011     -4.628    -33.2     R7      0
   763      762     0.1656    -4.405     -4.624    -33.3     R7      0
   764      763     0.2366    -4.9       -4.521    -33.1     R7      0
   765      764     0.099     -5.3       -4.476    -33.2     R7      0
   766      765     0.203     -5.536     -4.492    -33.3     R7      0
   767      766     0.3465    -5.767     -4.463    -33.1     R7      0
   768      767     0.2133    -6.167     -4.596    -33.3     R7      0
   769      768     0.2722    -6.55      -4.575    -33       R7      0
   770      769     0.3424    -7.045     -4.575    -33.1     R7      0
   771      770     0.198     -7.544     -4.665    -33.2     R7      0
   772      771     0.198     -7.771     -4.802    -33.2     R7      0
   773      772     0.3008    -7.961     -5.091    -33.2     R7      0
   774      773     0.4278    -8.147     -5.404    -33.2     R7      0
   775      774     0.4148    -8.332     -5.614    -33.6     R7      0
   776      775     0.304     -8.609     -5.858    -33.6     R7      0
   777      776     0.1485    -8.877     -6.188    -34       R7      0
   778      777     0.2171    -9.032     -6.417    -34       R7      0
   779      778     0.099     -9.108     -6.744    -34.1     R8      0
   780      777     0.2706    -9.075     -5.825    -34       R7      0
   781      780     0.2199    -9.372     -5.466    -33.9     R8      0
   782      641     0.297     -3.184     -1.605    -34.9     R7      0
   783      782     0.3986    -3.314     -1.066    -34.8     R7      0
   784      783     0.3684    -3.382     -0.5158   -35.1     R7      0
   785      784     0.3152    -3.531     -0.1693   -35.1     R7      0
   786      785     0.1485    -3.828     0.2267    -34.9     R7      0
   787      786     0.2228    -4.174     0.7217    -35       R7      0
   788      787     0.2722    -4.224     0.9197    -35       R7      0
   789      788     0.4143    -4.345     1.316     -35       R7      0
   790      789     0.5563    -4.582     1.681     -35       R7      0
   791      790     0.3713    -4.62      2.405     -35.1     R7      0
   792      791     0.1485    -5.016     2.801     -35.1     R8      0
   793      790     0.158     -4.143     1.891     -35.5     R7      0
   794      793     0.1133    -3.871     1.761     -35.5     R8      0
   795      708     0.1912    1.129      -1.506    -36.1     R7      0
   796      795     0.1421    1.568      -1.308    -36.2     R7      0
   797      796     0.099     2.063      -1.308    -36.3     R8      0
   798      796     0.1218    1.221      -1.06     -37.5     R7      0
   799      798     0.1238    1.32       -0.5653   -37.5     R8      0
   800      798     0.4508    0.9945     -1.172    -38.6     R7      0
   801      800     0.2905    0.6767     -1.258    -38.5     R8      0
   802      800     0.3913    1.477      -0.8539   -39       R7      0
   803      802     0.4041    1.984      -0.6559   -39.8     R7      0
   804      803     0.4515    2.418      -0.7385   -39.5     R7      0
   805      804     0.2026    2.36       -0.2807   -39.9     R7      0
   806      805     0.1485    2.558      0.1772    -39.9     R8      0
   807      804     0.4182    2.95       -0.9281   -39.4     R7      0
   808      807     0.4779    3.304      -0.8786   -40       R7      0
   809      808     0.1237    3.746      -0.7633   -40.1     R8      0
   810      808     0.2424    3.746      -1.135    -40.8     R7      0
   811      810     0.2082    4.01       -1.089    -41       R7      0
   812      811     0.1714    4.686      -1.06     -41.4     R7      0
   813      812     0.1485    5.181      -1.258    -41.4     R7      0
   814      813     0.198     5.375      -1.341    -41.4     R7      0
   815      814     0.1733    5.693      -0.9821   -41.6     R8      0
   816      814     0.1609    5.604      -1.609    -41.4     R7      0
   817      816     0.1423    5.877      -1.687    -41.3     R7      0
   818      817     0.1237    6.118      -1.592    -41.3     R7      0
   819      818     0.2712    6.53       -1.357    -41.2     R7      0
   820      819     0.3715    6.934      -1.574    -41.1     R7      0
   821      820     0.658     6.963      -1.844    -41       R7      0
   822      821     0.5266    7.239      -2.079    -40.3     R7      0
   823      822     0.1939    7.747      -2.042    -40.3     R7      0
   824      823     0.1313    8.003      -2.178    -40       R7      0
   825      824     0.07601   8.386      -2.034    -40       R7      0
   826      825     0.288     8.572      -2.327    -39.2     R7      0
   827      826     0.1799    8.687      -2.735    -39.4     R7      0
   828      827     0.3566    9.034      -2.913    -38.7     R7      0
   829      828     0.2475    9.273      -3.172    -38.6     R7      0
   830      829     0.4784    9.661      -3.317    -38.5     R7      0
   831      830     0.571     9.942      -3.387    -38.1     R7      0
   832      831     0.4433    10.29      -3.279    -38.2     R7      0
   833      832     0.5536    10.36      -3.024    -37.6     R7      0
   834      833     0.5557    10.4       -2.62     -37.6     R7      0
   835      834     0.2488    10.48      -2.199    -37.4     R7      0
   836      835     0.2475    10.61      -1.893    -37.3     R7      0
   837      836     0.3465    10.7       -1.531    -37.3     R7      0
   838      837     0.4208    11.08      -1.357    -37.2     R7      0
   839      838     0.3745    11.41      -1.06     -37.1     R7      0
   840      839     0.1237    11.57      -0.7138   -37       R7      0
   841      840     0.1237    11.91      -0.3178   -37       R7      0
   842      841     0.2228    11.96      0.2267    -37       R7      0
   843      842     0.4893    11.97      0.6435    -37       R7      0
   844      843     0.5872    12.09      1.015     -37       R7      0
   845      844     0.4239    12.37      1.415     -37       R7      0
   846      845     0.2555    12.66      1.712     -37.1     R7      0
   847      846     0.1584    13.05      2.009     -37.1     R7      0
   848      847     0.1733    13.25      2.256     -37       R7      0
   849      848     0.0495    13.7       2.504     -37       R8      805
   850      841     0.05607   12.16      -0.4797   -37.2     R8      0
   851      837     0.1094    10.2       -1.32     -36.9     R8      0
   852      827     0.1458    8.337      -2.918    -39.2     R8      0
   853      746     0.3514    -0.5113    -4.237    -37.6     R7      0
   854      853     0.3672    -0.8742    -4.368    -37.7     R7      0
   855      854     0.2618    -1.303     -4.55     -37.7     R7      0
   856      855     0.291     -1.749     -4.888    -38.3     R7      0
   857      856     0.3244    -2.24      -4.962    -38.6     R7      0
   858      857     0.2767    -2.751     -4.843    -38.6     R7      0
   859      858     0.2264    -3.283     -4.872    -38.6     R7      0
   860      859     0.2722    -3.828     -5.061    -38.6     R7      0
   861      860     0.3707    -4.211     -5.293    -38.5     R7      0
   862      861     0.1494    -4.62      -5.218    -38.6     R7      0
   863      862     0.2108    -5.024     -5.255    -38.3     R7      0
   864      863     0.1302    -5.292     -5.36     -38.3     R7      0
   865      864     0.1529    -5.465     -5.618    -38.4     R7      0
   866      865     0.3132    -5.416     -5.841    -38.3     R7      0
   867      866     0.2846    -5.449     -6.023    -38.4     R8      0
   868      860     0.3554    -3.836     -4.637    -39.2     R7      0
   869      868     0.4211    -4.059     -4.175    -39.2     R7      0
   870      869     0.1802    -4.079     -3.725    -39.3     R8      0
   871      746     0.3156    0.02723    -4.637    -37.5     R7      0
   872      871     0.1733    0.2312     -4.921    -37.5     R7      0
   873      872     0.1733    0.5529     -5.367    -37.6     R7      0
   874      873     0.2577    0.4292     -5.812    -37.8     R7      0
   875      874     0.2641    -0.05346   -5.973    -37.9     R7      0
   876      875     0.211     -0.4       -6.035    -37.9     R8      0
   877      874     0.1933    0.3119     -6.326    -37.8     R7      0
   878      877     0.2692    0.1817     -6.753    -38       R7      0
   879      878     0.5235    -0.07821   -6.951    -38       R7      0
   880      879     0.4647    -0.3752    -7.328    -38       R7      0
   881      880     0.3202    0.05198    -7.65     -38.5     R7      0
   882      881     0.07425   0.08267    -8.089    -38.5     R8      0
   883      880     0.2113    -0.7588    -7.594    -38.3     R7      0
   884      883     0.2236    -1.229     -7.712    -38.3     R7      0
   885      884     0.1485    -1.897     -7.99     -38.8     R7      0
   886      885     0.2001    -2.114     -8.324    -38.8     R7      0
   887      886     0.2866    -2.435     -8.733    -38.8     R7      0
   888      887     0.4493    -2.695     -9.067    -38.8     R7      0
   889      888     0.526     -2.794     -9.234    -39.3     R7      0
   890      889     0.4743    -2.869     -9.512    -39.3     R7      0
   891      890     0.3738    -2.813     -9.84     -39.1     R8      0
   892      873     0.198     1.122      -5.565    -37.5     R7      0
   893      892     0.441     1.469      -5.911    -37.5     R7      0
   894      893     0.248     1.815      -6.307    -37.5     R7      0
   895      894     0.2722    2.087      -6.761    -37.2     R7      0
   896      895     0.5198    2.244      -7.248    -37.2     R7      0
   897      896     0.5198    2.36       -7.891    -37.2     R7      0
   898      897     0.5087    2.261      -8.403    -37       R7      0
   899      898     0.3298    2.182      -8.972    -37.1     R7      0
   900      899     0.5055    2.236      -9.69     -36.8     R7      0
   901      900     0.2701    1.964      -9.97     -36.9     R7      0
   902      901     0.2224    1.762      -10.27    -36.8     R7      0
   903      902     0.289     1.568      -10.51    -36.7     R7      0
   904      903     0.2508    1.349      -10.73    -36.6     R7      0
   905      904     0.3193    1.015      -10.89    -36.6     R7      0
   906      905     0.1733    0.7593     -10.97    -37.2     R7      0
   907      906     0.1266    0.5777     -11.31    -37.2     R8      0
   908      621     0.1344    2.334      -9.769    -32.2     R8      0
   909      900     0.158     2.805      -9.426    -36       R7      0
   910      909     0.1237    3.3        -9.673    -35.8     R7      0
   911      910     0.3537    2.818      -9.698    -35.3     R7      0
   912      911     0.2757    2.552      -9.475    -35.2     R7      0
   913      912     0.3057    2.236      -9.314    -34       R7      0
   914      913     0.2855    1.784      -9.24     -33.9     R7      0
   915      914     0.3126    1.549      -9.506    -33.4     R7      0
   916      915     0.2889    1.24       -9.611    -33.6     R7      0
   917      916     0.3019    0.844      -9.42     -33       R7      0
   918      917     0.2713    0.5861     -9.129    -33       R7      0
   919      918     0.2035    0.1609     -8.815    -32.7     R7      0
   920      919     0.07425   0.396      -8.287    -32.7     R8      0
   921      918     0.2861    0.9573     -8.927    -32.8     R7      0
   922      921     0.0495    1.221      -8.535    -32.7     R8      0
   923      919     0.1485    -0.06583   -9.079    -32.3     R7      0
   924      923     0.1031    -0.5608    -9.079    -32.3     R8      0
   925      899     0.2268    1.671      -8.816    -37.5     R7      0
   926      925     0.1237    1.364      -9.03     -37.9     R7      0
   927      926     0.099     1.122      -9.382    -37.9     R7      0
   928      927     0.099     0.8128     -9.215    -37.8     R7      0
   929      928     0.099     0.6089     -8.863    -37.8     R8      0
   930      899     0.4357    2.58       -9.302    -37.6     R7      0
   931      930     0.2989    3.127      -9.451    -38       R7      0
   932      931     0.297     3.514      -9.166    -38.2     R7      0
   933      932     0.2413    3.692      -8.997    -38.2     R8      0
   934      931     0.2475    3.424      -9.871    -38.2     R7      0
   935      934     0.1981    3.993      -9.97     -38.4     R7      0
   936      935     0.3218    4.566      -9.937    -38.4     R7      0
   937      936     0.1485    4.789      -10.42    -38.4     R7      0
   938      937     0.1733    4.872      -10.91    -38.6     R7      0
   939      938     0.2539    4.88       -11.22    -38.6     R7      0
   940      939     0.2965    4.748      -11.45    -38.7     R7      0
   941      940     0.4623    4.566      -11.71    -38.7     R7      0
   942      941     0.4244    4.249      -11.81    -38.9     R7      0
   943      942     0.1237    3.894      -11.65    -39.1     R7      0
   944      943     0.2383    3.527      -11.39    -39.1     R7      0
   945      944     0.2332    3.073      -11.48    -38.9     R7      0
   946      945     0.1485    2.558      -11.46    -39.4     R7      0
   947      946     0.1485    2.063      -11.46    -39.4     R7      0
   948      947     0.3689    1.599      -11.6     -39.1     R7      0
   949      948     0.4276    1.116      -11.82    -39.1     R7      0
   950      949     0.4587    0.5965     -11.81    -39.4     R7      0
   951      950     0.2219    0.008415   -11.85    -39.4     R7      0
   952      951     0.1624    -0.3866    -11.85    -39.6     R7      0
   953      952     0.1213    -0.7217    -11.8     -39.6     R7      0
   954      953     0.06894   -1.036     -11.95    -39.7     R8      0
   955      945     0.4859    2.808      -11.86    -38.4     R7      0
   956      955     0.521     2.824      -12.22    -37.8     R7      0
   957      956     0.2497    2.713      -12.76    -37.5     R7      0
   958      957     0.099     2.416      -13.22    -37.4     R7      0
   959      958     0.099     1.964      -13.48    -37.4     R8      812
   960      944     0.0495    3.35       -11.04    -39.1     R7      0
   961      960     0.06187   3.597      -11.05    -39.1     R7      0
   962      961     0.08781   3.89       -10.99    -39.1     R7      0
   963      962     0.1485    4.129      -11.05    -39.2     R7      0
   964      963     0.1226    4.336      -11.24    -39.3     R8      0
   965      941     0.5542    4.752      -11.89    -38.5     R7      0
   966      965     0.512     4.925      -11.97    -38.4     R7      0
   967      966     0.4698    5.156      -12       -38.4     R7      0
   968      967     0.1669    5.28       -12.4     -38.1     R8      0
   969      967     0.288     5.565      -12.04    -37.7     R7      0
   970      969     0.2919    5.92       -12.05    -37.7     R7      0
   971      970     0.1707    6.169      -12.17    -37.6     R7      0
   972      971     0.1123    6.386      -12.33    -37.6     R8      811
   973      936     0.3218    4.934      -9.574    -38.4     R7      0
   974      973     0.6243    5.709      -9.55     -37.3     R7      0
   975      974     0.6148    6.18       -9.525    -37.2     R7      0
   976      975     0.198     6.716      -9.261    -37       R7      0
   977      976     0.3739    7.112      -9.17     -36.7     R7      0
   978      977     0.199     7.557      -9.525    -36.7     R7      0
   979      978     0.2802    8.104      -9.889    -37       R7      0
   980      979     0.6188    8.428      -10.25    -37.1     R7      0
   981      980     0.4345    8.745      -10.33    -37.2     R7      0
   982      981     0.2923    9.086      -10.37    -37.2     R7      0
   983      982     0.1733    9.42       -10.41    -37.2     R7      0
   984      983     0.3109    9.698      -10.61    -37.4     R7      0
   985      984     0.4697    9.896      -10.82    -37.4     R7      0
   986      985     0.3465    10.17      -10.98    -37.6     R7      0
   987      986     0.1485    10.53      -11.16    -37.7     R7      0
   988      987     0.1298    10.82      -11.57    -37.7     R8      806
   989      807     0.2658    3.325      -1.023    -39.3     R7      0
   990      989     0.1274    3.684      -1.308    -39.3     R7      0
   991      990     0.1998    4.061      -1.333    -38.7     R7      0
   992      991     0.3579    4.488      -1.37     -38.2     R7      0
   993      992     0.4417    4.897      -1.503    -38.2     R7      0
   994      993     0.1733    5.28       -1.803    -37.7     R7      0
   995      994     0.2475    5.453      -2.217    -37.6     R7      0
   996      995     0.1733    5.676      -2.298    -37.6     R7      0
   997      996     0.1485    6.072      -2.644    -37.6     R7      0
   998      997     0.1485    6.468      -2.991    -37.6     R7      0
   999      998     0.1733    6.666      -3.486    -37.6     R7      0
  1000      999     0.198     6.716      -3.981    -37.4     R7      0
  1001     1000     0.198     7.062      -4.377    -37.4     R7      0
  1002     1001     0.1733    7.557      -4.822    -37.4     R7      0
  1003     1002     0.2475    7.953      -5.119    -37.5     R7      0
  1004     1003     0.2722    8.343      -5.354    -37.5     R7      0
  1005     1004     0.2722    8.844      -5.565    -37.5     R7      0
  1006     1005     0.354     9.269      -5.932    -37.5     R7      0
  1007     1006     0.1884    8.7        -6.035    -37.7     R7      0
  1008     1007     0.1612    8.326      -5.994    -37.7     R7      0
  1009     1008     0.1339    7.953      -6.01     -37.7     R8      0
  1010     1006     0.3137    9.469      -6.148    -37.4     R7      0
  1011     1010     0.09463   9.098      -6.695    -37.8     R8      0
  1012     1010     0.3054    9.8        -5.882    -37.3     R7      0
  1013     1012     0.297     10.3       -5.639    -37.3     R7      0
  1014     1013     0.3859    10.59      -5.367    -37.3     R7      0
  1015     1014     0.3127    10.88      -4.987    -37.4     R7      0
  1016     1015     0.3354    11.23      -4.649    -37.4     R7      0
  1017     1016     0.4602    11.73      -4.562    -37.4     R7      0
  1018     1017     0.3564    12.01      -4.74     -37.7     R7      0
  1019     1018     0.2153    12.23      -4.757    -37.8     R7      0
  1020     1019     0.1057    12.65      -4.431    -37.8     R8      0
  1021     1019     0.07425   12.28      -4.942    -37.8     R7      0
  1022     1021     0.2043    12.52      -5.055    -37.8     R7      0
  1023     1022     0.2354    12.75      -5.169    -37.8     R7      0
  1024     1023     0.1982    13.22      -5.321    -37.6     R7      0
  1025     1024     0.2649    13.74      -5.218    -37.8     R7      0
  1026     1025     0.3218    14.29      -5.02     -38       R7      0
  1027     1026     0.3218    14.84      -4.855    -37.8     R7      0
  1028     1027     0.3921    15.23      -4.43     -37.8     R7      0
  1029     1028     0.3497    15.42      -4.11     -37.8     R7      0
  1030     1029     0.07425   15.72      -3.799    -37.8     R8      0
  1031     1027     0.3186    15.19      -4.93     -37.7     R7      0
  1032     1031     0.2889    15.49      -4.979    -37.7     R7      0
  1033     1032     0.2269    15.99      -4.888    -37.7     R7      0
  1034     1033     0.099     16.47      -5.07     -37.7     R7      0
  1035     1034     0.1149    16.72      -5.177    -37.6     R7      0
  1036     1035     0.08692   17.01      -5.218    -37.6     R8      801
  1037     1019     0.1572    11.97      -4.553    -37.3     R7      0
  1038     1037     0.126     11.7       -4.311    -36.8     R7      0
  1039     1038     0.1083    11.3       -4.051    -36.8     R8      0
  1040     1019     0.1943    12.04      -4.489    -37.8     R7      0
  1041     1040     0.1733    11.74      -4.295    -37.9     R7      0
  1042     1041     0.1237    11.36      -4.174    -37.9     R7      0
  1043     1042     0.3163    10.89      -4.307    -37.9     R7      0
  1044     1043     0.1377    10.46      -4.572    -37.9     R8      0
  1045     1022     0.2439    12.44      -5.332    -38.4     R7      0
  1046     1045     0.1891    12.45      -5.645    -38.9     R8      0
  1047     1010     0.3131    9.657      -6.344    -37.3     R7      0
  1048     1047     0.2061    9.931      -6.441    -37.2     R7      0
  1049     1048     0.099     10.21      -6.703    -37       R7      0
  1050     1049     0.1361    10.49      -6.571    -37.1     R7      0
  1051     1050     0.1733    10.62      -6.266    -37.2     R7      0
  1052     1051     0.141     11.04      -6.318    -37.1     R8      0
  1053     1048     0.2872    9.611      -6.868    -36.4     R7      0
  1054     1053     0.2109    9.277      -7.207    -36.3     R7      0
  1055     1054     0.08794   9.061      -7.592    -35.7     R8      0
  1056     1053     0.07894   9.696      -7.099    -35.5     R7      0
  1057     1056     0.099     10.13      -7.099    -34.7     R7      0
  1058     1057     0.179     10.63      -7.248    -34.9     R7      0
  1059     1058     0.139     10.98      -7.19     -34.9     R7      0
  1060     1059     0.099     11.29      -7.108    -34.9     R8      0
  1061     1056     0.2749    9.294      -7.009    -34.2     R7      0
  1062     1061     0.386     8.89       -6.972    -34.5     R7      0
  1063     1062     0.4116    8.597      -6.976    -34.3     R7      0
  1064     1063     0.2719    8.362      -7.021    -34.3     R7      0
  1065     1064     0.1991    7.854      -7.054    -34.3     R8      0
  1066     1058     0.5142    10.97      -7.598    -33.5     R7      0
  1067     1066     0.5561    11.45      -7.665    -33.5     R7      0
  1068     1067     0.4419    11.99      -7.598    -33.4     R7      0
  1069     1068     0.3804    12.27      -7.538    -33.3     R7      0
  1070     1069     0.3189    12.61      -7.384    -33.3     R7      0
  1071     1070     0.198     13         -7.347    -33.3     R7      0
  1072     1071     0.2984    13.23      -7.14     -33       R7      0
  1073     1072     0.1237    13.35      -6.802    -33       R8      0
  1074     1072     0.1384    13.42      -7.471    -33       R7      0
  1075     1074     0.0495    13.2       -7.792    -33.1     R8      0
  1076     1069     0.2571    12.47      -7.835    -33.2     R7      0
  1077     1076     0.1337    12.77      -8.07     -33       R7      0
  1078     1077     0.1568    13.09      -8.291    -33       R7      0
  1079     1078     0.1871    13.28      -8.479    -33       R7      0
  1080     1079     0.1477    13.44      -8.735    -33.1     R7      0
  1081     1080     0.07362   13.7       -8.875    -33.2     R8      803
  1082     1066     0.6604    10.71      -8        -33.4     R7      0
  1083     1082     0.258     10.43      -8.442    -33.4     R7      0
  1084     1083     0.1237    10.13      -8.634    -33.6     R7      0
  1085     1084     0.1237    9.636      -8.733    -33.5     R7      0
  1086     1085     0.4547    9.339      -8.925    -33.4     R7      0
  1087     1086     0.2737    9.166      -9.101    -33.5     R7      0
  1088     1087     0.1124    9.095      -9.642    -33.3     R8      0
  1089     1087     0.1511    8.835      -8.711    -33.3     R7      0
  1090     1089     0.1322    8.64       -8.513    -32.8     R8      0
  1091      994     0.1562    5.708      -1.54     -37.9     R7      0
  1092     1091     0.2644    5.929      -1.31     -37.9     R8      0
  1093      992     0.2409    4.736      -1.19     -38.1     R7      0
  1094     1093     0.1237    5.092      -1.036    -38       R7      0
  1095     1094     0.07425   5.528      -0.9143   -38       R7      0
  1096     1095     0.099     6.045      -0.7905   -37.9     R7      0
  1097     1096     0.099     6.369      -0.6643   -37.8     R7      0
  1098     1097     0.1237    6.592      -0.5158   -37.7     R7      0
  1099     1098     0.1485    6.914      -0.4193   -37.6     R7      0
  1100     1099     0.3287    7.182      -0.08267  -37.6     R7      0
  1101     1100     0.396     7.207      0.3217    -37.5     R7      0
  1102     1101     0.2939    7.231      0.6806    -37.5     R7      0
  1103     1102     0.2432    7.363      1.196     -37.5     R7      0
  1104     1103     0.2228    7.417      1.468     -37.9     R7      0
  1105     1104     0.2475    7.759      1.72      -38       R7      0
  1106     1105     0.4635    8.18       1.662     -38.2     R7      0
  1107     1106     0.4189    8.621      1.819     -38.4     R7      0
  1108     1107     0.1485    8.956      2.293     -38.6     R7      0
  1109     1108     0.2351    8.959      2.711     -38.8     R7      0
  1110     1109     0.3218    9.321      2.968     -39.1     R7      0
  1111     1110     0.1733    9.541      3.316     -38.9     R7      0
  1112     1111     0.1733    9.884      3.741     -38.9     R8      810
  1113     1107     0.1575    8.871      2.041     -38.9     R7      0
  1114     1113     0.1438    9.104      2.04      -39.4     R8      0
  1115     1111     0.099     9.822      3.531     -39.5     R8      0
  1116      820     0.2174    7.254      -1.493    -40.8     R7      0
  1117     1116     0.099     7.693      -1.568    -41       R7      0
  1118     1117     0.1237    8.201      -1.407    -40.8     R8      0
  1119      996     0.2166    6.227      -2.378    -36.8     R7      0
  1120     1119     0.2223    6.487      -2.211    -36.2     R7      0
  1121     1120     0.0495    6.815      -2.1      -36.4     R8      0
  1122     1119     0.1485    6.468      -2.719    -36.6     R7      0
  1123     1122     0.2038    6.79       -2.861    -36.1     R7      0
  1124     1123     0.1485    7.186      -2.917    -36.1     R7      0
  1125     1124     0.3156    7.031      -3.182    -35.5     R7      0
  1126     1125     0.2919    7.025      -3.486    -34.9     R7      0
  1127     1126     0.3836    6.908      -3.857    -34.9     R8      0
  1128     1124     0.1564    7.168      -2.545    -34.2     R7      0
  1129     1128     0.1027    7.471      -2.304    -34       R8      0
  1130     1124     0.198     7.755      -3.04     -34.9     R7      0
  1131     1130     0.1237    8.195      -2.83     -34.9     R7      0
  1132     1131     0.1572    8.659      -2.624    -35       R7      0
  1133     1132     0.2528    9.141      -2.545    -35       R7      0
  1134     1133     0.366     9.578      -2.533    -34.7     R7      0
  1135     1134     0.4016    9.75       -2.676    -34.7     R8      0
  1136     1134     0.205     9.704      -2.199    -33.8     R7      0
  1137     1136     0.1999    9.686      -1.753    -33.7     R8      0
  1138     1134     0.3724    10.01      -2.632    -33.7     R7      0
  1139     1138     0.3651    10.18      -2.347    -33.5     R7      0
  1140     1139     0.1733    10.61      -2.075    -33.6     R7      0
  1141     1140     0.07425   10.96      -1.598    -33.7     R7      0
  1142     1141     0.123     11.15      -1.196    -33.6     R7      0
  1143     1142     0.1733    10.87      -0.7593   -33.5     R7      0
  1144     1143     0.4333    10.68      -0.2683   -33.5     R7      0
  1145     1144     0.4208    10.18      0.1277    -33.6     R7      0
  1146     1145     0.5752    9.826      0.1525    -33.8     R7      0
  1147     1146     0.2228    9.661      -0.2188   -33.4     R7      0
  1148     1147     0.1173    9.141      -0.4168   -33.5     R8      0
  1149     1146     0.4334    9.574      0.4782    -33.4     R7      0
  1150     1149     0.2587    9.253      0.8578    -33.4     R7      0
  1151     1150     0.2319    9.348      1.18      -33.2     R7      0
  1152     1151     0.2043    9.818      1.312     -33.3     R7      0
  1153     1152     0.1321    10.29      1.473     -33.3     R8      0
  1154     1150     0.1838    9.001      1.072     -33.2     R7      0
  1155     1154     0.1941    8.791      1.178     -33.2     R7      0
  1156     1155     0.2043    8.547      1.208     -33.3     R8      0
  1157     1144     0.3363    11.01      -0.2312   -33.2     R7      0
  1158     1157     0.07084   11.21      -0.1856   -33       R8      0
  1159     1147     0.1421    10.04      -0.5549   -32.9     R8      0
  1160      917     0.1521    0.3396     -9.834    -33.2     R8      0
  1161      790     0.6052    -5.065     1.786     -35       R7      0
  1162     1161     0.3659    -5.467     1.669     -35       R7      0
  1163     1162     0.1808    -5.87      2.028     -35.1     R7      0
  1164     1163     0.1485    -6.21      2.293     -35.1     R7      0
  1165     1164     0.1503    -6.55      2.652     -35.2     R8      0
  1166     1164     0.1843    -6.73      2.263     -35.5     R7      0
  1167     1166     0.2112    -7.225     2.368     -35.5     R7      0
  1168     1167     0.297     -7.732     2.244     -35.5     R7      0
  1169     1168     0.2722    -8.283     2.157     -35.4     R7      0
  1170     1169     0.396     -8.487     2.318     -35.2     R7      0
  1171     1170     0.2722    -8.623     2.708     -35.2     R7      0
  1172     1171     0.3489    -8.759     3.122     -35.1     R7      0
  1173     1172     0.3279    -8.765     3.556     -35.1     R7      0
  1174     1173     0.3657    -8.617     4.057     -35.1     R7      0
  1175     1174     0.1733    -8.413     4.354     -35.1     R7      0
  1176     1175     0.2744    -8.078     4.623     -34.9     R7      0
  1177     1176     0.4337    -7.72      4.781     -34.8     R7      0
  1178     1177     0.4571    -7.225     4.787     -34.8     R7      0
  1179     1178     0.2609    -6.835     4.651     -34.6     R7      0
  1180     1179     0.07425   -6.352     4.682     -34.6     R8      0
  1181     1177     0.2838    -7.986     5.201     -35.1     R7      0
  1182     1181     0.134     -8.326     5.592     -35.5     R7      0
  1183     1182     0.1779    -8.45      6.068     -35.6     R7      0
  1184     1183     0.146     -8.84      6.47      -35.6     R7      0
  1185     1184     0.06321   -9.409     6.681     -35.7     R8      804
  1186     1173     0.28      -9.112     3.89      -35.3     R7      0
  1187     1186     0.08686   -9.434     4.193     -35.2     R8      0
  1188      791     0.295     -4.196     2.798     -34.2     R7      0
  1189     1188     0.3099    -4.44      3.124     -33.9     R7      0
  1190     1189     0.3249    -4.796     3.302     -33.6     R7      0
  1191     1190     0.1151    -5.412     3.447     -33.3     R8      0
  1192     1190     0.2041    -4.756     2.825     -33.4     R7      0
  1193     1192     0.1481    -4.406     2.442     -33.2     R8      0
  1194      790     0.6878    -4.943     1.016     -34.6     R7      0
  1195     1194     0.4404    -5.402     0.5237    -34.2     R8      0
  1196      651     0.2469    -7.243     -3.742    -34.2     R7      0
  1197     1196     0.2172    -7.252     -4.327    -34.3     R8      0
  1198     1004     0.2105    8.11       -5.619    -37       R7      0
  1199     1198     0.1488    7.771      -5.809    -36.4     R8      0
  1200     1004     0.2351    8.654      -5.041    -37       R7      0
  1201     1200     0.1979    9.082      -4.918    -36.4     R7      0
  1202     1201     0.1886    9.63       -5.138    -35.5     R7      0
  1203     1202     0.1654    9.995      -5.698    -35.2     R8      0
  1204     1202     0.2698    9.293      -5.404    -35.2     R7      0
  1205     1204     0.173     8.903      -5.775    -35.2     R8      0
  1206     1202     0.211     10.03      -5.026    -35.3     R7      0
  1207     1206     0.2335    10.42      -4.89     -35.2     R7      0
  1208     1207     0.1186    10.93      -4.686    -34.7     R7      0
  1209     1208     0.07425   10.66      -4.307    -33.5     R7      0
  1210     1209     0.1068    10.15      -4.253    -33.5     R8      0
  1211     1208     0.325     11.4       -4.562    -33.4     R7      0
  1212     1211     0.243     11.9       -4.633    -33.2     R7      0
  1213     1212     0.2085    12.37      -4.785    -33.2     R8      0
  1214     1212     0.4353    12.2       -4.897    -32.3     R7      0
  1215     1214     0.248     12.53      -5.214    -32.3     R8      0
  1216      752     0.2372    -1.974     -5.128    -34       R7      0
  1217     1216     0.1733    -2.194     -5.466    -33.7     R7      0
  1218     1217     0.06682   -2.474     -5.81     -33.7     R8      0
  1219     1083     0.1485    10.73      -8.733    -33.6     R7      0
  1220     1219     0.1485    11.22      -8.634    -33.7     R8      0
  1221      864     0.2781    -5.487     -5.66     -37.9     R7      0
  1222     1221     0.2598    -5.56      -5.928    -37.5     R7      0
  1223     1222     0.5901    -5.607     -6.292    -37.2     R7      0
  1224     1223     0.4701    -5.798     -6.558    -37.1     R7      0
  1225     1224     0.3991    -6.142     -6.935    -37.1     R7      0
  1226     1225     0.332     -6.668     -7.174    -37.1     R7      0
  1227     1226     0.1434    -6.876     -7.42     -37.4     R7      0
  1228     1227     0.2171    -7.44      -7.419    -37.7     R7      0
  1229     1228     0.1829    -7.307     -7.144    -37.9     R7      0
  1230     1229     0.1719    -7.162     -6.938    -38       R8      0
  1231     1228     0.1643    -7.851     -7.374    -38       R7      0
  1232     1231     0.1649    -8.095     -7.231    -38       R7      0
  1233     1232     0.1655    -8.174     -6.926    -38       R8      0
  1234     1228     0.1941    -7.454     -7.054    -38.1     R7      0
  1235     1234     0.1711    -7.544     -6.649    -38.5     R7      0
  1236     1235     0.1755    -8.007     -6.675    -38.7     R7      0
  1237     1236     0.06054   -8.033     -6.165    -38.9     R8      0
  1238     1226     0.3491    -7.11      -7.251    -37.1     R7      0
  1239     1238     0.3709    -7.531     -7.282    -37.2     R7      0
  1240     1239     0.4373    -7.901     -7.071    -36.9     R7      0
  1241     1240     0.1222    -8.059     -7.425    -36.5     R7      0
  1242     1241     0.06457   -8.217     -7.78     -36.2     R8      0
  1243     1240     0.2658    -8.219     -6.821    -36.9     R7      0
  1244     1243     0.3698    -8.464     -6.625    -36.1     R7      0
  1245     1244     0.272     -8.877     -6.505    -36.1     R7      0
  1246     1245     0.2228    -9.355     -6.456    -36.2     R7      0
  1247     1246     0.1226    -9.731     -6.443    -36.1     R8      809
  1248     1243     0.2173    -8.357     -7.278    -36.2     R7      0
  1249     1248     0.1688    -8.545     -7.575    -35.5     R8      0
  1250     1243     0.2072    -8.756     -6.735    -36.2     R7      0
  1251     1250     0.1486    -9.232     -6.819    -35.5     R8      0
  1252      802     0.1352    0.6767     -0.6643   -39.8     R7      0
  1253     1252     0.1848    0.3138     -0.392    -39.8     R7      0
  1254     1253     0.2168    -0.2391    -0.3302   -39.8     R7      0
  1255     1254     0.2475    -0.6598    -0.2683   -40.1     R7      0
  1256     1255     0.2475    -1.155     -0.2683   -40       R7      0
  1257     1256     0.198     -1.6       -0.2683   -40.3     R7      0
  1258     1257     0.297     -2.095     -0.2683   -40.3     R7      0
  1259     1258     0.4813    -2.636     -0.09108  -40.3     R7      0
  1260     1259     0.4026    -3.143     0.03267   -40.2     R7      0
  1261     1260     0.3869    -3.279     0.3648    -39.4     R7      0
  1262     1261     0.3713    -3.234     0.6722    -38.7     R7      0
  1263     1262     0.099     -2.887     1.019     -38.5     R8      0
  1264     1261     0.2722    -3.787     0.4       -39       R7      0
  1265     1264     0.1602    -4.236     0.5816    -39       R8      0
  1266     1262     0.1834    -3.477     1.312     -37.5     R7      0
  1267     1266     0.1898    -3.803     1.596     -37.5     R7      0
  1268     1267     0.2475    -3.877     1.761     -37.1     R7      0
  1269     1268     0.33      -3.562     2.058     -37       R7      0
  1270     1269     0.297     -3.345     2.182     -36.8     R7      0
  1271     1270     0.0495    -2.986     2.355     -36.8     R8      0
  1272     1259     0.2964    -2.497     0.4064    -39.4     R7      0
  1273     1272     0.1701    -2.244     0.8702    -39.5     R8      0
  1274     1260     0.2694    -3.464     0.1574    -40.2     R7      0
  1275     1274     0.1237    -3.65      0.697     -40.2     R7      0
  1276     1275     0.1237    -3.998     1.072     -40.1     R7      0
  1277     1276     0.1368    -4.406     1.152     -40.1     R8      0
  1278     1274     0.244     -3.751     -0.05297  -39.5     R7      0
  1279     1278     0.5059    -4.184     -0.2411   -39.6     R7      0
  1280     1279     0.4543    -4.558     -0.246    -39.7     R7      0
  1281     1280     0.1733    -4.824     0.1153    -39.9     R7      0
  1282     1281     0.1733    -5.313     0.5237    -39.7     R7      0
  1283     1282     0.3317    -5.758     0.8826    -39.7     R7      0
  1284     1283     0.553     -6.09      1.332     -39.8     R7      0
  1285     1284     0.5008    -6.538     1.675     -39.9     R7      0
  1286     1285     0.5369    -6.959     1.835     -40       R7      0
  1287     1286     0.3465    -7.045     1.959     -40.4     R7      0
  1288     1287     0.198     -7.194     2.454     -40.5     R7      0
  1289     1288     0.2755    -7.615     2.935     -40.5     R7      0
  1290     1289     0.4064    -7.8       3.358     -40.4     R7      0
  1291     1290     0.2403    -8.041     3.525     -40.7     R7      0
  1292     1291     0.1569    -8.415     3.745     -41       R7      0
  1293     1292     0.07932   -8.86      3.968     -41       R8      0
  1294      686     0.1717    -11.48     -2.022    -38.7     R7      0
  1295     1294     0.3587    -11.29     -1.65     -39.3     R7      0
  1296     1295     0.3927    -11        -1.192    -39.4     R7      0
  1297     1296     0.2669    -10.49     -1.4      -39.5     R7      0
  1298     1297     0.212     -10.15     -1.497    -39.7     R7      0
  1299     1298     0.1513    -10.03     -1.149    -39.7     R7      0
  1300     1299     0.099     -9.805     -0.9405   -39.7     R8      0
  1301     1298     0.2126    -10.35     -1.687    -39.7     R7      0
  1302     1301     0.297     -10.61     -2.001    -39.6     R8      0
  1303     1296     0.3467    -11.39     -0.986    -39.9     R7      0
  1304     1303     0.1412    -11.8      -0.7633   -40       R8      0
  1305     1296     0.3218    -10.56     -0.8539   -39.5     R7      0
  1306     1305     0.4207    -10.39     -0.4579   -39.5     R7      0
  1307     1306     0.5515    -10.16     0.03712   -38.8     R7      0
  1308     1307     0.4323    -10.23     0.5608    -39       R7      0
  1309     1308     0.375     -10.49     0.9608    -39       R7      0
  1310     1309     0.5252    -10.42     1.382     -38.8     R7      0
  1311     1310     0.7549    -10.2      1.689     -38.8     R7      0
  1312     1311     0.8756    -9.883     1.943     -38.8     R7      0
  1313     1312     0.6462    -9.644     2.124     -39.1     R8      808
  1314     1310     0.2012    -11.1      1.353     -39       R7      0
  1315     1314     0.1343    -11.65     1.316     -39.1     R8      0
  1316     1312     0.1727    -9.908     2.136     -39       R7      0
  1317     1316     0.1712    -10.17     2.442     -39.2     R7      0
  1318     1317     0.1697    -10.47     2.355     -39.3     R7      0
  1319     1318     0.1839    -10.83     2.186     -39.5     R7      0
  1320     1319     0.198     -11.07     2.05      -39.6     R8      0
  1321     1311     0.4295    -10.28     1.328     -40.2     R7      0
  1322     1321     0.3098    -10.56     1.068     -40.2     R7      0
  1323     1322     0.1742    -10.71     0.738     -40.3     R7      0
  1324     1323     0.1386    -11.05     0.4331    -40.3     R7      0
  1325     1324     0.08358   -11.39     0.2762    -40.5     R8      0
  1326      690     0.3775    -13.11     -1.269    -39.1     R7      0
  1327     1326     0.2051    -13.44     -0.8831   -39.4     R7      0
  1328     1327     0.2326    -13.98     -0.9202   -39.4     R7      0
  1329     1328     0.1023    -14.36     -1.202    -39.4     R8      802
  1330      684     0.2933    -10.75     -2.255    -38       R7      0
  1331     1330     0.2071    -10.29     -2.309    -38.5     R8      0
  1332     1295     0.2288    -10.98     -1.974    -39.7     R7      0
  1333     1332     0.1109    -10.6      -2.24     -40       R7      0
  1334     1333     0.1237    -10.2      -2.644    -40       R7      0
  1335     1334     0.3157    -10.48     -2.696    -39.8     R7      0
  1336     1335     0.3493    -10.71     -2.814    -39.6     R7      0
  1337     1336     0.2949    -11.01     -3.212    -39.4     R7      0
  1338     1337     0.3047    -10.94     -3.667    -39.3     R7      0
  1339     1338     0.099     -10.72     -4.101    -38.9     R8      807
  1340      973     0.3929    5.045      -9.166    -38.7     R7      0
  1341     1340     0.5165    5.231      -8.791    -38.5     R7      0
  1342     1341     0.522     5.396      -8.238    -38.5     R7      0
  1343     1342     0.3404    5.808      -7.718    -38.3     R7      0
  1344     1343     0.4175    6.122      -7.33     -38.2     R7      0
  1345     1344     0.3453    6.613      -6.972    -38.2     R7      0
  1346     1345     0.2835    7.033      -7.041    -38.2     R7      0
  1347     1346     0.3299    7.297      -7.223    -38.2     R7      0
  1348     1347     0.2114    7.805      -7.099    -38.2     R8      0
  1349     1346     0.2044    6.877      -7.429    -38.7     R7      0
  1350     1349     0.1533    6.501      -7.768    -38.7     R8      0
  1351      925     0.3545    1.32       -8.627    -38.5     R7      0
  1352     1351     0.3094    0.844      -8.627    -38.7     R7      0
  1353     1352     0.2922    0.4207     -8.617    -38.7     R7      0
  1354     1353     0.293     0.04356    -8.657    -38.7     R7      0
  1355     1354     0.3846    -0.2267    -8.815    -38.7     R7      0
  1356     1355     0.2615    -0.1401    -9.236    -38.9     R7      0
  1357     1356     0.2298    -0.1317    -9.533    -39       R7      0
  1358     1357     0.1867    0.05792    -9.789    -39.1     R8      0
  1359     1356     0.1733    -0.54      -9.306    -38.9     R7      0
  1360     1359     0.1485    -0.8435    -9.174    -38.9     R7      0
  1361     1360     0.1237    -1.241     -9.224    -38.9     R8      0
  1362     1360     0.198     -0.7133    -9.57     -38.8     R7      0
  1363     1362     0.06243   -1.056     -9.921    -38.6     R8      0
  1364     1346     0.2826    7.009      -6.629    -38.8     R7      0
  1365     1364     0.191     7.12       -6.41     -38.8     R7      0
  1366     1365     0.1968    7.322      -6.307    -39.4     R7      0
  1367     1366     0.09322   7.557      -6.703    -39.5     R8      0
  1368      817     0.1776    5.569      -1.96     -40.9     R7      0
  1369     1368     0.1322    5.151      -2.118    -40.9     R7      0
  1370     1369     0.1297    4.87       -2.269    -40.9     R8      0
  1371      856     0.2074    -1.697     -4.437    -38.7     R7      0
  1372     1371     0.2238    -1.567     -4.039    -39.1     R7      0
  1373     1372     0.1237    -1.217     -3.721    -39.2     R7      0
  1374     1373     0.2475    -1.287     -3.321    -39.1     R7      0
  1375     1374     0.2218    -1.633     -3.176    -38.9     R7      0
  1376     1375     0.08546   -1.819     -3.021    -38.5     R8      0
  1377      751     0.1568    -1.301     -4.888    -36.6     R7      0
  1378     1377     0.1911    -0.8826    -4.938    -38.5     R7      0
  1379     1378     0.07425   -0.639     -5.173    -38.5     R7      0
  1380     1379     0.168     -0.3217    -5.334    -38.5     R7      0
  1381     1380     0.1118    -0.06781   -5.509    -38.5     R8      0
