#   
#   Starburst amacrine from confocal stack image TIFF168.tif from Alon Poleg-Polsky   
#   
#   Converted using Neuromantic from reconstruction sbac_168_ben.swc    
#     by Ben Ballintyn and Moriah Cesaretti using    
#     neuroman2ncsbac and neuroman2nc_reg.   
#   
#     Converted from sbac_168 using neuroman2ncc2 with diascale=1.0, xscale=yscale=2.0.   
#  
#     Converted from sbac_168c3 using set_morph_file_flat --radthresh 20 morph_sbac_168c3 > morph_sbac_168c4  
#     Converted from sbac_168c4 by fixing small dia (0.1x, 0.2x 0.3x)   
#  
#   Soma z offset = 18 um (rezeroed by neuroman2nc_reg).   
#  
#    soma moved ~(15,6) to allow set_morp_file_reg to use soma position 
#    set_morph_file_reg 
#    move soma back, run center_soma   
#    manually set zdist for proximal nodes 
#   
#   node  parent    dia       xbio       ybio      zbio      region   dendr   
#   
     0        0     dsomadia   0          0         0        SOMA      0
     1        0     2.113      0          0         6        R1        0
     2        1     1.2661     3.29       5.053     10       R1        0
     3        2     1.463      5.6        8.728     14       R1        0
     4        3     0.9351     9.84       13.58     15       R1        0
     5        4     0.9337     12.59      17.36     15       R1        0
     6        5     0.8735     14.45      21.23     15       R1        0
     7        6     1.359      15.55      24.46     15       R2        0
     8        7     1.246      16.15      28.35     15       R2        0
     9        8     0.9163     16.99      36.33     15       R2        0
    10        9     1.414      17.27      39.91     15       R2        0
    11       10     0.5088     20.21      40.97     15       R2        0
    12       11     0.737      22.99      43.61     15       R3        0
    13       12     0.6968     22.99      47.09     15       R3        0
    14       10     1.245      13.51      45.87     15       R3        0
    15       14     0.9044     16.25      48.41     15       R3        0
    16       15     0.9905     18.33      49.99     15       R3        0
    17       16     0.9282     20.39      52.25     15       R3        0
    18       17     1.181      22.59      55.85     15       R3        0
    19       18     1.036      23.69      60.31     15       R3        0
    20       19     0.8968     27.17      59.83     15       R3        0
    21       19     0.9185     23.07      64.93     15       R5        0
    22       21     0.8735     20.91      67.53     15       R5        0
    23       22     1.138      18.19      71.55     15       R5        0
    24       23     1.036      16.07      74.19     15       R5        0
    25       24     0.9528     15.49      78.23     15       R5        0
    26       25     1.231      14.57      81.43     15       R5        0
    27       26     0.9243     11.6       83.27     15       R5        0
    28       27     1.149      10.1       87.05     15       R6        0
    29       28     1.613      7.79       90.35     15       R6        0
    30       29     1.056      10.28      92.91     15       R6        0
    31       30     1.138      14.17      93.53     15       R6        0
    32       31     0.9948     15.63      95.09     15       R6        0
    33       32     0.9863     16.77      100       15       R6        0
    34       33     2.322      19.77      102.1     15       R6        0
    35       34     1.282      20.87      106.7     15       R7        0
    36       35     0.9045     18.53      109       15       R7        0
    37       36     0.9602     18.41      111.4     15       R7        0
    38       37     0.9035     16.69      113.4     15       R7        0
    39       38     0.813      14.75      111.8     15       R7        0
    40        1     0.81       -6.07      8.062     14       R2        0
    41       40     0.842      -10.77     11.7      15       R2        0
    42       41     0.82       -12.75     14.11     15       R2        0
    43       42     0.8858     -14.5      16.48     15       R2        0
    44       43     0.878      -15.6      19.78     15       R2        0
    45       44     0.8471     -17.97     22.85     15       R3        0
    46       45     0.8685     -19.62     26.09     15       R3        0
    47       46     0.8705     -21.7      27.13     15       R3        0
    48       47     0.8874     -25.71     27.51     15       R3        0
    49       48     1.032      -29.99     30.27     15       R3        0
    50       49     0.7042     -32.53     30.91     15       R3        0
    51       50     0.8545     -35.33     29.61     15       R3        0
    52       51     0.8789     -39.89     29.45     15       R5        0
    53       52     0.9354     -43.13     29.49     15       R5        0
    54       53     0.7141     -47.79     30.69     15       R5        0
    55       54     1.057      -49.83     33.11     15       R5        0
    56       55     0.4296     -49.11     37.13     15       R5        0
    57       56     0.6615     -48.45     40.59     15       R5        0
    58       57     0.7807     -52.03     43.89     15       R5        0
    59       58     0.9208     -58.39     45.71     15       R6        0
    60       59     0.541      -61.81     41.63     15       R6        0
    61       60     0.4944     -64.71     39.27     15       R6        0
    62       61     0.6067     -68.39     36.75     15       R6        0
    63       62     0.6795     -74.21     36.91     15       R6        0
    64       63     0.5064     -79.55     35.09     15       R7        0
    65       64     0.6067     -85.09     35.21     15       R7        0
    66       65     1.067      -87.03     39.93     15       R7        0
    67       66     0.5656     -90.73     42.03     15       R7        0
    68       67     1.12       -97.33     42.29     15       R7        0
    69       68     0.5602     -103.9     42.19     15       R8        0
    70       69     1.055      -108.3     43.77     15       R8        0
    71       70     1.584      -112.3     46.91     15       R8        0
    72       71     0.8858     -118       46.91     15       R9        0
    73       72     1.026      -121       47.25     15       R9        0
    74       73     0.4429     -124.9     49.59     15       R9        0
    75       74     0.6142     -128.9     51.09     15       R9        0
    76       75     1.265      -133       50.25     15       R9        0
    77       76     0.6592     -137.4     49.99     15       R9        0
    78       59     1.131      -60.43     51.85     15       R6        0
    79       78     0.8166     -65.59     58.27     15       R6        0
    80       79     0.8385     -68.77     60.69     15       R7        0
    81       80     0.6592     -73.29     60.75     15       R7        0
    82       81     0.978      -78.45     63.77     15       R7        0
    83       82     1.671      -81.37     65.37     15       R7        0
    84       83     0.8685     -85.09     64.65     15       R7        0
    85       84     0.6683     -88.33     59.65     15       R7        0
    86       85     1.36       -89.23     57.73     15       R7        0
    87       86     0.541      -92.73     57.19     15       R8        0
    88       87     0.8874     -95.33     55.65     15       R8        0
    89       88     0.9903     -98.73     55.81     15       R8        0
    90       89     1.159      -103.8     56.09     15       R8        0
    91       90     0.6615     -109.2     57.01     15       R8        0
    92       91     0.6615     -118.8     54.15     15       R9        0
    93       71     1.099      -112.4     53.61     15       R8        0
    94       93     2.137      -113.1     57.41     15       R8        0
    95       94     1.111      -113.5     61.35     15       R9        0
    96       95     0.8685     -117.6     63.99     15       R9        0
    97       96     1.1        -117.7     67.61     15       R9        0
    98       97     0.9888     -117.9     78.33     15       R9        0
    99       98     1.079      -119.5     82.99     15       R9        0
   100       53     0.7324     -48.83     28.15     15       R5        0
   101      100     0.6753     -50.59     25.59     15       R5        0
   102      101     1.089      -53.73     21.42     15       R5        0
   103      102     1.108      -58.05     20.91     15       R5        0
   104      103     0.9265     -63.17     22.59     15       R6        0
   105      104     0.7541     -67.51     23.69     15       R6        0
   106      105     0.7324     -70.49     24.49     15       R6        0
   107      106     0.4632     -74.01     23.47     15       R6        0
   108      107     0.5127     -80.75     23.84     15       R6        0
   109      108     0.4662     -84.35     22.01     15       R7        0
   110      109     0.6592     -90.03     21.79     15       R7        0
   111      110     0.8541     -93.63     19.66     15       R7        0
   112      110     0.894      -96.63     28.01     15       R7        0
   113      112     0.691      -99.73     28.59     15       R7        0
   114      113     1.018      -101.9     24.93     15       R8        0
   115      113     0.5282     -101.7     31.09     15       R8        0
   116      115     0.4455     -103.9     31.09     15       R8        0
   117      116     0.6215     -106.2     31.81     15       R8        0
   118      117     1.01       -109.3     33.67     15       R8        0
   119      118     0.4944     -114.7     33.33     15       R8        0
   120      119     0.8111     -119       31.13     15       R8        0
   121      120     0.4913     -121.2     29.23     15       R8        0
   122      121     0.4341     -125.2     29.33     15       R9        0
   123      122     0.737      -127.5     30.11     15       R9        0
   124      123     1.351      -129.3     30.87     15       R9        0
   125      124     0.9354     -131.2     27.95     15       R9        0
   126      125     0.453      -133.8     26.59     15       R9        0
   127      126     0.5521     -137.4     26.37     15       R9        0
   128      127     0.6142     -140       27.47     15       R9        0
   129      128     0.7162     -145.4     28.61     15       R9        0
   130      129     0.8807     -150.3     28.35     15       R9        0
   131      107     1.6        -77.97     21.93     15       R6        0
   132      131     0.7922     -80.03     19        15       R6        0
   133      132     0.8286     -88.53     12.78     15       R7        0
   134      133     0.906      -94.43     9.844     15       R7        0
   135      134     0.5182     -96.33     7.796     15       R7        0
   136      135     1.321      -102.5     6.75      15       R7        0
   137      136     1.05       -105.1     4.446     15       R8        0
   138      137     0.6683     -108.3     5.159     15       R8        0
   139      138     0.4845     -111.8     5.431     15       R8        0
   140      139     0.6683     -116.3     6.592     15       R8        0
   141      140     0.8258     -120.4     7.629     15       R8        0
   142      141     0.7141     -124.3     6.697     15       R9        0
   143      142     0.9903     -127.9     6.258     15       R9        0
   144      143     0.9354     -132.3     6.31      15       R9        0
   145      144     1.032      -135.8     8.402     15       R9        0
   146      103     0.8598     -60.37     17.9      15       R5        0
   147      146     1.099      -64.27     15.05     15       R6        0
   148      147     0.9451     -67.79     12.74     15       R6        0
   149      148     0.4693     -69.87     9.94      15       R6        0
   150      149     0.9354     -72.03     7.084     15       R6        0
   151      150     0.429      -73.55     5.713     15       R6        0
   152      103     1.296      -53.17     17.74     15       R5        0
   153      152     1.21       -50.43     15.43     15       R5        0
   154      153     0.8166     -51.27     12.74     15       R5        0
   155      154     0.6637     -53.01     10.38     15       R5        0
   156      155     0.4517     -56.37     8.508     15       R5        0
   157      156     0.739      -59.49     6.477     15       R5        0
   158      157     0.6067     -62.69     6.205     15       R6        0
   159      158     0.6992     -64.89     2.356     15       R6        0
   160       49     0.824      -30.17     35.27     15       R3        0
   161      160     0.8258     -30.49     42.23     15       R5        0
   162      161     0.8651     -31.81     47.17     15       R5        0
   163      162     0.839      -34.01     50.75     15       R5        0
   164      163     0.8141     -35.33     55.69     15       R5        0
   165      164     0.869      -34.83     59.43     15       R5        0
   166      165     0.9718     -37.57     61.69     15       R5        0
   167      166     0.8385     -41.37     66.79     15       R6        0
   168      167     0.5916     -47.25     68.11     15       R6        0
   169      168     0.5839     -51.59     70.97     15       R6        0
   170      169     1.155      -53.35     74.97     15       R6        0
   171      170     0.8166     -47.97     76.35     15       R6        0
   172      170     0.906      -55.27     78.33     15       R7        0
   173      172     1.1        -55.93     80.57     15       R7        0
   174      173     1.239      -53.39     86.41     15       R7        0
   175       78     1.111      -58.89     55.21     15       R6        0
   176      175     1.132      -61.31     61.69     15       R6        0
   177      176     0.541      -64.01     66.13     15       R7        0
   178      177     0.9903     -67.41     68.99     15       R7        0
   179      178     1.183      -70.75     72.73     15       R7        0
   180      179     1.082      -71.97     76.79     15       R7        0
   181      180     0.8367     -74.49     80.19     15       R7        0
   182      181     0.8858     -76.47     84.37     15       R8        0
   183      182     0.541      -74.71     87.17     15       R8        0
   184      183     1.127      -72.35     86.35     15       R7        0
   185      184     0.978      -70.65     82.01     15       R7        0
   186      185     0.9451     -68.77     79.11     15       R7        0
   187      186     0.739      -65.59     75.85     15       R7        0
   188      187     1.036      -62.85     72.51     15       R7        0
   189      188     0.5064     -60.21     69.71     15       R7        0
   190      173     0.8166     -61.25     81.19     15       R7        0
   191      190     0.5942     -64.67     86.57     15       R7        0
   192      191     0.7998     -66.91     91.95     15       R7        0
   193      192     0.6968     -69.95     92.35     15       R8        0
   194      193     0.5407     -72.59     90.31     15       R8        0
   195      194     0.6006     -74.93     93.93     15       R8        0
   196      195     0.5179     -77.75     95.97     15       R8        0
   197      196     0.8455     -77.79     99.27     15       R8        0
   198      197     1.247      -82.37     101.6     15       R8        0
   199      198     0.755      -86.03     104.4     15       R9        0
   200      199     1.015      -88.23     106.2     15       R9        0
   201      200     1.104      -89.53     110.1     15       R9        0
   202      197     0.8258     -76.31     102.7     15       R8        0
   203      202     0.7998     -77.57     106.5     15       R8        0
   204      203     0.5839     -75.53     109.5     15       R8        0
   205      202     0.5916     -73.51     99.65     15       R8        0
   206      182     0.7162     -80.81     85.41     15       R8        0
   207      206     1.274      -85.93     86.95     15       R8        0
   208      207     0.4944     -90.63     86.29     15       R8        0
   209      208     0.5211     -93.33     86.51     15       R8        0
   210      209     0.429      -97.33     87.77     15       R8        0
   211      210     0.4725     -99.93     89.93     15       R9        0
   212      207     0.4747     -90.63     88.71     15       R8        0
   213      212     0.6615     -91.93     91.45     15       R8        0
   214      213     1.055      -89.83     93.83     15       R8        0
   215      167     0.9403     -41.91     72.07     15       R6        0
   216      215     0.8789     -41.35     78.25     15       R6        0
   217      216     0.7324     -44.13     81.63     15       R6        0
   218      217     0.9323     -47.43     84.49     15       R7        0
   219      218     0.7888     -49.41     86.45     15       R7        0
   220      219     0.4429     -49.11     89.81     15       R7        0
   221      220     1.159      -50.97     93.87     15       R7        0
   222      221     1.013      -53.83     97.77     15       R7        0
   223      222     1.99       -56.63     99.87     15       R7        0
   224      223     0.6683     -61.43     99.97     15       R8        0
   225      224     1.159      -64.17     102.2     15       R8        0
   226      225     1.208      -66.03     104.8     15       R8        0
   227      226     0.4913     -64.17     106.5     15       R8        0
   228      226     0.6142     -68.33     106.9     15       R8        0
   229      228     0.8111     -70.15     110       15       R8        0
   230      223     1.05       -55.87     103.4     15       R8        0
   231      230     0.6795     -57.79     107.9     15       R8        0
   232      231     0.901      -58.95     111       15       R8        0
   233      232     0.7471     -61.97     112.3     15       R8        0
   234      233     1.008      -65.87     113.9     15       R8        0
   235      234     1.131      -68.89     116.5     15       R8        0
   236      235     1.01       -76.75     118.3     15       R9        0
   237      236     1.404      -77.51     120.8     15       R9        0
   238      237     0.5839     -79.27     123.2     15       R9        0
   239      236     0.8528     -74.65     115.3     15       R9        0
   240      239     0.4341     -75.27     112.3     15       R8        0
   241       14     0.9287     11.24      49.47     15       R3        0
   242      241     1.026      8.42       52.77     15       R3        0
   243      242     0.9915     6.88       56.29     15       R3        0
   244      243     0.9131     6.07       61.31     15       R3        0
   245      244     0.971      5.71       64.53     15       R5        0
   246      245     0.8839     7.79       66.95     15       R5        0
   247      246     1.442      9.38       70.41     15       R5        0
   248      245     0.9768     1.54       65.59     15       R5        0
   249      248     0.9142     -3.3       65.85     15       R5        0
   250      249     0.9338     -9.08      67.73     15       R5        0
   251      250     0.9208     -10.99     70.55     15       R5        0
   252      251     1.594      -10.83     77.83     15       R5        0
   253      252     1.2592     -10        81.29     15       R6        0
   254      253     1.329      -13.13     84.81     15       R6        0
   255      254     1.759      -17.2      91.51     15       R6        0
   256      255     1.228      -19.78     97.67     15       R6        0
   257      256     0.9593     -24.73     99.59     15       R7        0
   258      257     1.63       -31.09     103       15       R7        0
   259      258     1.112      -35.45     106.7     15       R7        0
   260      259     2.099      -38.23     109.1     15       R7        0
   261      260     0.8313     -42.85     109.9     15       R7        0
   262      261     1.05       -48.45     110       15       R8        0
   263      262     1.127      -52.51     111.9     15       R8        0
   264      263     0.5182     -55.15     115.7     15       R8        0
   265      264     1.631      -58.07     118.7     15       R8        0
   266      265     0.8258     -57.29     122.2     15       R8        0
   267      266     1.013      -57.35     124.4     15       R8        0
   268      267     1.183      -60.99     125.2     15       R9        0
   269      268     0.978      -64.39     127.7     15       R9        0
   270      265     0.8385     -60.21     120.2     15       R8        0
   271      270     0.7471     -62.07     121.6     15       R8        0
   272      271     0.824      -64.39     122.2     15       R9        0
   273      272     0.8858     -69.43     123.1     15       R9        0
   274      273     0.9208     -73.67     123.8     15       R9        0
   275      274     1.05       -76.85     125.9     15       R9        0
   276      275     1.12       -81.19     127.2     15       R9        0
   277      276     0.6263     -83.23     125       15       R9        0
   278      277     0.9208     -86.53     124.6     15       R9        0
   279      278     0.6615     -89.83     124.7     15       R9        0
   280      279     0.8545     -93.93     126.1     15       R9        0
   281      280     0.6615     -96.53     129       15       R9        0
   282      281     1.154      -97.53     130.7     15       R9        0
   283      282     1.032      -96.33     131.8     15       R9        0
   284      282     0.9718     -101       131.6     15       R9        0
   285      284     1.159      -104.7     132       15       R9        0
   286      276     1.127      -83.05     128.8     15       R9        0
   287      286     1.478      -86.73     133.3     15       R9        0
   288      287     0.6992     -89.23     135.5     15       R9        0
   289      288     0.6883     -92.63     136.7     15       R9        0
   290      289     1.132      -96.83     138.1     15       R9        0
   291      290     1.711      -100.9     137.9     15       R9        0
   292      291     0.9338     -105.3     138.5     15       R9        0
   293      292     0.7998     -109.3     136.5     15       R9        0
   294      293     1.391      -112.7     135.8     15       R9        0
   295      292     0.8942     -109.1     143       15       R9        0
   296      260     1.214      -37.03     113.2     15       R7        0
   297      296     0.9948     -34.83     115.1     15       R8        0
   298      297     0.739      -31.71     112.7     15       R7        0
   299      297     0.6263     -31.93     116.5     15       R8        0
   300      299     0.8942     -30.21     119.4     15       R8        0
   301      300     0.7471     -27.81     120.5     15       R8        0
   302      301     0.7631     -24.07     125.3     15       R8        0
   303      300     1.206      -31.93     122.8     15       R8        0
   304      303     0.4974     -36.21     122.4     15       R8        0
   305      304     0.9888     -37.91     122.1     15       R8        0
   306      305     0.901      -37.63     118.6     15       R8        0
   307      305     0.9354     -42.03     122.8     15       R8        0
   308      307     0.5493     -44.61     122.5     15       R8        0
   309      308     1.875      -45.61     126.4     15       R8        0
   310      309     0.4395     -45.05     131       15       R8        0
   311      310     1.492      -45.11     135.7     15       R9        0
   312      311     1.703      -43.89     140       15       R9        0
   313      312     0.643      -47.69     141.9     15       R9        0
   314      313     0.5735     -53.23     142.1     15       R9        0
   315      312     1.268      -41.81     147.8     15       R9        0
   316      315     0.6948     -43.07     152.6     15       R9        0
   317        1     1.809      0.54       -0.554    10       R2        0
   318      317     1.611      0.1        -5.54     14       R2        0
   319      318     1.12       -0.56      -8.68     15       R2        0
   320      319     1.066      -1.95      -12.42    15       R2        0
   321      320     0.906      -5.83      -10.22    15       R2        0
   322      318     0.8947     3.68       -7.73     15       R2        0
   323      322     0.8165     7.95       -7.45     15       R2        0
   324      323     0.7589     9.64       -3.74     15       R2        0
   325      324     1.008      12.92      1.388     15       R2        0
   326      325     0.8549     10.39      9.264     15       R2        0
   327      326     1.646      0.98       15.64     15       R2        0
   328      327     0.6968     1.54       19.99     15       R2        0
   329      328     1.081      3.99       24.42     15       R2        0
   330      329     0.8303     3.65       27.91     15       R2        0
   331      330     0.8865     -0.15      29.23     15       R2        0
   332      331     1.016      -4.29      32.65     15       R2        0
   333      332     1.582      -7.62      35.41     15       R3        0
   334      333     0.5179     -11.69     35.11     15       R3        0
   335      334     1.402      -13.19     32.81     15       R3        0
   336      335     0.4228     -13.96     31.49     15       R3        0
   337        8     0.9142     13.12      31.75     15       R2        0
   338      337     1.05       10.54      34.55     15       R2        0
   339      338     1.176      8.84       36.09     15       R2        0
   340        8     0.6948     20.31      29.67     15       R2        0
   341      340     1.479      24.93      32.67     15       R2        0
   342      341     0.6042     25.31      36.37     15       R2        0
   343        7     0.9549     19.07      23.99     15       R2        0
   344       46     0.9156     -19.71     30.27     15       R3        0
   345      344     1.135      -19.12     34.31     15       R3        0
   346      345     0.8797     -18.72     37.27     15       R3        0
   347      346     0.776      -18.42     42.41     15       R3        0
   348      347     0.986      -14.91     45.49     15       R3        0
   349      348     1.282      -13.49     48.23     15       R3        0
   350      349     1.253      -17.95     50.75     15       R3        0
   351      350     0.7214     -22.24     53.71     15       R5        0
   352      351     0.8541     -26.19     56.79     15       R5        0
   353      352     0.7111     -26.37     61.91     15       R5        0
   354      353     0.4953     -25.1      63.73     15       R5        0
   355       12     0.809      25.97      44.49     15       R3        0
   356      355     0.8493     28.27      45.51     15       R3        0
   357      356     1.183      29.91      49.47     15       R3        0
   358      357     0.8179     31.89      52.99     15       R3        0
   359      358     0.8179     34.45      55.25     15       R3        0
   360      359     0.8733     37.27      56.53     15       R3        0
   361      360     1.107      39.83      58.01     15       R3        0
   362      361     0.9483     39.71      64.09     15       R5        0
   363      362     0.8598     38.01      67.51     15       R5        0
   364      363     0.9338     36.53      70.53     15       R5        0
   365      364     0.8313     37.95      73.93     15       R5        0
   366      365     1.013      42.85      76.03     15       R5        0
   367      366     0.6705     46.07      77.57     15       R5        0
   368      367     1.008      48.49      79.99     15       R6        0
   369      368     0.824      51.91      84.37     15       R6        0
   370      369     0.9903     52.95      87.07     15       R6        0
   371      370     0.6067     53.77      90.47     15       R6        0
   372      371     0.9142     55.75      92.83     15       R6        0
   373      372     0.737      60.21      93.93     15       R6        0
   374      373     0.8656     63.65      95.63     15       R7        0
   375      374     0.9338     68.55      95.73     15       R7        0
   376      375     1.673      73.17      96.89     15       R7        0
   377      376     0.739      75.97      98.65     15       R7        0
   378      377     1.183      78.11      103.5     15       R7        0
   379      378     1.104      77.79      108.5     15       R8        0
   380      379     1.104      77.23      111.6     15       R8        0
   381      380     0.906      77.57      116       15       R8        0
   382      381     0.9354     80.79      118       15       R8        0
   383      382     1.4        84.97      121.2     15       R8        0
   384      383     1.013      88.11      123       15       R8        0
   385      384     0.7329     92.55      122.3     15       R9        0
   386      385     0.4429     95.37      124.2     15       R9        0
   387      386     0.7768     99.37      124.6     15       R9        0
   388      387     0.7865     103.7      122.7     15       R9        0
   389      388     0.8258     108.4      122.4     15       R9        0
   390      389     0.4429     113        122       15       R9        0
   391      333     1.523      -9.35      41.23     15       R3        0
   392      391     1.239      -8.57      44.87     15       R3        0
   393      392     0.6263     -6         46.73     15       R3        0
   394      393     0.4884     -3.8       47.61     15       R3        0
   395      394     0.6263     -3.14      49.93     15       R3        0
   396      395     1.296      0          51.35     15       R3        0
   397      396     0.769      0.44       55.37     15       R3        0
   398      397     0.5064     -4.4       57.73     15       R3        0
   399      398     0.8258     -4.56      61.69     15       R5        0
   400      399     0.9163     -4.55      70.97     15       R5        0
   401      400     1.508      -6.76      74.11     15       R5        0
   402      401     1.155      -5.88      79.47     15       R5        0
   403      402     0.8858     -7.25      84.37     15       R6        0
#   404      403     0.8385     -24.01     80.58     20       R6        0  
#   405      404     1.287      -25.16     84.7      20       R6        0  
#   406      405     0.5493     -27.8      87.96     20       R6        0  
#   407      406     0.7865     -27.42     92.46     20       R6        0  
   408      402     0.5438     -2.48      82.01     15       R5        0
   409      408     0.7471     -0.61      84.15     15       R6        0
#   410      409     1.099      -14.83     81.24     20       R6        0  
#   411      410     0.4999     -14.56     83.66     20       R6        0  
   412      403     1.265      -5.22      86.85     15       R6        0
   413      412     1.155      -7.2       90.15     15       R6        0
   414      413     0.8258     -7.1       94.87     15       R6        0
#   415      414     0.8313     -20.83     91.02     20       R6        0  
#   416      415     0.9718     -23.4      94.38     20       R6        0  
#   417      416     0.4693     -27.42     96.08     20       R7        0  
#   418      417     0.643      -30.55     97.34     20       R7        0  
   419      256     1.21       -19.89     102.7     15       R7        0
   420      419     0.6615     -18.02     106       15       R7        0
   421      420     1.147      -15.94     108.6     15       R7        0
   422      421     0.769      -15.6      111.9     15       R7        0
   423      422     1.33       -15.11     114.1     15       R7        0
   424      423     0.4725     -10.5      112       15       R7        0
   425      250     1.099      -13.74     64.93     15       R5        0
   426      425     2.133      -16.04     64.37     15       R5        0
   427      426     0.771      -15.6      60.25     15       R5        0
   428      427     0.7141     -15.99     57.57     15       R5        0
   429      303     0.4517     -31.15     126.5     15       R8        0
   430      429     0.6948     -28.57     128.7     15       R8        0
   431      430     1.112      -26.53     130.1     15       R8        0
   432      431     1.208      -25.83     134       15       R8        0
   433      432     0.9142     -25.83     136.7     15       R8        0
   434      433     0.5493     -28.03     140.3     15       R9        0
   435       29     1.344      3.58       91.41     15       R6        0
   436      435     1.674      2.96       95.73     15       R6        0
   437      436     0.9093     2.1        102.4     15       R6        0
   438      437     1.155      4.66       106       15       R7        0
   439      438     0.906      3.77       110.4     15       R7        0
   440      439     0.6592     0.83       112.1     15       R7        0
   441      440     0.7647     -1.58      110.4     15       R7        0
   442      441     0.7471     -3.63      109.2     15       R7        0
   443      442     0.541      -6.88      111.5     15       R7        0
   444      443     0.7922     -7.59      116       15       R7        0
   445      444     1.013      -8.91      119.5     15       R7        0
   446      445     0.7035     -4.4       124.6     15       R8        0
   447      446     0.8685     1.25       125.3     15       R8        0
   448      447     1.432      4.5        128.9     15       R8        0
   449      448     1.383      5.98       133.5     15       R8        0
   450      449     1.045      6.64       136.8     15       R8        0
   451      450     1.323      5.71       140.5     15       R8        0
   452      451     1.082      8.23       142.5     15       R8        0
   453      452     0.824      9.38       147.3     15       R9        0
   454      453     0.8258     10.82      152.8     15       R9        0
   455      454     0.9354     7.19       157.5     15       R9        0
   456      455     0.824      7.41       162.9     15       R9        0
   457      456     1.154      6.42       169.2     15       R9        0
   458      457     0.6683     6.15       173.7     15       R9        0
   459      458     0.6263     8.18       177.4     15       R9        0
   460      459     0.4801     11.48      180.5     15       R9        0
   461      460     0.8581     13.62      181.9     15       R9        0
   462      452     0.8367     12.96      146.5     15       R9        0
   463      462     0.6683     18.23      149.5     15       R9        0
   464      463     1.282      23.39      153.9     15       R9        0
   465      464     0.9826     27.35      157.2     15       R9        0
   466      365     0.6479     32.59      77.29     15       R5        0
   467      466     1.101      31.15      82.79     15       R5        0
   468      467     0.901      33.33      87.77     15       R6        0
   469      468     0.7471     36.41      90.85     15       R6        0
   470      469     0.8166     38.01      95.19     15       R6        0
   471      470     1.22       38.89      97.05     15       R6        0
   472      471     0.7035     37.57      100.8     15       R6        0
   473      472     0.5942     34.87      102       15       R6        0
   474      473     1.067      33.39      105.3     15       R7        0
   475      474     1.084      33.09      109.3     15       R7        0
   476      475     0.7195     32.51      113.3     15       R7        0
   477      476     0.8581     28.73      117.4     15       R7        0
   478      477     0.9185     29.23      121.4     15       R7        0
   479      478     1.282      29.29      124.2     15       R7        0
   480      479     1.231      30.39      127.2     15       R8        0
   481      480     1.045      33.45      131.4     15       R8        0
   482      481     1.245      34.31      136.2     15       R8        0
   483      482     0.882      30.13      141.6     15       R8        0
   484      483     1.392      28.45      146.6     15       R9        0
   485      484     1.613      31.31      152.4     15       R9        0
   486      485     1.606      37.97      155.6     15       R9        0
   487      486     1.158      42.07      159.9     15       R9        0
   488      487     1.741      41.85      164.7     15       R9        0
   489      488     1.12       37.39      166.5     15       R9        0
   490      489     0.9962     33.35      165.2     15       R9        0
   491       38     0.8549     14.41      117.2     15       R7        0
   492      491     0.7111     11.9       120.2     15       R7        0
   493      492     1.268      8.84       127.4     15       R8        0
   494      493     0.7807     14.43      127.8     15       R8        0
   495      494     0.6263     18.51      129       15       R8        0
   496      495     0.739      22.03      131.5     15       R8        0
   497      496     0.8545     25.65      134.4     15       R8        0
   498      497     1.088      28.57      137       15       R8        0
   499      498     1.345      38.27      137.4     15       R8        0
   500      499     1.368      43.09      141.8     15       R8        0
   501      500     1.056      49.03      146.2     15       R9        0
   502      471     0.7647     44.99      98.91     15       R6        0
   503      502     0.8189     49.11      103       15       R7        0
   504      503     1.917      48.89      105.1     15       R7        0
   505      504     0.7786     44.49      107.7     15       R7        0
   506      505     0.5859     42.29      112.2     15       R7        0
   507      506     0.6632     42.79      117       15       R7        0
   508      507     1.192      44.05      121.4     15       R7        0
   509      508     1.71       45.21      123.6     15       R8        0
   510      509     1.049      50.63      128       15       R8        0
   511      510     0.7324     55.47      130.4     15       R8        0
   512      511     0.6258     57.83      132.5     15       R8        0
   513      512     1.116      60.01      136.4     15       R8        0
   514      513     0.8057     64.99      135.6     15       R8        0
   515      514     0.6258     69.31      136.8     15       R9        0
   516      515     0.4913     71.51      137.8     15       R9        0
   517      513     0.894      63.31      140       15       R9        0
   518      517     1.724      65.37      145.5     15       R9        0
   519      518     0.7469     61.91      149       15       R9        0
   520      519     0.691      66.25      154       15       R9        0
   521      423     1.12       -16.38     118.3     15       R7        0
   522      521     1.239      -16.92     122.4     15       R8        0
   523      522     0.9903     -16.7      126.8     15       R8        0
   524      523     0.5656     -15.33     129.9     15       R8        0
   525      524     0.9403     -15.01     133.6     15       R8        0
   526      525     0.9948     -14.18     136.9     15       R8        0
   527      526     1.089      -16.45     140.1     15       R8        0
   528      527     1.26       -17.62     142.7     15       R9        0
   529      528     0.469      -21.43     138.8     15       R8        0
   530      528     0.6301     -21.5      146       15       R9        0
   531      530     0.7214     -25.68     149.2     15       R9        0
   532      531     1.494      -30.81     154       15       R9        0
   533      532     0.7324     -33.73     147.2     15       R9        0
   534      533     1.099      -36.45     145.5     15       R9        0
   535      532     0.5332     -35.65     153.7     15       R9        0
   536      535     1.183      -39.15     154.9     15       R9        0
   537      536     0.4632     -40.17     159.2     15       R9        0
   538      537     0.4632     -41.21     161.7     15       R9        0
   539      536     0.5332     -42.37     154       15       R9        0
   540      539     0.7888     -45.45     155.6     15       R9        0
   541      540     0.4913     -47.65     159.7     15       R9        0
   542      439     1.12       5.75       113.3     15       R7        0
   543      542     1.025      5.96       116       15       R7        0
   544      543     1.201      4.13       120.6     15       R7        0
   545      544     1.144      0.69       123.8     15       R7        0
   546      545     1.139      -3.78      127.7     15       R8        0
   547      546     1.174      -5.17      131.2     15       R8        0
   548      547     0.9549     -3.48      136.7     15       R8        0
   549      548     2.135      -1.44      142.7     15       R8        0
   550      549     1.181      -1.8       148.7     15       R9        0
   551      550     1.247      0.47       152.4     15       R9        0
   552      551     0.9549     1.64       155.5     15       R9        0
   553      550     1.089      -6.27      152.2     15       R9        0
   554      553     0.894      -10.88     156.1     15       R9        0
   555      554     1.819      -14.4      159.9     15       R9        0
   556      555     1.116      -18.2      159.5     15       R9        0
   557      556     0.572      -19.89     157       15       R9        0
   558      557     0.6632     -21.21     155.2     15       R9        0
   559      558     0.894      -19.67     152.4     15       R9        0
   560      559     0.8286     -19.38     149.7     15       R9        0
   561      560     0.7888     -17.19     148       15       R9        0
   562      561     1.32       -15.21     145.6     15       R9        0
   563      445     1.487      -9.07      124.8     15       R8        0
   564      563     1.554      -9.57      129.9     15       R8        0
   565      564     0.6683     -10.66     133.6     15       R8        0
   566      565     0.9903     -9.2       139       15       R8        0
   567      566     0.6301     -12.42     140.6     15       R8        0
   568      567     0.7786     -14.4      143.9     15       R9        0
   569      568     0.9521     -17.26     144.1     15       R9        0
   570      555     0.8057     -15.65     163.8     15       R9        0
   571      570     1.691      -13.23     166.6     15       R9        0
   572      571     1.089      -14.99     171.6     15       R9        0
   573      572     0.5179     -17.11     174.5     15       R9        0
   574      504     1.01       54.65      107.7     15       R7        0
   575      574     0.8166     59.05      104.8     15       R7        0
   576       83     0.5602     -73.61     67.67     15       R7        0
   577      163     0.7922     -31.09     52.73     15       R5        0
   578      577     0.8685     -27.85     55.75     15       R5        0
   579      578     0.7141     -27.31     60.21     15       R5        0
   580      579     1.168      -30.43     63.95     15       R5        0
   581      580     0.7807     -35.01     73.33     15       R6        0
   582      581     1.099      -37.91     76.69     15       R6        0
   583      582     0.6067     -37.97     79.69     15       R6        0
   584      583     0.5839     -36.75     82.29     15       R6        0
   585      350     0.7324     -13.08     52.91     15       R3        0
   586      585     0.938      -9.13      57.01     15       R3        0
   587      586     1.02       -4.51      54.31     15       R3        0
   588      587     0.6215     -2.68      52.33     15       R3        0
   589      588     1.139      1.35       49.77     15       R3        0
   590      589     1.31       3.77       46.75     15       R3        0
   591      590     0.938      5.09       43.99     15       R3        0
   592      591     0.5905     8.23       42.67     15       R3        0
   593      320     1.264      -1.44      -15.27    15       R2        0
   594      593     1.545      1.79       -17.41    15       R2        0
   595      594     0.5332     1.05       -20.17    15       R2        0
   596      595     0.7647     0.83       -22.15    15       R2        0
   597      596     0.5578     2.96       -23.19    15       R2        0
   598      597     0.7786     6.04       -25.61    15       R3        0
   599      598     1.089      9.26       -28.53    15       R3        0
   600      599     1.081      11.75      -31.09    15       R3        0
   601      600     0.7324     16.37      -33.23    15       R3        0
   602      601     0.882      19.15      -34.33    15       R3        0
   603      602     1.508      21.19      -35.71    15       R3        0
   604      603     0.9772     19.37      -39.73    15       R3        0
   605      604     0.9634     17.61      -44.05    15       R3        0
   606      605     1.12       15.55      -49.55    15       R5        0
   607      606     0.8351     13.36      -53.65    15       R5        0
   608      607     1.318      12.12      -57.25    15       R5        0
   609      608     1.613      12.56      -60.53    15       R5        0
   610      609     0.882      10.8       -63.61    15       R5        0
   611      610     1.089      6.84       -67.13    15       R5        0
   612      611     0.7888     5.53       -70.87    15       R6        0
   613      612     1.028      2.3        -75.63    15       R6        0
   614      613     1.108      3.99       -80.83    15       R6        0
   615      614     0.5859     4.65       -87.85    15       R6        0
   616      615     0.8789     5.38       -95.37    15       R7        0
   617      616     1.318      6.25       -100.9    15       R7        0
   618      617     0.8541     3.62       -104.9    15       R7        0
   619      618     1.028      3.91       -114.2    15       R8        0
   620      619     1.326      5.23       -120      15       R8        0
   621      620     0.9549     4.57       -124      15       R8        0
   622      621     0.6753     1.13       -126.3    15       R8        0
   623      622     0.6215     -3.7       -131.8    15       R9        0
   624      623     1.483      -5.54      -134.5    15       R9        0
   625      624     0.8789     -7.08      -138.1    15       R9        0
   626      625     0.894      -9.57      -142.9    15       R9        0
   627      626     0.9521     -13.59     -150.3    15       R9        0
   628      627     1.018      -10.08     -154.5    15       R9        0
   629      593     0.906      -4.73      -18.07    15       R2        0
   630      629     1.089      -6.49      -22.15    15       R3        0
   631      630     1.5        -13.25     -20.05    15       R3        0
   632      631     0.8166     -20.28     -20.77    15       R3        0
   633      632     1.01       -23.68     -26.31    15       R3        0
   634      633     0.9142     -27.03     -30.05    15       R5        0
   635      634     0.6883     -29.23     -34.45    15       R5        0
   636      635     0.8313     -35.81     -37.53    15       R5        0
   637      636     0.643      -43.19     -37.85    15       R5        0
   638      637     1.216      -52.03     -32.59    15       R6        0
   639      638     0.643      -58.01     -32.03    15       R6        0
   640      639     0.8858     -64.49     -36.81    15       R6        0
   641      640     0.9208     -70.71     -36.15    15       R6        0
   642      641     1.164      -72.25     -38.13    15       R7        0
   643      642     0.6795     -77.63     -38.67    15       R7        0
   644      643     0.6992     -83.35     -41.15    15       R7        0
   645      644     1.099      -86.53     -44.71    15       R7        0
   646      645     1.263      -90.43     -44.11    15       R7        0
   647      646     0.9903     -96.53     -42.85    15       R8        0
   648      647     0.6883     -108.9     -42.57    15       R8        0
   649      648     0.8258     -113.9     -46.09    15       R9        0
   650      649     0.9208     -125.7     -47.57    15       R9        0
   651      650     1.099      -132       -53.61    15       R9        0
   652      651     0.7471     -139       -60.71    15       R9        0
   653      652     0.737      -147.5     -64.59    15       R9        0
   654      653     0.7329     -151.4     -65.65    15       R9        0
   655      646     0.737      -94.73     -49.11    15       R8        0
   656      655     0.8111     -95.13     -51.91    15       R8        0
   657      646     0.8545     -95.33     -40.15    15       R8        0
   658      657     0.9354     -99.63     -37.53    15       R8        0
   659      658     0.5602     -104.6     -38.23    15       R8        0
   660      659     0.5064     -107.5     -34.83    15       R8        0
   661      640     1.532      -67.63     -43.23    15       R6        0
   662      661     0.8858     -71.53     -47.35    15       R7        0
   663      662     1.026      -74.77     -49.87    15       R7        0
   664      663     0.737      -79.11     -50.43    15       R7        0
   665      664     0.7471     -84.21     -52.85    15       R7        0
   666      665     1.013      -88.93     -54.27    15       R8        0
   667      666     1.104      -94.13     -56.59    15       R8        0
   668      667     0.9093     -95.53     -58.51    15       R8        0
   669      668     1.32       -99.73     -59.11    15       R8        0
   670      669     0.6683     -104.3     -59.33    15       R8        0
   671      670     0.8258     -110.7     -59.93    15       R9        0
   672      671     0.9338     -113.8     -59.39    15       R9        0
   673      672     0.7162     -117.7     -58.61    15       R9        0
   674      673     0.8807     -121.5     -58.35    15       R9        0
   675      674     0.771      -127.8     -57.79    15       R9        0
   676      675     0.7162     -125.2     -52.79    15       R9        0
   677      676     0.4517     -123.6     -51.31    15       R9        0
   678      630     0.8111     -7.1       -25.55    15       R3        0
   679      678     1.407      -9.13      -28.23    15       R3        0
   680      679     0.9451     -4.73      -30.77    15       R3        0
   681      680     0.9387     -3.74      -32.73    15       R3        0
   682      681     1.082      -4.73      -36.15    15       R3        0
   683      682     0.6615     -8.91      -37.53    15       R3        0
   684      683     0.6263     -13.25     -41.15    15       R3        0
   685      684     1.826      -16.65     -43.07    15       R5        0
   686      685     0.6215     -12.09     -46.91    15       R5        0
   687      686     0.5942     -7.47      -49.61    15       R5        0
   688      687     0.7768     -5.83      -52.63    15       R5        0
   689      688     1.228      -4.4       -57.57    15       R5        0
   690      689     0.5064     -4.02      -61.75    15       R5        0
   691      690     0.429      0.32       -63.67    15       R5        0
   692      691     0.6615     -1.54      -68.17    15       R5        0
   693      692     1.067      -3.74      -72.35    15       R6        0
   694      693     0.9354     -8.63      -73.55    15       R6        0
   695      694     0.824      -10.39     -77.79    15       R6        0
   696      695     0.769      -10.55     -82.83    15       R6        0
   697      696     0.8385     -13.19     -88.83    15       R7        0
   698      697     0.978      -16.16     -92.45    15       R7        0
   699      698     1.547      -22.75     -95.67    15       R7        0
   700      699     0.771      -22.53     -100.6    15       R7        0
   701      700     0.6263     -21.16     -104.6    15       R7        0
   702      701     0.7998     -20.11     -108.8    15       R8        0
   703      702     0.6042     -20.28     -112.9    15       R8        0
   704      703     1.176      -22.26     -116.7    15       R8        0
   705      704     0.6992     -26.75     -118.7    15       R8        0
   706      705     0.5656     -29.61     -119.3    15       R8        0
   707      693     0.6615     -1.54      -77.19    15       R6        0
   708      707     0.9354     2.25       -79.49    15       R6        0
   709      708     0.6615     8.4        -81.95    15       R6        0
   710      709     0.6615     12.35      -84.93    15       R6        0
   711      710     1.132      15.59      -89.59    15       R6        0
   712      711     0.824      21.41      -90.47    15       R6        0
   713      712     1.216      21.81      -89.49    15       R6        0
   714      712     0.9387     28.89      -87.45    15       R6        0
   715      714     0.8807     33.01      -84.81    15       R6        0
   716      715     0.9609     36.41      -87.73    15       R6        0
   717      716     0.9451     40.43      -90.53    15       R7        0
   718      717     1.013      43.39      -94.27    15       R7        0
   719      718     0.8942     44.39      -98.87    15       R7        0
   720      719     0.6992     45.19      -102.3    15       R7        0
   721      720     0.4517     42.79      -105.1    15       R7        0
   722      685     0.6881     -21.94     -43.65    15       R5        0
   723      722     1.458      -25.49     -47.25    15       R5        0
   724      723     0.9915     -24.47     -50.87    15       R5        0
   725      724     0.769      -24.47     -55.85    15       R5        0
   726      725     1.149      -24.83     -61.27    15       R6        0
   727      726     0.8286     -27.51     -65.67    15       R6        0
   728      727     0.7223     -32.89     -70.57    15       R6        0
   729      728     0.776      -34.55     -74.27    15       R6        0
   730      729     1.172      -34.99     -76.07    15       R6        0
   731      730     1.168      -31.13     -77.97    15       R6        0
   732      731     0.469      -28.91     -79.51    15       R6        0
   733      731     1          -33.77     -81.67    15       R7        0
   734      733     0.8541     -36.37     -83.97    15       R7        0
   735      734     0.7469     -37.55     -86.03    15       R7        0
   736      735     1.17       -39.01     -88.33    15       R7        0
   737      736     1.099      -39.37     -92.03    15       R7        0
   738      737     0.9675     -39.33     -96.07    15       R7        0
   739      738     0.9045     -37.35     -97.67    15       R7        0
   740      739     1.068      -35.89     -101      15       R8        0
   741      740     0.8057     -35.71     -103.4    15       R8        0
   742      741     0.7324     -34.47     -106.6    15       R8        0
   743      742     0.7111     -33.41     -109      15       R8        0
   744      743     0.755      -35.13     -111.2    15       R8        0
   745      744     0.6602     -36.85     -113.4    15       R8        0
   746      745     0.9668     -38.85     -116.5    15       R8        0
   747      746     0.5905     -40.77     -117.5    15       R8        0
   748      747     1.031      -42.15     -121.4    15       R9        0
   749      748     0.882      -42.09     -125      15       R9        0
   750      749     0.5282     -42.53     -127.6    15       R9        0
   751      750     0.8643     -45.75     -130.5    15       R9        0
   752      751     0.9948     -50.17     -131.6    15       R9        0
   753      730     0.7223     -38.41     -78.89    15       R7        0
   754      753     0.7863     -41.87     -81.59    15       R7        0
   755      754     0.7073     -46.45     -82.89    15       R7        0
   756      755     0.9178     -48.89     -83.25    15       R7        0
   757      756     0.8705     -53.51     -81.73    15       R7        0
   758      757     0.579      -57.51     -82.47    15       R7        0
   759      758     1.197      -59.45     -85.19    15       R8        0
   760      759     1.228      -60.07     -88.07    15       R8        0
   761      760     1.396      -60.39     -91.27    15       R8        0
   762      761     1.092      -60.57     -95.27    15       R8        0
   763      762     0.885      -61.57     -98.67    15       R8        0
   764      763     0.5962     -63.33     -101.4    15       R8        0
   765      764     0.8581     -64.91     -103.4    15       R8        0
   766      765     0.4589     -67.57     -105.3    15       R9        0
   767      766     0.7361     -70.29     -105.8    15       R9        0
   768      767     0.4867     -72.15     -105.2    15       R9        0
   769      759     0.4927     -62.89     -86.73    15       R8        0
   770      769     0.4228     -65.15     -89.57    15       R8        0
   771      723     0.6226     -28.47     -48.99    15       R5        0
   772      771     0.6948     -30.95     -50.29    15       R5        0
   773      772     0.9613     -34.33     -50.25    15       R5        0
   774      773     0.9358     -41.71     -51.71    15       R6        0
   775      774     0.5961     -47.69     -56.07    15       R6        0
   776      775     0.7214     -50.73     -57.17    15       R6        0
   777      776     0.8518     -56.43     -59.85    15       R6        0
   778      777     0.5444     -60.99     -64.45    15       R7        0
   779      778     1.025      -63.33     -70.13    15       R7        0
   780      779     0.9451     -66.65     -75.73    15       R7        0
   781      780     0.6753     -69.49     -77.83    15       R8        0
   782      781     0.7541     -74.39     -78.99    15       R8        0
   783      782     0.4735     -80.69     -80.69    15       R8        0
   784      777     0.6139     -61.09     -60.31    15       R7        0
   785      784     0.9521     -66.03     -62.15    15       R7        0
   786      785     0.4761     -70.61     -63.11    15       R7        0
   787      786     0.8705     -74.01     -64.59    15       R7        0
   788      787     0.7541     -78.99     -65.15    15       R7        0
   789      788     0.9185     -81.19     -67.89    15       R8        0
   790      789     1.108      -84.87     -69.69    15       R8        0
   791      790     1.12       -89.13     -68.37    15       R8        0
   792      791     1.028      -93.43     -67.43    15       R8        0
   793      792     0.5732     -97.03     -69.03    15       R8        0
   794      679     0.8367     -14.07     -26.37    15       R3        0
   795      794     0.7922     -15.13     -22.67    15       R3        0
   796      795     0.8359     -16.67     -15.47    15       R3        0
   797      796     0.9243     -22.31     -10.41    15       R3        0
   798      797     0.7699     -35.15     -6.3      15       R3        0
   799      798     1.228      -41.17     -6.49     15       R5        0
   800      799     0.5859     -40.11     -10.51    15       R5        0
   801      800     0.6997     -41.13     -13.55    15       R5        0
   802      801     0.7541     -43.47     -18.29    15       R5        0
   803      802     0.6997     -47.51     -21.03    15       R5        0
   804      803     0.691      -53.95     -22.15    15       R5        0
   805      804     0.5282     -59.29     -25.01    15       R6        0
   806      805     0.9156     -63.55     -28.27    15       R6        0
   807      806     0.6396     -68.17     -27.91    15       R6        0
   808      807     0.6551     -73.13     -29.19    15       R6        0
   809      808     0.5243     -75.63     -30.99    15       R7        0
   810      809     0.6723     -79.63     -28.83    15       R7        0
   811      810     1.168      -82.29     -28.27    15       R7        0
   812      811     0.8032     -85.93     -26.11    15       R7        0
   813      812     0.8541     -88.33     -24.35    15       R7        0
   814      813     0.8541     -91.63     -24.43    15       R7        0
   815      814     0.9323     -95.03     -26.41    15       R7        0
   816      815     0.4775     -96.43     -28.21    15       R7        0
   817      814     1.131      -92.83     -19.49    15       R7        0
   818      817     0.6753     -96.53     -18.73    15       R7        0
   819      818     0.6948     -99.53     -19.81    15       R7        0
   820      819     0.7541     -100.1     -23.33    15       R8        0
   821      820     0.4287     -101.5     -24.39    15       R8        0
   822      799     0.9915     -46.69     -6.96     15       R5        0
   823      822     0.95       -50.43     -5.27     15       R5        0
   824      823     0.7889     -55.55     -6.93     15       R5        0
   825      824     0.6753     -59.01     -8.46     15       R5        0
   826      825     0.776      -61.53     -9.05     15       R6        0
   827      826     0.6841     -67.17     -7.95     15       R6        0
   828      827     0.755      -69.81     -5.24     15       R6        0
   829      828     0.447      -73.61     -5.76     15       R6        0
   830      829     0.6006     -78.05     -7.18     15       R6        0
   831      830     1.031      -81.35     -8.43     15       R7        0
   832      831     0.9895     -84.81     -8.94     15       R7        0
   833      832     0.7035     -85.33     -12.2     15       R7        0
   834      833     0.7073     -83.35     -14.11    15       R7        0
   835      834     0.5243     -81.13     -15.09    15       R7        0
   836      835     0.514      -79.65     -13.63    15       R6        0
   837      836     0.5407     -80.21     -11.29    15       R6        0
   838      832     0.9613     -90.13     -7.11     15       R7        0
   839      838     1.254      -93.13     -5.98     15       R7        0
   840      839     0.8189     -97.13     -5.46     15       R7        0
   841      840     1.104      -101.7     -6.12     15       R7        0
   842      841     1.284      -110       -6.89     15       R8        0
   843      842     0.6632     -113.8     -7.15     15       R8        0
   844      843     0.4927     -115.8     -8.24     15       R8        0
   845      844     1.386      -119.2     -11.03    15       R8        0
   846      845     1.021      -118.8     -13.71    15       R8        0
   847      846     0.9451     -120       -17.43    15       R8        0
   848      847     0.6095     -121.3     -19.23    15       R9        0
   849      848     0.823      -123.7     -20.95    15       R9        0
   850      849     0.4176     -128.2     -24.03    15       R9        0
   851      843     1.036      -117.1     -4.22     15       R8        0
   852      851     0.652      -119.3     -0.66     15       R8        0
   853      852     0.441      -119.6     1.978     15       R8        0
   854      603     1.056      24.87      -37.47    15       R3        0
   855      854     0.5859     27.35      -40.39    15       R3        0
   856      855     0.6632     28.01      -46.33    15       R3        0
   857      856     1.422      29.69      -50.59    15       R5        0
   858      857     1.041      24.49      -55.55    15       R5        0
   859      858     0.809      22.29      -59.37    15       R5        0
   860      859     0.9521     23.33      -65.01    15       R5        0
   861      860     1.02       26.11      -71.67    15       R6        0
   862      861     0.882      28.95      -76.95    15       R6        0
   863      862     0.8541     27.93      -82.59    15       R6        0
   864      863     1.099      24.71      -86.31    15       R6        0
   865      864     0.6301     22.01      -87.79    15       R6        0
   866      865     0.8573     22.73      -94.27    15       R7        0
   867      866     0.8541     25.89      -98.97    15       R7        0
   868      867     1.028      27.05      -107.6    15       R7        0
   869      868     0.6215     29.39      -111      15       R8        0
   870      869     1.081      32.85      -114.2    15       R8        0
   871      870     1.247      33.73      -118.9    15       R8        0
   872      871     0.882      37.89      -123.1    15       R8        0
   873      872     0.4944     39.87      -127.4    15       R8        0
   874      857     1.066      37.75      -49.49    15       R5        0
   875      874     1.219      43.39      -51.67    15       R5        0
   876      875     0.9962     45.73      -57.83    15       R5        0
   877      876     1.018      51.07      -65.53    15       R6        0
   878      877     1.099      50.41      -72.91    15       R6        0
   879      878     1.02       49.99      -81.93    15       R6        0
   880      879     0.9549     52.47      -90.71    15       R7        0
   881      880     0.8789     53.87      -93.27    15       R7        0
   882      881     0.8573     56.13      -101.9    15       R7        0
   883      882     1.144      58.41      -106.3    15       R8        0
   884      883     0.8351     63.01      -110.7    15       R8        0
   885      884     0.5282     60.01      -117.5    15       R8        0
   886      885     0.5179     57.75      -123.9    15       R8        0
   887      884     0.885      68.59      -114.3    15       R8        0
   888      887     0.7251     73.27      -115.7    15       R8        0
   889      888     0.7922     77.15      -119.3    15       R9        0
   890      889     0.4276     81.41      -121.6    15       R9        0
   891      317     1.265      6.97       -0.502    13       R1        0
   892      891     1.32       14.83      -1.872    14       R1        0
   893      892     0.891      19.59      -1.722    15       R1        0
   894      893     0.9549     26.11      1.274     15       R1        0
   895      894     0.7214     35.51      2.856     15       R2        0
   896      895     1.252      41.85      5.598     15       R2        0
   897      896     1.228      44.41      8.235     15       R2        0
   898      897     1.545      50.63      7.866     15       R2        0
   899      898     0.885      57.01      9.334     15       R3        0
   900      899     1.524      62.79      13.73     15       R3        0
   901      900     1.337      68.43      15.27     15       R3        0
   902      901     0.9826     73.49      12.63     15       R5        0
   903      902     0.8541     79.65      10.72     15       R5        0
   904      903     0.9521     86.17      9.264     15       R5        0
   905      904     2.026      92.17      4.939     15       R6        0
   906      905     0.9387     96.47      9.114     15       R6        0
   907      906     0.9948     99.57      10.33     15       R6        0
   908      907     0.6406     102.6      7.47      15       R6        0
   909      908     1.158      107        6.258     15       R6        0
   910      909     0.809      112.1      2.012     15       R7        0
   911      910     0.809      119.4      2.452     15       R7        0
   912      911     0.5905     127.2      1.054     15       R7        0
   913      912     0.882      134.3      -0.484    15       R8        0
   914      913     0.5859     140.8      -1.284    15       R8        0
   915      907     0.7922     102.7      14.02     15       R6        0
   916      915     1.566      108.4      16.07     15       R6        0
   917      916     0.9521     114.2      14.54     15       R7        0
   918      917     0.6948     118.9      13.73     15       R7        0
   919      918     0.9826     122.6      16.73     15       R7        0
   920      919     0.5859     127.3      19.66     15       R7        0
   921      920     0.882      131.7      19.22     15       R7        0
   922      921     0.7324     135        16.29     15       R8        0
   923      922     0.7922     138.9      12.56     15       R8        0
   924      923     1.018      140.5      10.58     15       R8        0
   925      924     0.938      142.8      7.066     15       R8        0
   926      925     0.4735     147.3      7.576     15       R8        0
   927      924     0.8057     146.9      13        15       R8        0
   928      927     1.049      150.4      10.5      15       R8        0
   929      928     0.9549     156.5      10.5      15       R9        0
   930      929     0.809      162.1      12.12     15       R9        0
   931      930     0.9634     168.9      13.14     15       R9        0
   932      931     0.5578     176.1      15.64     15       R9        0
   933      932     0.5332     183.7      16.95     15       R9        0
   934      437     0.7035     -2.75      104.5     15       R7        0
   935      934     1.028      -2.24      99.93     15       R6        0
   936      935     1.355      -1.4       95.95     15       R6        0
   937      896     1.165      41.13      13.34     15       R2        0
   938      937     0.9549     43.39      18.71     15       R2        0
   939      938     1.409      46.17      21.2      15       R2        0
   940      939     1.399      51.51      20.17     15       R3        0
   941      940     1.108      58.25      19.44     15       R3        0
   942      941     1.545      64.41      22.96     15       R3        0
   943      942     1.247      67.41      27.07     15       R3        0
   944      943     0.8189     72.77      26.47     15       R5        0
   945      944     1.144      77.73      27.43     15       R5        0
   946      945     1.036      81.25      30.35     15       R5        0
   947      946     0.9265     85.21      33.13     15       R5        0
   948      947     1.376      87.63      35.49     15       R6        0
   949      948     1.554      87.33      40.25     15       R6        0
   950      949     1.382      85.35      45.73     15       R6        0
   951      950     1.6        82.79      48.51     15       R6        0
   952      951     1.26       85.95      53.93     15       R6        0
   953      952     1.31       90.33      57.89     15       R6        0
   954      953     0.9549     95.87      60.75     15       R6        0
   955      954     1.904      102.1      60.97     15       R7        0
   956      955     1.32       106.4      63.45     15       R7        0
   957      939     1.264      46.03      26.47     15       R3        0
   958      957     1.626      46.25      33.07     15       R3        0
   959      958     1.465      49.77      39.29     15       R3        0
   960      959     1.254      57.67      41.71     15       R3        0
   961      960     0.9962     65.15      43.61     15       R5        0
   962      961     1.31       70.27      46.75     15       R5        0
   963      962     0.9634     69.17      52.33     15       R5        0
   964      963     1.247      69.91      56.73     15       R5        0
   965      964     1.252      66.31      60.39     15       R5        0
   966      965     0.5602     63.49      65.17     15       R5        0
   967      376     0.8351     77.81      96.05     15       R7        0
   968      967     1.972      81.25      94.59     15       R7        0
   969      968     1.158      87.49      95.61     15       R7        0
   970      969     1.483      90.41      92.53     15       R7        0
   971      970     1.049      95.27      87.11     15       R7        0
   972      971     1.32       100.9      86.39     15       R7        0
   973      972     1.254      109.7      83.45     15       R8        0
   974      973     1.081      115.9      84.33     15       R8        0
   975      974     0.6592     122.4      85.35     15       R8        0
   976      964     0.9178     73.49      60.31     15       R6        0
   977      976     1.32       77.01      63.97     15       R6        0
   978      977     1.368      79.87      64.19     15       R6        0
   979      978     0.8351     77.67      70.57     15       R6        0
   980      979     1.279      75.47      73.57     15       R6        0
   981      980     1.192      71.15      80.09     15       R6        0
   982      981     0.9962     68.87      86.01     15       R6        0
   983      982     0.5127     68.15      87.63     15       R6        0
   984      980     0.9962     80.81      75.69     15       R6        0
   985      984     0.8351     85.43      76.71     15       R7        0
   986      985     0.5578     90.13      80.09     15       R7        0
   987      978     1.54       84.25      64.55     15       R6        0
   988      987     1.02       88.07      65.87     15       R6        0
   989      988     1.409      94.97      66.91     15       R7        0
   990      989     1.049      99.37      70.13     15       R7        0
   991      990     1.32       105.2      69.69     15       R7        0
   992      991     0.882      111.2      72.61     15       R7        0
   993      992     0.7251     115.9      78.61     15       R8        0
   994      993     1.025      119.7      79.57     15       R8        0
   995      994     1.025      123.2      78.25     15       R8        0
   996      995     1.028      128.2      78.39     15       R8        0
   997      996     0.7361     131.5      78.25     15       R8        0
   998      968     0.894      83.45      90.35     15       R7        0
   999      998     1.089      87.77      88.37     15       R7        0
  1000      999     0.8351     92.31      89.47     15       R7        0
  1001     1000     0.9962     95.27      93.63     15       R7        0
  1002     1001     1.158      95.97      96.49     15       R8        0
  1003     1002     1.049      100.5      99.65     15       R8        0
  1004     1003     0.572      105.1      101.5     15       R8        0
  1005     1004     0.7251     109        107.6     15       R8        0
  1006     1005     1.347      112        113.9     15       R9        0
  1007     1006     0.891      114.5      116.6     15       R9        0
  1008     1007     0.9521     120.3      118       15       R9        0
  1009     1008     1.192      126.2      120.6     15       R9        0
  1010     1009     0.7922     130.8      119       15       R9        0
  1011      916     1.465      113.8      21.86     15       R7        0
  1012     1011     1.281      117.7      28.37     15       R7        0
  1013     1012     1.318      119.4      32.11     15       R7        0
  1014     1013     0.938      121.7      34.89     15       R7        0
  1015     1014     1.174      125        36.51     15       R7        0
  1016     1015     1.351      128.9      33.43     15       R7        0
  1017     1016     0.809      135.7      34.23     15       R8        0
  1018     1017     0.9178     141.9      34.23     15       R8        0
  1019     1018     0.604      143        30.05     15       R8        0
  1020      948     0.9265     95.87      39.87     15       R6        0
  1021     1020     0.9549     101        42.15     15       R6        0
  1022     1021     1.264      108.3      43.47     15       R7        0
  1023     1022     1.279      113.6      43.25     15       R7        0
  1024     1023     0.7786     120.5      42.51     15       R7        0
  1025     1024     0.8057     124.6      40.25     15       R7        0
  1026     1025     0.882      131.7      41.19     15       R8        0
  1027     1026     0.6948     136.3      43.91     15       R8        0
  1028     1027     1.108      141        44.93     15       R8        0
  1029     1028     1.089      146.1      43.55     15       R8        0
  1030     1029     0.8351     150.1      42.01     15       R9        0
  1031     1030     1.415      155        38.27     15       R9        0
  1032     1031     1.049      160.1      35.85     15       R9        0
  1033     1032     0.7324     164.8      34.17     15       R9        0
  1034     1033     0.7469     170.6      33.87     15       R9        0
  1035     1028     0.9208     145.3      48.71     15       R8        0
  1036     1035     0.8858     143.1      51.85     15       R8        0
  1037     1036     0.6592     142.1      56.91     15       R8        0
  1038     1031     0.9178     160        41.71     15       R9        0
  1039     1038     0.8258     160.7      47.17     15       R9        0
  1040     1039     0.9451     160        52.07     15       R9        0
  1041     1040     0.9354     165.5      54.55     15       R9        0
  1042     1041     0.4395     171.6      53.27     15       R9        0
  1043      995     0.8367     121.4      73.23     15       R8        0
  1044      905     1.51       97.87      2.962     15       R6        0
  1045     1044     1.351      102.5      -2.602    15       R6        0
  1046     1045     1.181      108.5      -5.98     15       R6        0
  1047     1046     0.882      112.3      -7.88     15       R7        0
  1048     1047     1.137      116.9      -5.46     15       R7        0
  1049     1048     0.572      121.1      -8.39     15       R7        0
  1050      898     0.9962     53.05      2.672     15       R3        0
  1051     1050     1.399      59.65      -1.284    15       R3        0
  1052     1051     1.459      62.29      -8.31     15       R3        0
  1053     1052     1.101      68.15      -11.47    15       R3        0
  1054     1053     1.041      76.19      -13.67    15       R5        0
  1055     1054     1.036      83.45      -17.41    15       R5        0
  1056     1055     0.906      91.29      -16.81    15       R6        0
  1057     1056     1.368      97.47      -13.01    15       R6        0
  1058     1057     1.483      103.5      -13.95    15       R6        0
  1059     1058     1.181      109.3      -16.81    15       R6        0
  1060     1059     0.9521     113.8      -20.11    15       R7        0
  1061     1060     1.347      120.2      -17.03    15       R7        0
  1062     1061     0.9772     125.6      -15.13    15       R7        0
  1063     1062     1.32       131.9      -13.45    15       R8        0
  1064     1063     1.247      136.3      -16.89    15       R8        0
  1065     1064     0.9634     138.8      -21.93    15       R8        0
  1066     1065     0.891      143.1      -24.13    15       R8        0
  1067     1066     1.26       149.8      -22.67    15       R8        0
  1068     1067     1.146      154.6      -19.89    15       R9        0
  1069     1068     1.32       158.6      -18.43    15       R9        0
  1070     1069     1.025      167.6      -20.33    15       R9        0
  1071     1070     1.247      176        -20.83    15       R9        0
  1072     1071     1.158      181.8      -20.11    15       R9        0
  1073     1072     1.181      187.3      -18.13    15       R9        0
  1074     1073     0.4632     193.1      -17.69    15       R9        0
  1075      601     1.22       20.53      -26.43    15       R3        0
  1076     1075     1.668      22.91      -22.79    15       R2        0
  1077     1076     1.159      26.91      -21.81    15       R2        0
  1078     1077     1.214      31.75      -22.41    15       R3        0
  1079     1078     1.172      38.49      -20.77    15       R3        0
  1080     1079     1.028      43.97      -21.49    15       R3        0
  1081     1080     1.228      49.25      -21.21    15       R3        0
  1082     1081     1.279      55.41      -23.69    15       R3        0
  1083     1082     1.422      58.33      -25.89    15       R3        0
  1084     1083     1.584      62.79      -30.43    15       R5        0
  1085     1084     1.465      68.37      -33.67    15       R5        0
  1086     1085     0.8541     73.05      -40.11    15       R5        0
  1087     1086     1.296      76.13      -44.57    15       R6        0
  1088     1087     1.392      80.81      -47.79    15       R6        0
  1089     1088     1.212      87.05      -50.29    15       R6        0
  1090     1089     1.146      92.45      -52.69    15       R7        0
  1091     1090     1.099      99.27      -51.47    15       R7        0
  1092     1091     0.9962     103.6      -45.45    15       R7        0
  1093     1092     0.882      107.9      -43.33    15       R7        0
  1094     1093     0.882      114.9      -44.21    15       R7        0
  1095     1094     1.028      119.6      -44.35    15       R7        0
  1096     1060     0.8351     118.6      -25.23    15       R7        0
  1097     1096     0.7469     121.7      -29.27    15       R7        0
  1098     1097     0.885      126.3      -34.33    15       R8        0
  1099     1098     0.8351     130.7      -35.93    15       R8        0
  1100     1099     0.8351     135        -34.33    15       R8        0
  1101     1100     0.885      139.9      -40.33    15       R8        0
  1102     1101     0.691      146        -42.59    15       R9        0
  1103     1102     0.7541     151.1      -42.53    15       R9        0
  1104     1103     0.938      152.8      -46.69    15       R9        0
  1105      895     1.192      42.43      0.396     15       R2        0
  1106     1105     1.362      47.05      -2.242    15       R2        0
  1107     1106     1.099      51.89      -7.88     15       R3        0
  1108     1107     1.089      54.97      -16.37    15       R3        0
  1109     1108     0.9962     59.57      -20.11    15       R3        0
  1110     1109     0.885      64.33      -22.31    15       R5        0
  1111     1110     1.028      71.67      -23.11    15       R5        0
  1112     1111     0.906      80.01      -27.37    15       R5        0
  1113     1112     0.7786     85.13      -30.73    15       R6        0
  1114     1113     0.8789     92.09      -33.07    15       R6        0
  1115     1114     1.028      102.6      -34.39    15       R6        0
  1116     1115     0.7044     108.4      -34.57    15       R7        0
  1117     1116     1.049      114.7      -35.05    15       R7        0
  1118     1117     0.5905     122.9      -28.17    15       R7        0
  1119     1118     0.4271     128.4      -19.23    15       R7        0
  1120     1084     1.481      60.45      -37.25    15       R5        0
  1121     1120     1.439      58.91      -47.35    15       R5        0
  1122     1121     1.699      59.05      -56.15    15       R6        0
  1123     1122     1.759      62.21      -62.89    15       R6        0
  1124     1123     1.099      62.57      -72.63    15       R6        0
  1125     1124     1.101      65.21      -76.65    15       R6        0
  1126     1125     1.279      64.27      -83.69    15       R7        0
  1127     1126     1.212      69.31      -90.43    15       R7        0
  1128     1127     1.399      66.53      -96.07    15       R7        0
  1129     1128     1.036      77.01      -101.9    15       R8        0
  1130     1129     1.917      84.91      -105.7    15       R8        0
  1131     1130     1.337      86.97      -112.3    15       R9        0
  1132     1131     1.245      89.91      -119      15       R9        0
  1133     1132     0.8057     96.77      -121.5    15       R9        0
  1134     1133     0.891      104.9      -118.8    15       R9        0
  1135     1134     0.691      110.4      -118.5    15       R9        0
  1136     1123     1.116      69.69      -69.25    15       R6        0
  1137     1136     0.9549     74.45      -72.25    15       R7        0
  1138     1137     2.015      81.99      -74.17    15       R7        0
  1139     1138     1.472      84.33      -81.41    15       R7        0
  1140     1139     1.192      89.97      -90.65    15       R8        0
  1141     1140     1.465      93.71      -96.07    15       R8        0
  1142     1141     0.7922     98.27      -99.07    15       R8        0
  1143     1142     0.469      101.2      -100.4    15       R8        0
  1144     1078     0.9451     34.93      -25.27    15       R3        0
  1145     1144     0.978      37.67      -30.17    15       R3        0
  1146     1145     0.9903     41.47      -33.29    15       R3        0
  1147     1146     1.042      47.01      -33.95    15       R3        0
  1148     1147     0.7471     50.75      -34.23    15       R3        0
  1149     1148     0.901      54.15      -37.85    15       R5        0
  1150     1149     0.9609     56.09      -39.61    15       R5        0
  1151     1150     1.245      60.47      -43.01    15       R5        0
  1152     1151     1.819      63.77      -45.93    15       R5        0
  1153     1152     0.7865     73.11      -47.13    15       R6        0
  1154     1153     0.9354     78.49      -49.61    15       R6        0
  1155     1154     1.01       84.09      -54.11    15       R6        0
  1156     1155     1.067      88.33      -58.03    15       R7        0
  1157     1156     1.362      93.49      -65.53    15       R7        0
  1158     1157     0.894      97.77      -71.23    15       R7        0
  1159     1158     0.809      103        -75.33    15       R8        0
  1160     1159     0.7361     108.6      -75.71    15       R8        0
  1161     1160     1.081      115.8      -78.71    15       R8        0
  1162     1161     0.9265     122.7      -81.41    15       R9        0
  1163     1162     0.9142     132.1      -83.27    15       R9        0
  1164     1163     1.438      138        -89.33    15       R9        0
  1165     1164     1.357      142.8      -95.87    15       R9        0
  1166     1165     1.472      148.8      -97.97    15       R9        0
  1167     1166     0.882      154.7      -95.37    15       R9        0
  1168     1091     1.041      104.8      -52.19    15       R7        0
  1169     1168     1.201      112.6      -53.95    15       R7        0
  1170     1169     1.201      119.6      -57.83    15       R8        0
  1171     1170     1.422      124.3      -63.03    15       R8        0
  1172     1171     0.9323     129.4      -69.17    15       R8        0
  1173     1172     1.646      130.7      -71.75    15       R9        0
  1174     1173     0.8189     135.1      -79.37    15       R9        0
  1175     1174     1.02       143        -81.19    15       R9        0
  1176     1175     1.049      149        -84.85    15       R9        0
