#
#   Starburst amacrine from confocal stack image TIFF168.tif from Alon Poleg-Polsky
#
#   Converted using Neuromantic from reconstruction sbac_168_ben.swc 
#     by Ben Ballintyn and Moriah Cesaretti using 
#     neuroman2ncsbac and neuroman2nc_reg.
#
#   Soma z offset = 18 um (rezeroed by neuroman2nc_reg).
#
#   node  parent    dia       xbio       ybio      zbio      region   dendr
#
     0        0     dSomaDia   0          0         0        SOMA      0
     1        0     2.113      2.914      -3.265    8        R1        0
     2        1     0.4661     4.562      -0.7383   9        R1        0
     3        2     1.463      5.713      1.099     9        R1        0
     4        3     0.8351     7.835      3.524     11       R1        0
     5        4     0.9337     9.211      5.414     12       R2        0
     6        5     0.8735     10.14      7.352     13       R2        0
     7        6     1.359      10.69      8.965     14       R2        0
     8        7     1.246      10.99      10.91     15       R2        0
     9        8     0.9163     11.41      14.9      16       R2        0
    10        9     1.414      11.55      16.69     16       R3        0
    11       10     0.5088     13.02      17.22     16       R3        0
    12       11     0.737      14.41      18.54     15       R3        0
    13       12     0.6968     14.41      20.28     15       R3        0
    14       10     1.245      9.668      19.67     17       R3        0
    15       14     0.7044     11.04      20.94     17       R3        0
    16       15     0.5905     12.08      21.73     17       R3        0
    17       16     0.5282     13.11      22.86     17       R3        0
    18       17     1.181      14.21      24.66     17       R3        0
    19       18     1.036      14.76      26.89     17       R5        0
    20       19     0.6968     16.5       26.65     17       R5        0
    21       19     0.9185     14.45      29.2      17       R5        0
    22       21     0.8735     13.37      30.5      17       R5        0
    23       22     1.138      12.01      32.51     17       R5        0
    24       23     1.036      10.95      33.83     17       R5        0
    25       24     0.9528     10.66      35.85     17       R5        0
    26       25     1.231      10.2       37.45     17       R5        0
    27       26     0.9243     8.714      38.37     17       R5        0
    28       27     1.149      7.967      40.26     17       R6        0
    29       28     1.613      6.812      41.91     16       R6        0
    30       29     1.056      8.055      43.19     16       R6        0
    31       30     1.138      9.998      43.5      16       R6        0
    32       31     0.6948     10.73      44.28     16       R6        0
    33       32     0.7863     11.3       46.74     16       R6        0
    34       33     2.322      12.8       47.8      16       R6        0
    35       34     1.282      13.35      50.09     16       R7        0
    36       35     0.9045     12.18      51.23     15       R7        0
    37       36     0.6602     12.12      52.44     14       R7        0
    38       37     0.7035     11.26      53.44     14       R7        0
    39       38     1.013      10.29      52.66     14       R7        0
    40        1     1.01       -1.622     1.266     19       R1        0
    41       40     1.442      -2.47      2.584     19       R1        0
    42       41     1.22       -3.458     3.792     20       R1        0
    43       42     0.8858     -4.337     4.975     21       R1        0
    44       43     1.478      -4.887     6.623     21       R1        0
    45       44     0.7471     -6.069     8.161     19       R2        0
    46       45     0.8685     -6.895     9.778     19       R2        0
    47       46     0.6705     -7.937     10.3      19       R2        0
    48       47     0.8874     -9.94      10.49     20       R2        0
    49       48     1.032      -12.08     11.87     21       R2        0
    50       49     0.6042     -13.35     12.19     21       R2        0
    51       50     0.8545     -14.75     11.54     21       R2        0
    52       51     0.8789     -17.03     11.46     22       R3        0
    53       52     0.9354     -18.65     11.48     23       R3        0
    54       53     0.7141     -20.98     12.08     24       R3        0
    55       54     1.057      -22        13.29     22       R3        0
    56       55     0.3296     -21.64     15.3      22       R3        0
    57       56     0.6615     -21.31     17.03     23       R3        0
    58       57     0.7807     -23.1      18.68     23       R3        0
    59       58     0.9208     -26.28     19.59     23       R5        0
    60       59     0.541      -27.99     17.55     23       R5        0
    61       60     0.4944     -29.44     16.37     23       R5        0
    62       61     0.6067     -31.28     15.11     23       R5        0
    63       62     0.6795     -34.19     15.19     23       R5        0
    64       63     0.5064     -36.86     14.28     23       R5        0
    65       64     0.6067     -39.63     14.34     24       R6        0
    66       65     1.067      -40.59     16.7      24       R6        0
    67       66     0.5656     -42.43     17.75     25       R6        0
    68       67     1.12       -45.76     17.88     25       R6        0
    69       68     0.5602     -49.05     17.83     25       R7        0
    70       69     1.055      -51.25     18.62     25       R7        0
    71       70     1.584      -53.23     20.19     24       R7        0
    72       71     0.8858     -56.08     20.19     24       R7        0
    73       72     1.026      -57.59     20.36     25       R8        0
    74       73     0.4429     -59.55     21.53     25       R8        0
    75       74     0.6142     -61.55     22.28     25       R8        0
    76       75     1.265      -63.58     21.86     25       R8        0
    77       76     0.6592     -65.81     21.73     25       R8        0
    78       59     1.131      -27.3      22.66     23       R5        0
    79       78     0.8166     -29.88     25.87     23       R5        0
    80       79     0.8385     -31.47     27.08     24       R6        0
    81       80     0.6592     -33.73     27.11     24       R6        0
    82       81     0.978      -36.31     28.62     24       R6        0
    83       82     1.671      -37.77     29.42     24       R6        0
    84       83     0.8685     -39.63     29.06     24       R6        0
    85       84     0.6683     -41.25     26.56     24       R6        0
    86       85     1.36       -41.69     25.6      24       R6        0
    87       86     0.541      -43.45     25.33     24       R7        0
    88       87     0.8874     -44.77     24.56     24       R7        0
    89       88     0.9903     -46.45     24.64     24       R7        0
    90       89     1.159      -49        24.78     24       R7        0
    91       90     0.6615     -51.72     25.24     24       R7        0
    92       91     0.6615     -56.5      23.81     23       R8        0
    93       71     1.099      -53.28     23.54     23       R7        0
    94       93     2.137      -53.67     25.44     23       R7        0
    95       94     1.111      -53.83     27.41     23       R8        0
    96       95     0.8685     -55.89     28.73     24       R8        0
    97       96     1.1        -55.97     30.54     24       R8        0
    98       97     0.9888     -56.03     35.9      24       R8        0
    99       98     1.079      -56.83     38.23     22       R8        0
   100       53     0.7324     -21.5      10.81     25       R3        0
   101      100     0.6753     -22.38     9.532     25       R3        0
   102      101     1.089      -23.95     7.444     25       R3        0
   103      102     1.108      -26.11     7.189     26       R3        0
   104      103     0.9265     -28.67     8.029     26       R3        0
   105      104     0.7541     -30.84     8.578     26       R5        0
   106      105     0.7324     -32.33     8.982     26       R5        0
   107      106     0.4632     -34.09     8.468     26       R5        0
   108      107     0.5127     -37.46     8.653     26       R5        0
   109      108     0.3662     -39.26     7.739     26       R6        0
   110      109     0.6592     -42.08     7.629     26       R6        0
   111      110     0.8541     -43.91     6.565     27       R6        0
   112      110     0.894      -45.41     10.74     26       R6        0
   113      112     0.691      -46.95     11.03     26       R6        0
   114      113     1.018      -48.05     9.202     26       R6        0
   115      113     0.5282     -47.94     12.28     25       R6        0
   116      115     0.4455     -49.07     12.28     25       R7        0
   117      116     0.6215     -50.21     12.64     25       R7        0
   118      117     1.01       -51.77     13.57     25       R7        0
   119      118     0.4944     -54.44     13.4      25       R7        0
   120      119     0.8111     -56.61     12.3      25       R7        0
   121      120     0.4913     -57.68     11.35     26       R7        0
   122      121     0.3341     -59.68     11.4      26       R8        0
   123      122     0.737      -60.86     11.79     27       R8        0
   124      123     1.351      -61.77     12.17     27       R8        0
   125      124     0.9354     -62.7      10.71     27       R8        0
   126      125     0.453      -64        10.03     27       R8        0
   127      126     0.5521     -65.78     9.918     27       R8        0
   128      127     0.6142     -67.1      10.47     28       R8        0
   129      128     0.7162     -69.79     11.04     28       R9        0
   130      129     0.8807     -72.26     10.91     28       R9        0
   131      107     1.6        -36.07     7.699     26       R5        0
   132      131     0.7922     -37.1      6.236     26       R5        0
   133      132     0.8286     -41.34     3.125     26       R6        0
   134      133     0.906      -44.31     1.657     26       R6        0
   135      134     0.5182     -45.24     0.6328    27       R6        0
   136      135     1.321      -48.37     0.1099    27       R6        0
   137      136     1.05       -49.66     -1.042    27       R6        0
   138      137     0.6683     -51.25     -0.6855   27       R7        0
   139      138     0.3845     -53.01     -0.5493   27       R7        0
   140      139     0.6683     -55.26     0.03076   27       R7        0
   141      140     0.8258     -57.32     0.5493    27       R7        0
   142      141     0.7141     -59.24     0.0835    27       R7        0
   143      142     0.9903     -61.06     -0.1362   27       R8        0
   144      143     0.9354     -63.25     -0.1099   27       R8        0
   145      144     1.032      -64.98     0.936     27       R8        0
   146      103     0.8598     -27.27     5.687     26       R3        0
   147      146     1.099      -29.22     4.258     26       R3        0
   148      147     0.9451     -30.98     3.107     26       R5        0
   149      148     0.4693     -32.02     1.705     25       R5        0
   150      149     0.9354     -33.1      0.2769    25       R5        0
   151      150     0.429      -33.86     -0.4087   25       R5        0
   152      103     1.296      -23.67     5.603     26       R3        0
   153      152     1.21       -22.3      4.452     26       R3        0
   154      153     0.8166     -22.72     3.107     26       R3        0
   155      154     0.6637     -23.59     1.925     26       R3        0
   156      155     0.3517     -25.27     0.9888    26       R3        0
   157      156     0.739      -26.83     -0.02637  26       R3        0
   158      157     0.6067     -28.43     -0.1626   26       R3        0
   159      158     0.6992     -29.53     -2.087    26       R3        0
   160       49     0.824      -12.17     14.37     25       R2        0
   161      160     0.8258     -12.33     17.85     25       R3        0
   162      161     0.7651     -12.99     20.32     25       R3        0
   163      162     0.739      -14.09     22.11     25       R3        0
   164      163     0.7141     -14.75     24.58     25       R3        0
   165      164     0.769      -14.5      26.45     25       R5        0
   166      165     0.9718     -15.87     27.58     24       R5        0
   167      166     0.8385     -17.77     30.13     22       R5        0
   168      167     0.5916     -20.71     30.79     21       R5        0
   169      168     0.5839     -22.88     32.22     21       R5        0
   170      169     1.155      -23.76     34.22     21       R6        0
   171      170     0.8166     -21.07     34.91     21       R6        0
   172      170     0.906      -24.72     35.9      21       R6        0
   173      172     1.1        -25.05     37.02     21       R6        0
   174      173     1.239      -23.78     39.94     21       R6        0
   175       78     1.111      -26.53     24.34     23       R5        0
   176      175     1.132      -27.74     27.58     23       R5        0
   177      176     0.541      -29.09     29.8      23       R6        0
   178      177     0.9903     -30.79     31.23     23       R6        0
   179      178     1.183      -32.46     33.1      23       R6        0
   180      179     1.082      -33.07     35.13     23       R6        0
   181      180     0.8367     -34.33     36.83     23       R7        0
   182      181     0.8858     -35.32     38.92     22       R7        0
   183      182     0.541      -34.44     40.32     22       R7        0
   184      183     1.127      -33.26     39.91     22       R7        0
   185      184     0.978      -32.41     37.74     22       R6        0
   186      185     0.9451     -31.47     36.29     22       R6        0
   187      186     0.739      -29.88     34.66     22       R6        0
   188      187     1.036      -28.51     32.99     22       R6        0
   189      188     0.5064     -27.19     31.59     22       R6        0
   190      173     0.8166     -27.71     37.33     21       R6        0
   191      190     0.5942     -29.42     40.02     20       R6        0
   192      191     0.7998     -30.54     42.71     20       R7        0
   193      192     0.6968     -32.06     42.91     21       R7        0
   194      193     0.5407     -33.38     41.89     21       R7        0
   195      194     0.6006     -34.55     43.7      21       R7        0
   196      195     0.5179     -35.96     44.72     21       R7        0
   197      196     0.8455     -35.98     46.37     21       R7        0
   198      197     1.247      -38.27     47.54     20       R8        0
   199      198     0.755      -40.12     48.94     19       R8        0
   200      199     1.015      -41.22     49.82     19       R8        0
   201      200     1.104      -41.86     51.78     19       R8        0
   202      197     0.8258     -35.24     48.07     21       R7        0
   203      202     0.7998     -35.87     50.02     20       R8        0
   204      203     0.5839     -34.85     51.5      20       R8        0
   205      202     0.5916     -33.84     46.56     21       R7        0
   206      182     0.7162     -37.49     39.44     22       R7        0
   207      206     1.274      -40.07     40.21     22       R7        0
   208      207     0.4944     -42.41     39.88     21       R7        0
   209      208     0.5211     -43.75     39.99     21       R7        0
   210      209     0.429      -45.73     40.62     21       R8        0
   211      210     0.4725     -47.05     41.7      21       R8        0
   212      207     0.2747     -42.41     41.09     22       R7        0
   213      212     0.6615     -43.07     42.46     22       R8        0
   214      213     1.055      -41.99     43.65     22       R8        0
   215      167     0.9403     -18.04     32.77     22       R5        0
   216      215     0.8789     -17.76     35.86     21       R6        0
   217      216     0.7324     -19.15     37.55     21       R6        0
   218      217     0.9323     -20.8      38.98     21       R6        0
   219      218     0.7888     -21.79     39.96     21       R6        0
   220      219     0.4429     -21.64     41.64     21       R6        0
   221      220     1.159      -22.57     43.67     21       R6        0
   222      221     1.013      -24        45.62     21       R7        0
   223      222     1.99       -25.4      46.67     20       R7        0
   224      223     0.6683     -27.8      46.72     20       R7        0
   225      224     1.159      -29.17     47.85     20       R7        0
   226      225     1.208      -30.1      49.14     20       R7        0
   227      226     0.4913     -29.17     49.96     20       R7        0
   228      226     0.6142     -31.25     50.21     20       R7        0
   229      228     0.8111     -32.16     51.75     20       R8        0
   230      223     1.05       -25.02     48.42     20       R7        0
   231      230     0.6795     -25.98     50.7      19       R7        0
   232      231     0.901      -26.56     52.27     19       R7        0
   233      232     0.7471     -28.07     52.9      19       R7        0
   234      233     1.008      -30.02     53.7      19       R8        0
   235      234     1.131      -31.53     55.02     18       R8        0
   236      235     1.01       -35.46     55.92     18       R8        0
   237      236     1.404      -35.84     57.16     18       R8        0
   238      237     0.5839     -36.72     58.37     18       R8        0
   239      236     0.8528     -34.41     54.41     18       R8        0
   240      239     0.3341     -34.72     52.9      20       R8        0
   241       14     0.8287     8.534      21.47     17       R3        0
   242      241     1.026      7.124      23.12     17       R3        0
   243      242     0.9915     6.354      24.88     17       R3        0
   244      243     0.8131     5.95       27.39     17       R3        0
   245      244     0.771      5.77       29        19       R3        0
   246      245     0.5839     6.812      30.21     19       R5        0
   247      246     1.442      7.607      31.94     19       R5        0
   248      245     0.7768     3.683      29.53     19       R3        0
   249      248     0.6142     1.266      29.66     18       R3        0
   250      249     0.9338     -1.626     30.6      17       R5        0
   251      250     0.9208     -2.58      32.01     17       R5        0
   252      251     1.594      -2.5       35.65     16       R5        0
   253      252     0.6592     -2.087     37.38     16       R5        0
   254      253     1.329      -3.652     39.14     17       R5        0
   255      254     1.759      -5.687     42.49     17       R6        0
   256      255     1.228      -6.974     45.57     17       R6        0
   257      256     0.9593     -9.448     46.53     17       R6        0
   258      257     1.63       -12.63     48.23     17       R6        0
   259      258     1.112      -14.81     50.1      17       R7        0
   260      259     2.099      -16.2      51.28     17       R7        0
   261      260     0.8313     -18.51     51.69     17       R7        0
   262      261     1.05       -21.31     51.75     17       R7        0
   263      262     1.127      -23.34     52.68     17       R7        0
   264      263     0.5182     -24.66     54.6      17       R7        0
   265      264     1.631      -26.12     56.09     17       R8        0
   266      265     0.8258     -25.73     57.85     17       R8        0
   267      266     1.013      -25.76     58.97     16       R8        0
   268      267     1.183      -27.58     59.36     16       R8        0
   269      268     0.978      -29.28     60.59     16       R8        0
   270      265     0.8385     -27.19     56.86     17       R8        0
   271      270     0.7471     -28.12     57.57     17       R8        0
   272      271     0.824      -29.28     57.85     17       R8        0
   273      272     0.8858     -31.8      58.31     17       R8        0
   274      273     0.9208     -33.92     58.64     17       R8        0
   275      274     1.05       -35.51     59.69     17       R8        0
   276      275     1.12       -37.68     60.35     17       R9        0
   277      276     0.6263     -38.7      59.27     17       R9        0
   278      277     0.9208     -40.35     59.03     17       R9        0
   279      278     0.6615     -41.99     59.08     16       R9        0
   280      279     0.8545     -44.03     59.82     16       R9        0
   281      280     0.6615     -45.37     61.25     16       R9        0
   282      281     1.154      -45.84     62.1      16       R9        0
   283      282     1.032      -45.24     62.65     16       R9        0
   284      282     0.9718     -47.62     62.57     16       R9        0
   285      284     1.159      -49.46     62.76     16       R9        0
   286      276     1.127      -38.61     61.14     16       R9        0
   287      286     1.478      -40.43     63.42     16       R9        0
   288      287     0.6992     -41.72     64.49     16       R9        0
   289      288     0.6883     -43.4      65.1      16       R9        0
   290      289     1.132      -45.48     65.81     16       R9        0
   291      290     1.711      -47.54     65.7      16       R9        0
   292      291     0.9338     -49.77     65.98     17       R9        0
   293      292     0.7998     -51.75     65.01     17       R9        0
   294      293     1.391      -53.45     64.66     17       R9        0
   295      292     0.8942     -51.64     68.23     17       R9        0
   296      260     1.214      -15.6      53.37     17       R7        0
   297      296     0.9948     -14.5      54.3      17       R7        0
   298      297     0.739      -12.94     53.09     17       R7        0
   299      297     0.6263     -13.05     54.99     17       R7        0
   300      299     0.8942     -12.19     56.47     17       R7        0
   301      300     0.7471     -10.99     57.02     17       R7        0
   302      301     0.7631     -9.119     59.38     17       R8        0
   303      300     1.206      -13.05     58.17     17       R7        0
   304      303     0.4974     -15.19     57.96     17       R7        0
   305      304     0.9888     -16.04     57.82     17       R8        0
   306      305     0.901      -15.9      56.06     17       R7        0
   307      305     0.9354     -18.1      58.17     16       R8        0
   308      307     0.5493     -19.39     57.98     16       R8        0
   309      308     1.875      -19.89     59.93     16       R8        0
   310      309     0.4395     -19.61     62.27     14       R8        0
   311      310     1.492      -19.64     64.6      15       R8        0
   312      311     1.703      -19.03     66.77     15       R8        0
   313      312     0.643      -20.93     67.68     14       R9        0
   314      313     0.5735     -23.7      67.82     14       R9        0
   315      312     1.268      -17.99     70.67     12       R9        0
   316      315     0.6948     -18.62     73.03     12       R9        0
   317        2     1.809      3.186      -3.542    17       R1        0
   318      317     1.611      2.966      -6.034    20       R1        0
   319      318     1.12       2.637      -7.607    20       R1        0
   320      319     1.066      1.942      -9.475    20       R1        0
   321      320     0.906      0          -8.376    21       R1        0
   322      318     0.8947     4.755      -7.132    20       R1        0
   323      322     0.8165     6.891      -6.992    20       R1        0
   324      323     0.7589     7.734      -5.133    20       R1        0
   325      324     1.008      9.374      -2.571    21       R1        0
   326      325     0.8549     8.112      1.367     21       R1        0
   327      326     1.646      3.406      4.553     21       R1        0
   328      327     0.6968     3.683      6.732     22       R1        0
   329      328     1.081      4.909      8.947     22       R2        0
   330      329     0.8303     4.742      10.69     22       R2        0
   331      330     0.8865     2.839      11.35     22       R2        0
   332      331     1.016      0.769      13.06     22       R2        0
   333      332     1.582      -0.8965    14.44     22       R2        0
   334      333     0.5179     -2.931     14.29     22       R2        0
   335      334     1.402      -3.678     13.14     22       R2        0
   336      335     0.2228     -4.065     12.48     22       R2        0
   337        8     0.9142     9.475      12.61     17       R2        0
   338      337     1.05       8.187      14.01     18       R2        0
   339      338     1.176      7.334      14.78     19       R2        0
   340        8     0.6948     13.07      11.57     17       R2        0
   341      340     1.479      15.38      13.07     20       R3        0
   342      341     0.6042     15.57      14.92     21       R3        0
   343        7     0.9549     12.45      8.728     19       R2        0
   344       46     0.9156     -6.939     11.87     24       R2        0
   345      344     1.135      -6.645     13.89     23       R2        0
   346      345     0.8797     -6.447     15.37     22       R2        0
   347      346     0.776      -6.297     17.94     22       R2        0
   348      347     0.986      -4.54      19.48     21       R3        0
   349      348     1.282      -3.828     20.85     19       R3        0
   350      349     1.253      -6.06      22.11     19       R3        0
   351      350     0.7214     -8.205     23.59     18       R3        0
   352      351     0.8541     -10.18     25.13     18       R3        0
   353      352     0.7111     -10.27     27.69     18       R3        0
   354      353     0.2953     -9.633     28.6      18       R5        0
   355       12     0.809      15.9       18.98     15       R3        0
   356      355     0.5493     17.05      19.49     15       R3        0
   357      356     1.183      17.87      21.47     11       R3        0
   358      357     0.5179     18.86      23.23     10       R3        0
   359      358     0.5179     20.14      24.36     10       R5        0
   360      359     0.6733     21.55      25        13       R5        0
   361      360     1.107      22.83      25.74     13       R5        0
   362      361     0.9483     22.77      28.78     14       R5        0
   363      362     0.8598     21.92      30.49     14       R5        0
   364      363     0.9338     21.18      32        14       R5        0
   365      364     0.8313     21.89      33.7      15       R6        0
   366      365     1.013      24.34      34.75     15       R6        0
   367      366     0.6705     25.95      35.52     16       R6        0
   368      367     1.008      27.16      36.73     16       R6        0
   369      368     0.824      28.87      38.92     17       R6        0
   370      369     0.9903     29.39      40.27     17       R6        0
   371      370     0.6067     29.8       41.97     17       R7        0
   372      371     0.9142     30.79      43.15     16       R7        0
   373      372     0.737      33.02      43.7      15       R7        0
   374      373     0.5656     34.74      44.55     15       R7        0
   375      374     0.9338     37.19      44.6      15       R7        0
   376      375     1.673      39.5       45.18     13       R8        0
   377      376     0.739      40.9       46.06     13       R8        0
   378      377     1.183      41.97      48.48     12       R8        0
   379      378     1.104      41.81      51.01     12       R8        0
   380      379     1.104      41.53      52.55     11       R8        0
   381      380     0.906      41.7       54.74     11       R8        0
   382      381     0.9354     43.31      55.76     11       R9        0
   383      382     1.4        45.4       57.35     9        R9        0
   384      383     1.013      46.97      58.26     8        R9        0
   385      384     0.7329     49.19      57.9      8        R9        0
   386      385     0.4429     50.59      58.83     8        R9        0
   387      386     0.7768     52.62      59.03     8        R9        0
   388      387     0.7865     54.77      58.12     8        R9        0
   389      388     0.8258     57.1       57.96     8        R9        0
   390      389     0.4429     59.41      57.76     8        R9        0
   391      333     1.523      -1.758     17.35     22       R2        0
   392      391     1.239      -1.371     19.17     21       R2        0
   393      392     0.6263     -0.0835    20.1      21       R3        0
   394      393     0.3884     1.015      20.54     21       R3        0
   395      394     0.6263     1.345      21.7      21       R3        0
   396      395     1.296      2.914      22.41     21       R3        0
   397      396     0.769      3.133      24.42     22       R3        0
   398      397     0.5064     0.7163     25.6      20       R3        0
   399      398     0.8258     0.6328     27.58     19       R3        0
   400      399     0.9163     0.6416     32.22     19       R5        0
   401      400     1.508      -0.4658    33.79     18       R5        0
   402      401     1.155      -0.02637   36.47     18       R5        0
   403      402     0.8858     -0.7119    38.92     17       R5        0
   404      403     0.8385     -2.004     40.29     15       R6        0
   405      404     1.287      -2.58      42.35     15       R6        0
   406      405     0.5493     -3.898     43.98     15       R6        0
   407      406     0.7865     -3.709     46.23     16       R6        0
   408      402     0.5438     1.674      37.74     17       R5        0
   409      408     0.7471     2.61       38.81     17       R5        0
   410      409     1.099      2.584      40.62     17       R6        0
   411      410     0.3999     2.72       41.83     17       R6        0
   412      403     1.265      0.3032     40.16     17       R6        0
   413      412     1.155      -0.6855    41.81     17       R6        0
   414      413     0.8258     -0.6328    44.17     17       R6        0
   415      414     0.8313     -0.4131    45.51     17       R6        0
   416      415     0.9718     -1.701     47.19     17       R6        0
   417      416     0.4693     -3.709     48.04     17       R6        0
   418      417     0.643      -5.273     48.67     17       R6        0
   419      256     1.21       -7.031     48.07     17       R6        0
   420      419     0.6615     -6.095     49.72     17       R7        0
   421      420     1.147      -5.054     51.06     17       R7        0
   422      421     0.769      -4.887     52.71     17       R7        0
   423      422     1.33       -4.641     53.78     17       R7        0
   424      423     0.4725     -2.333     52.73     17       R7        0
   425      250     1.099      -3.955     29.2      18       R3        0
   426      425     2.133      -5.106     28.92     19       R3        0
   427      426     0.771      -4.887     26.86     21       R3        0
   428      427     0.7141     -5.08      25.52     20       R3        0
   429      303     0.3517     -12.66     60.02     17       R8        0
   430      429     0.6948     -11.37     61.11     17       R8        0
   431      430     1.112      -10.35     61.8      17       R8        0
   432      431     1.208      -9.998     63.75     17       R8        0
   433      432     0.9142     -9.998     65.1      15       R8        0
   434      433     0.5493     -11.1      66.88     13       R8        0
   435       29     1.344      4.707      42.44     16       R6        0
   436      435     1.674      4.395      44.6      17       R6        0
   437      436     0.9093     3.964      47.94     17       R6        0
   438      437     1.155      5.247      49.72     17       R6        0
   439      438     0.906      4.799      51.94     16       R7        0
   440      439     0.6592     3.331      52.82     15       R7        0
   441      440     0.7647     2.123      51.97     16       R7        0
   442      441     0.7471     1.099      51.36     17       R7        0
   443      442     0.541      -0.5229    52.49     17       R7        0
   444      443     0.7922     -0.8789    54.74     18       R7        0
   445      444     1.013      -1.538     56.5      17       R7        0
   446      445     0.7035     0.7163     59.03     17       R7        0
   447      446     0.8685     3.542      59.38     17       R7        0
   448      447     1.432      5.164      61.22     17       R8        0
   449      448     1.383      5.906      63.5      13       R8        0
   450      449     1.045      6.236      65.15     12       R8        0
   451      450     1.323      5.77       66.99     12       R8        0
   452      451     1.082      7.031      67.98     10       R8        0
   453      452     0.824      7.607      70.4      11       R9        0
   454      453     0.8258     8.323      73.17     10       R9        0
   455      454     0.9354     6.508      75.48     8        R9        0
   456      455     0.824      6.618      78.2      8        R9        0
   457      456     1.154      6.126      81.33     8        R9        0
   458      457     0.6683     5.99       83.58     6        R9        0
   459      458     0.6263     7.005      85.47     6        R9        0
   460      459     0.2801     8.653      87.01     6        R9        0
   461      460     0.8581     9.725      87.7      6        R9        0
   462      452     0.8367     9.396      70.01     9        R9        0
   463      462     0.6683     12.03      71.49     9        R9        0
   464      463     1.282      14.61      73.72     9        R9        0
   465      464     0.9826     16.59      75.34     8        R9        0
   466      365     0.6479     19.21      35.38     16       R6        0
   467      466     1.101      18.49      38.13     16       R6        0
   468      467     0.901      19.58      40.62     16       R6        0
   469      468     0.7471     21.12      42.16     15       R6        0
   470      469     0.8166     21.92      44.33     14       R6        0
   471      470     1.22       22.36      45.26     14       R7        0
   472      471     0.7035     21.7       47.16     14       R7        0
   473      472     0.5942     20.35      47.71     15       R7        0
   474      473     1.067      19.61      49.39     15       R7        0
   475      474     1.084      19.46      51.42     15       R7        0
   476      475     0.7195     19.17      53.38     14       R7        0
   477      476     0.8581     17.28      55.47     14       R7        0
   478      477     0.9185     17.53      57.43     14       R8        0
   479      478     1.282      17.56      58.86     13       R8        0
   480      479     1.231      18.11      60.35     12       R8        0
   481      480     1.045      19.64      62.46     13       R8        0
   482      481     1.245      20.07      64.87     11       R8        0
   483      482     0.882      17.98      67.54     11       R8        0
   484      483     1.392      17.14      70.07     11       R9        0
   485      484     1.613      18.57      72.96     9        R9        0
   486      485     1.606      21.9       74.54     7        R9        0
   487      486     1.158      23.95      76.69     6        R9        0
   488      487     1.741      23.84      79.11     5        R9        0
   489      488     1.12       21.61      79.99     5        R9        0
   490      489     0.9962     19.59      79.33     5        R9        0
   491       38     0.8549     10.12      55.34     14       R7        0
   492      491     0.7111     8.864      56.83     14       R7        0
   493      492     1.268      7.334      60.46     15       R8        0
   494      493     0.7807     10.13      60.64     15       R8        0
   495      494     0.6263     12.17      61.25     14       R8        0
   496      495     0.739      13.93      62.49     13       R8        0
   497      496     0.8545     15.74      63.94     12       R8        0
   498      497     1.088      17.2       65.23     11       R8        0
   499      498     1.345      22.05      65.45     9        R8        0
   500      499     1.368      24.46      67.65     9        R9        0
   501      500     1.056      27.43      69.85     7        R9        0
   502      471     0.7647     25.41      46.19     14       R7        0
   503      502     0.8189     27.47      48.24     14       R7        0
   504      503     1.917      27.36      49.3      15       R7        0
   505      504     0.7786     25.16      50.62     14       R7        0
   506      505     0.5859     24.06      52.85     14       R7        0
   507      506     0.6632     24.31      55.23     14       R8        0
   508      507     1.192      24.94      57.43     12       R8        0
   509      508     1.71       25.52      58.53     10       R8        0
   510      509     1.049      28.23      60.73     11       R8        0
   511      510     0.7324     30.65      61.94     11       R8        0
   512      511     0.6258     31.83      63        10       R9        0
   513      512     1.116      32.92      64.94     10       R9        0
   514      513     0.8057     35.41      64.54     8        R9        0
   515      514     0.6258     37.57      65.16     8        R9        0
   516      515     0.4913     38.67      65.67     8        R9        0
   517      513     0.894      34.57      66.77     10       R9        0
   518      517     1.724      35.6       69.52     9        R9        0
   519      518     0.7469     33.87      71.24     9        R9        0
   520      519     0.691      36.04      73.73     8        R9        0
   521      423     1.12       -5.273     55.89     17       R7        0
   522      521     1.239      -5.546     57.96     16       R7        0
   523      522     0.9903     -5.436     60.15     14       R8        0
   524      523     0.5656     -4.75      61.69     14       R8        0
   525      524     0.9403     -4.588     63.53     13       R8        0
   526      525     0.9948     -4.175     65.18     13       R8        0
   527      526     1.089      -5.309     66.81     12       R8        0
   528      527     1.26       -5.897     68.09     12       R8        0
   529      528     0.469      -7.8       66.15     12       R8        0
   530      528     0.6301     -7.835     69.74     12       R9        0
   531      530     0.7214     -9.923     71.35     12       R9        0
   532      531     1.494      -12.49     73.73     12       R9        0
   533      532     0.7324     -13.95     70.36     13       R9        0
   534      533     1.099      -15.31     69.48     15       R9        0
   535      532     0.5332     -14.91     73.62     11       R9        0
   536      535     1.183      -16.66     74.21     11       R9        0
   537      536     0.4632     -17.17     76.36     11       R9        0
   538      537     0.4632     -17.69     77.61     11       R9        0
   539      536     0.5332     -18.27     73.77     11       R9        0
   540      539     0.7888     -19.81     74.54     11       R9        0
   541      540     0.4913     -20.91     76.62     11       R9        0
   542      439     1.12       5.788      53.4      14       R7        0
   543      542     1.025      5.897      54.76     14       R7        0
   544      543     1.201      4.979      57.03     14       R7        0
   545      544     1.144      3.261      58.64     14       R7        0
   546      545     1.139      1.024      60.58     14       R8        0
   547      546     1.174      0.3296     62.34     13       R8        0
   548      547     0.9549     1.173      65.12     13       R8        0
   549      548     2.135      2.197      68.12     12       R8        0
   550      549     1.181      2.013      71.09     11       R9        0
   551      550     1.247      3.151      72.96     10       R9        0
   552      551     0.9549     3.735      74.5      9        R9        0
   553      550     1.089      -0.2197    72.85     11       R9        0
   554      553     0.894      -2.527     74.79     10       R9        0
   555      554     1.819      -4.285     76.69     10       R9        0
   556      555     1.116      -6.187     76.51     10       R9        0
   557      556     0.572      -7.031     75.27     10       R9        0
   558      557     0.6632     -7.69      74.35     9        R9        0
   559      558     0.894      -6.921     72.96     10       R9        0
   560      559     0.8286     -6.776     71.6      11       R9        0
   561      560     0.7888     -5.678     70.73     12       R9        0
   562      561     1.32       -4.689     69.55     12       R8        0
   563      445     1.487      -1.622     59.14     15       R7        0
   564      563     1.554      -1.868     61.72     14       R8        0
   565      564     0.6683     -2.417     63.53     14       R8        0
   566      565     0.9903     -1.683     66.23     14       R8        0
   567      566     0.6301     -3.296     67.03     14       R8        0
   568      567     0.7786     -4.285     68.71     14       R8        0
   569      568     0.9521     -5.713     68.82     14       R8        0
   570      555     0.8057     -4.909     78.64     8        R9        0
   571      570     1.691      -3.7       80.06     8        R9        0
   572      571     1.089      -4.579     82.56     7        R9        0
   573      572     0.5179     -5.638     84.02     7        R9        0
   574      504     1.01       30.24      50.59     14       R7        0
   575      574     0.8166     32.44      49.14     14       R7        0
   576       83     0.5602     -33.89     30.57     22       R6        0
   577      163     0.7922     -12.63     23.1      23       R3        0
   578      577     0.8685     -11.01     24.61     22       R3        0
   579      578     0.7141     -10.74     26.84     22       R3        0
   580      579     1.168      -12.3      28.71     22       R5        0
   581      580     0.7807     -14.59     33.4      22       R5        0
   582      581     1.099      -16.04     35.08     22       R5        0
   583      582     0.6067     -16.07     36.58     22       R5        0
   584      583     0.5839     -15.46     37.88     22       R6        0
   585      350     0.7324     -3.625     23.19     19       R3        0
   586      585     0.938      -1.648     25.24     17       R3        0
   587      586     1.02       0.6592     23.89     15       R3        0
   588      587     0.6215     1.573      22.9      16       R3        0
   589      588     1.139      3.59       21.62     18       R3        0
   590      589     1.31       4.799      20.11     19       R3        0
   591      590     0.938      5.458      18.73     19       R2        0
   592      591     0.5905     7.031      18.07     19       R2        0
   593      320     1.264      2.197      -10.9     20       R2        0
   594      593     1.545      3.81       -11.97    21       R2        0
   595      594     0.5332     3.441      -13.35    22       R2        0
   596      595     0.7647     3.331      -14.34    23       R2        0
   597      596     0.5578     4.395      -14.86    23       R2        0
   598      597     0.7786     5.933      -16.07    23       R2        0
   599      598     1.089      7.545      -17.53    22       R2        0
   600      599     1.081      8.789      -18.81    22       R3        0
   601      600     0.7324     11.1       -19.88    22       R3        0
   602      601     0.882      12.49      -20.43    22       R3        0
   603      602     1.508      13.51      -21.12    22       R3        0
   604      603     0.9772     12.6       -23.13    22       R3        0
   605      604     0.9634     11.72      -25.29    22       R3        0
   606      605     1.12       10.69      -28.04    22       R5        0
   607      606     0.8351     9.593      -30.09    22       R5        0
   608      607     1.318      8.974      -31.89    22       R5        0
   609      608     1.613      9.193      -33.53    22       R5        0
   610      609     0.882      8.314      -35.07    24       R5        0
   611      610     1.089      6.337      -36.83    24       R5        0
   612      611     0.7888     5.678      -38.7     24       R5        0
   613      612     1.028      4.065      -41.08    24       R6        0
   614      613     1.108      4.909      -43.68    24       R6        0
   615      614     0.5859     5.238      -47.19    23       R6        0
   616      615     0.8789     5.603      -50.93    23       R7        0
   617      616     1.318      6.042      -53.71    21       R7        0
   618      617     0.8541     4.724      -55.69    21       R7        0
   619      618     1.028      4.869      -60.34    21       R8        0
   620      619     1.326      5.528      -63.23    21       R8        0
   621      620     0.9549     5.199      -65.25    22       R8        0
   622      621     0.6753     3.48       -66.42    22       R8        0
   623      622     0.6215     1.063      -69.17    21       R8        0
   624      623     1.483      0.145      -70.52    20       R9        0
   625      624     0.8789     -0.624     -72.32    20       R9        0
   626      625     0.894      -1.868     -74.7     20       R9        0
   627      626     0.9521     -3.88      -78.39    21       R9        0
   628      627     1.018      -2.123     -80.52    21       R9        0
   629      593     0.906      0.5493     -12.3     21       R2        0
   630      629     1.089      -0.3296    -14.34    21       R2        0
   631      630     1.5        -3.709     -13.29    23       R2        0
   632      631     0.8166     -7.225     -13.65    25       R2        0
   633      632     1.01       -8.925     -16.42    25       R2        0
   634      633     0.9142     -10.6      -18.29    25       R3        0
   635      634     0.6883     -11.7      -20.49    26       R3        0
   636      635     0.8313     -14.99     -22.03    26       R3        0
   637      636     0.643      -18.68     -22.19    26       R3        0
   638      637     1.216      -23.1      -19.56    26       R5        0
   639      638     0.643      -26.09     -19.28    26       R5        0
   640      639     0.8858     -29.33     -21.67    26       R5        0
   641      640     0.9208     -32.44     -21.34    26       R5        0
   642      641     1.164      -33.21     -22.33    27       R6        0
   643      642     0.6795     -35.9      -22.6     26       R6        0
   644      643     0.6992     -38.76     -23.84    26       R6        0
   645      644     1.099      -40.37     -25.62    26       R6        0
   646      645     1.263      -42.3      -25.32    26       R6        0
   647      646     0.9903     -45.35     -24.69    26       R7        0
   648      647     0.6883     -51.53     -24.55    26       R7        0
   649      648     0.8258     -54.03     -26.31    26       R8        0
   650      649     0.9208     -59.96     -27.05    27       R8        0
   651      650     1.099      -63.12     -30.07    28       R8        0
   652      651     0.7471     -66.58     -33.62    28       R9        0
   653      652     0.737      -70.86     -35.56    28       R9        0
   654      653     0.7329     -72.81     -36.09    28       R9        0
   655      646     0.737      -44.44     -27.82    26       R7        0
   656      655     0.8111     -44.63     -29.22    26       R7        0
   657      646     0.8545     -44.74     -23.34    26       R7        0
   658      657     0.9354     -46.89     -22.03    26       R7        0
   659      658     0.5602     -49.38     -22.38    27       R7        0
   660      659     0.5064     -50.84     -20.68    27       R7        0
   661      640     1.532      -30.9      -24.88    26       R5        0
   662      661     0.8858     -32.85     -26.94    26       R6        0
   663      662     1.026      -34.47     -28.2     26       R6        0
   664      663     0.737      -36.64     -28.48    26       R6        0
   665      664     0.7471     -39.19     -29.69    26       R6        0
   666      665     1.013      -41.53     -30.4     26       R7        0
   667      666     1.104      -44.17     -31.56    26       R7        0
   668      667     0.9093     -44.85     -32.52    26       R7        0
   669      668     1.32       -46.94     -32.82    26       R7        0
   670      669     0.6683     -49.27     -32.93    26       R7        0
   671      670     0.8258     -52.43     -33.23    26       R8        0
   672      671     0.9338     -54        -32.96    27       R8        0
   673      672     0.7162     -55.95     -32.57    27       R8        0
   674      673     0.8807     -57.87     -32.44    28       R8        0
   675      674     0.771      -61        -32.16    28       R8        0
   676      675     0.7162     -59.68     -29.66    27       R8        0
   677      676     0.3517     -58.91     -28.92    27       R8        0
   678      630     0.8111     -0.6328    -16.04    20       R2        0
   679      678     1.407      -1.648     -17.38    20       R2        0
   680      679     0.9451     0.5493     -18.65    18       R2        0
   681      680     0.9387     1.046      -19.63    18       R2        0
   682      681     1.082      0.5493     -21.34    21       R3        0
   683      682     0.6615     -1.538     -22.03    22       R3        0
   684      683     0.6263     -3.709     -23.84    23       R3        0
   685      684     1.826      -5.41      -24.8     23       R3        0
   686      685     0.6215     -3.129     -26.72    23       R3        0
   687      686     0.5942     -0.8218    -28.07    23       R3        0
   688      687     0.7768     0          -29.58    24       R3        0
   689      688     1.228      0.7163     -32.05    24       R5        0
   690      689     0.5064     0.9053     -34.14    23       R5        0
   691      690     0.429      3.076      -35.1     22       R5        0
   692      691     0.6615     2.145      -37.35    22       R5        0
   693      692     1.067      1.046      -39.44    22       R5        0
   694      693     0.9354     -1.402     -40.04    23       R6        0
   695      694     0.824      -2.281     -42.16    23       R6        0
   696      695     0.769      -2.36      -44.68    23       R6        0
   697      696     0.8385     -3.678     -47.68    22       R6        0
   698      697     0.978      -5.164     -49.49    22       R6        0
   699      698     1.547      -8.459     -51.09    22       R7        0
   700      699     0.771      -8.35      -53.56    23       R7        0
   701      700     0.6263     -7.664     -55.53    23       R7        0
   702      701     0.7998     -7.141     -57.65    23       R7        0
   703      702     0.6042     -7.225     -59.68    22       R8        0
   704      703     1.176      -8.213     -61.58    22       R8        0
   705      704     0.6992     -10.46     -62.62    21       R8        0
   706      705     0.5656     -11.89     -62.89    21       R8        0
   707      693     0.6615     2.145      -41.86    22       R6        0
   708      707     0.9354     4.039      -43.01    21       R6        0
   709      708     0.6615     7.115      -44.24    21       R6        0
   710      709     0.6615     9.092      -45.73    21       R6        0
   711      710     1.132      10.71      -48.06    21       R6        0
   712      711     0.824      13.62      -48.5     21       R7        0
   713      712     1.216      13.82      -48.01    22       R6        0
   714      712     0.9387     17.36      -46.99    22       R7        0
   715      714     0.8807     19.42      -45.67    22       R6        0
   716      715     0.9609     21.12      -47.13    22       R7        0
   717      716     0.9451     23.13      -48.53    21       R7        0
   718      717     1.013      24.61      -50.4     21       R7        0
   719      718     0.8942     25.11      -52.68    20       R7        0
   720      719     0.6992     25.51      -54.38    20       R8        0
   721      720     0.3517     24.31      -55.78    20       R8        0
   722      685     0.6881     -8.055     -25.09    24       R3        0
   723      722     1.458      -9.831     -26.89    24       R3        0
   724      723     0.9915     -9.321     -28.7     24       R5        0
   725      724     0.769      -9.321     -31.19    25       R5        0
   726      725     1.149      -9.501     -33.9     24       R5        0
   727      726     0.8286     -10.84     -36.1     23       R5        0
   728      727     0.7223     -13.53     -38.55    22       R6        0
   729      728     0.776      -14.36     -40.4     22       R6        0
   730      729     1.172      -14.58     -41.3     23       R6        0
   731      730     1.168      -12.65     -42.25    23       R6        0
   732      731     0.469      -11.54     -43.02    24       R6        0
   733      731     1          -13.97     -44.1     25       R6        0
   734      733     0.8541     -15.27     -45.25    25       R6        0
   735      734     0.7469     -15.86     -46.28    25       R6        0
   736      735     1.17       -16.59     -47.43    24       R7        0
   737      736     1.099      -16.77     -49.28    24       R7        0
   738      737     0.9675     -16.75     -51.28    24       R7        0
   739      738     0.9045     -15.76     -52.08    23       R7        0
   740      739     1.068      -15.03     -53.73    23       R7        0
   741      740     0.8057     -14.94     -54.96    23       R7        0
   742      741     0.7324     -14.32     -56.53    23       R7        0
   743      742     0.7111     -13.79     -57.74    23       R7        0
   744      743     0.755      -14.65     -58.86    23       R8        0
   745      744     0.6602     -15.51     -59.94    23       R8        0
   746      745     0.9668     -16.51     -61.49    23       R8        0
   747      746     0.5905     -17.47     -62.02    22       R8        0
   748      747     1.031      -18.16     -63.95    22       R8        0
   749      748     0.882      -18.13     -65.76    22       R8        0
   750      749     0.5282     -18.35     -67.04    21       R8        0
   751      750     0.8643     -19.96     -68.52    21       R9        0
   752      751     0.9948     -22.17     -69.07    21       R9        0
   753      730     0.7223     -16.29     -42.71    23       R6        0
   754      753     0.7863     -18.02     -44.06    25       R6        0
   755      754     0.7073     -20.31     -44.71    25       R6        0
   756      755     0.9178     -21.53     -44.89    24       R6        0
   757      756     0.8705     -23.84     -44.13    24       R7        0
   758      757     0.579      -25.84     -44.5     24       R7        0
   759      758     1.197      -26.81     -45.86    24       R7        0
   760      759     1.228      -27.12     -47.3     24       R7        0
   761      760     1.396      -27.28     -48.9     24       R7        0
   762      761     1.092      -27.37     -50.91    24       R7        0
   763      762     0.885      -27.87     -52.58    24       R7        0
   764      763     0.5962     -28.75     -53.95    24       R8        0
   765      764     0.8581     -29.54     -54.96    24       R8        0
   766      765     0.4589     -30.87     -55.89    24       R8        0
   767      766     0.7361     -32.23     -56.17    24       R8        0
   768      767     0.1867     -33.16     -55.85    23       R8        0
   769      759     0.4927     -28.53     -46.63    24       R7        0
   770      769     0.2228     -29.66     -48.05    24       R7        0
   771      723     0.6226     -11.32     -27.76    25       R3        0
   772      771     0.6948     -12.56     -28.41    25       R5        0
   773      772     0.9613     -14.25     -28.39    25       R5        0
   774      773     0.9358     -17.94     -29.12    25       R5        0
   775      774     0.5961     -20.93     -31.3     25       R5        0
   776      775     0.7214     -22.45     -31.85    23       R5        0
   777      776     0.8518     -25.3      -33.19    24       R6        0
   778      777     0.5444     -27.58     -35.49    24       R6        0
   779      778     1.025      -28.75     -38.33    24       R6        0
   780      779     0.9451     -30.41     -41.13    23       R7        0
   781      780     0.6753     -31.83     -42.18    23       R7        0
   782      781     0.7541     -34.28     -42.76    23       R7        0
   783      782     0.3735     -37.43     -43.61    23       R7        0
   784      777     0.6139     -27.63     -33.42    23       R6        0
   785      784     0.9521     -30.1      -34.34    23       R6        0
   786      785     0.4761     -32.39     -34.82    24       R6        0
   787      786     0.8705     -34.09     -35.56    24       R6        0
   788      787     0.7541     -36.58     -35.84    24       R7        0
   789      788     0.9185     -37.68     -37.21    25       R7        0
   790      789     1.108      -39.52     -38.11    25       R7        0
   791      790     1.12       -41.67     -37.45    26       R7        0
   792      791     1.028      -43.8      -36.98    27       R7        0
   793      792     0.5732     -45.61     -37.78    27       R7        0
   794      679     0.8367     -4.118     -16.45    20       R2        0
   795      794     0.7922     -4.649     -14.6     20       R2        0
   796      795     0.8359     -5.418     -11       20       R2        0
   797      796     0.9243     -8.24      -8.468    21       R2        0
   798      797     0.7699     -14.66     -6.416    22       R2        0
   799      798     1.228      -17.67     -6.508    24       R2        0
   800      799     0.5859     -17.14     -8.521    25       R2        0
   801      800     0.6997     -17.65     -10.04    25       R3        0
   802      801     0.7541     -18.82     -12.41    25       R3        0
   803      802     0.6997     -20.84     -13.78    25       R3        0
   804      803     0.691      -24.06     -14.34    25       R3        0
   805      804     0.5282     -26.73     -15.77    25       R5        0
   806      805     0.9156     -28.86     -17.4     25       R5        0
   807      806     0.6396     -31.17     -17.22    25       R5        0
   808      807     0.6551     -33.65     -17.86    26       R5        0
   809      808     0.5243     -34.9      -18.76    26       R5        0
   810      809     0.6723     -36.9      -17.68    25       R6        0
   811      810     1.168      -38.23     -17.4     25       R6        0
   812      811     0.8032     -40.04     -16.32    26       R6        0
   813      812     0.8541     -41.27     -15.44    26       R6        0
   814      813     0.8541     -42.92     -15.48    27       R6        0
   815      814     0.9323     -44.6      -16.47    27       R6        0
   816      815     0.4775     -45.28     -17.37    29       R6        0
   817      814     1.131      -43.49     -13.01    27       R6        0
   818      817     0.6753     -45.34     -12.63    27       R6        0
   819      818     0.6948     -46.84     -13.17    27       R6        0
   820      819     0.7541     -47.17     -14.93    27       R6        0
   821      820     0.4287     -47.87     -15.46    28       R7        0
   822      799     0.9915     -20.43     -6.746    25       R3        0
   823      822     0.95       -22.3      -5.902    26       R3        0
   824      823     0.7889     -24.86     -6.728    26       R3        0
   825      824     0.6753     -26.59     -7.497    26       R3        0
   826      825     0.776      -27.85     -7.792    26       R3        0
   827      826     0.6841     -30.67     -7.242    26       R5        0
   828      827     0.755      -31.99     -5.884    26       R5        0
   829      828     0.447      -33.89     -6.144    26       R5        0
   830      829     0.6006     -36.11     -6.855    26       R5        0
   831      830     1.031      -37.76     -7.479    27       R5        0
   832      831     0.9895     -39.49     -7.734    27       R6        0
   833      832     0.7035     -39.75     -9.365    27       R6        0
   834      833     0.7073     -38.76     -10.32    27       R6        0
   835      834     0.5243     -37.65     -10.81    27       R5        0
   836      835     0.514      -36.91     -10.08    26       R5        0
   837      836     0.5407     -37.19     -8.908    26       R5        0
   838      832     0.9613     -42.15     -6.82     27       R6        0
   839      838     1.254      -43.65     -6.253    27       R6        0
   840      839     0.8189     -45.63     -5.994    27       R6        0
   841      840     1.104      -47.95     -6.324    27       R6        0
   842      841     1.284      -52.08     -6.71     27       R7        0
   843      842     0.6632     -54.02     -6.838    27       R7        0
   844      843     0.4927     -54.98     -7.387    27       R7        0
   845      844     1.386      -56.71     -8.78     27       R7        0
   846      845     1.021      -56.49     -10.12    27       R7        0
   847      846     0.9451     -57.11     -11.98    27       R7        0
   848      847     0.6095     -57.73     -12.88    27       R7        0
   849      848     0.823      -58.96     -13.74    27       R8        0
   850      849     0.4176     -61.18     -15.28    27       R8        0
   851      843     1.036      -55.67     -5.375    27       R7        0
   852      851     0.652      -56.76     -3.595    27       R7        0
   853      852     0.441      -56.91     -2.276    26       R7        0
   854      603     1.056      15.35      -22       22       R3        0
   855      854     0.5859     16.59      -23.46    22       R3        0
   856      855     0.6632     16.92      -26.43    23       R5        0
   857      856     1.422      17.76      -28.56    23       R5        0
   858      857     1.041      15.16      -31.04    23       R5        0
   859      858     0.809      14.06      -32.95    22       R5        0
   860      859     0.9521     14.58      -35.77    22       R5        0
   861      860     1.02       15.97      -39.1     23       R6        0
   862      861     0.882      17.39      -41.74    23       R6        0
   863      862     0.8541     16.88      -44.56    23       R6        0
   864      863     1.099      15.27      -46.42    22       R6        0
   865      864     0.6301     13.92      -47.16    22       R6        0
   866      865     0.8573     14.28      -50.42    22       R7        0
   867      866     0.8541     15.86      -52.76    22       R7        0
   868      867     1.028      16.44      -57.05    23       R7        0
   869      868     0.6215     17.61      -58.77    23       R8        0
   870      869     1.081      19.34      -60.34    22       R8        0
   871      870     1.247      19.78      -62.68    22       R8        0
   872      871     0.882      21.86      -64.81    19       R8        0
   873      872     0.3944     22.85      -66.97    19       R9        0
   874      857     1.066      21.79      -28.01    23       R5        0
   875      874     1.219      24.61      -29.1     23       R5        0
   876      875     0.9962     25.78      -32.18    24       R6        0
   877      876     1.018      28.45      -36.03    24       R6        0
   878      877     1.099      28.12      -39.72    22       R6        0
   879      878     1.02       27.91      -44.23    22       R7        0
   880      879     0.9549     29.15      -48.62    21       R7        0
   881      880     0.8789     29.85      -49.9     20       R7        0
   882      881     0.8573     30.98      -54.22    19       R8        0
   883      882     1.144      32.12      -56.42    19       R8        0
   884      883     0.8351     34.42      -58.58    16       R8        0
   885      884     0.5282     32.92      -61.99    16       R9        0
   886      885     0.5179     31.79      -65.18    16       R9        0
   887      884     0.885      37.21      -60.42    16       R9        0
   888      887     0.7251     39.55      -61.08    16       R9        0
   889      888     0.7922     41.49      -62.9     15       R9        0
   890      889     0.3276     43.62      -64.04    15       R9        0
   891      317     1.265      6.398      -3.516    13       R1        0
   892      891     1.32       10.33      -4.201    13       R2        0
   893      892     0.891      12.71      -4.126    13       R2        0
   894      893     0.9549     15.97      -2.628    13       R2        0
   895      894     0.7214     20.67      -1.837    13       R3        0
   896      895     1.252      23.84      -0.4658   13       R3        0
   897      896     1.228      25.12      0.8525    16       R3        0
   898      897     1.545      28.23      0.668     16       R3        0
   899      898     0.885      31.42      1.402     16       R5        0
   900      899     1.524      34.31      3.599     16       R5        0
   901      900     1.337      37.13      4.368     18       R5        0
   902      901     0.9826     39.66      3.05      18       R5        0
   903      902     0.8541     42.74      2.096     18       R6        0
   904      903     0.9521     46         1.367     18       R6        0
   905      904     2.026      49         -0.7954   20       R6        0
   906      905     0.9387     51.14      1.292     20       R7        0
   907      906     0.9948     52.68      1.898     20       R7        0
   908      907     0.6406     54.22      0.4702    20       R7        0
   909      908     1.158      56.4       -0.1362   20       R7        0
   910      909     0.809      58.96      -2.259    20       R7        0
   911      910     0.809      62.62      -2.039    19       R8        0
   912      911     0.5905     66.5       -2.738    19       R8        0
   913      912     0.882      70.06      -3.507    19       R9        0
   914      913     0.5859     73.28      -3.907    19       R9        0
   915      907     0.7922     54.24      3.744     20       R7        0
   916      915     1.566      57.09      4.772     19       R7        0
   917      916     0.9521     59.99      4.003     18       R8        0
   918      917     0.6948     62.33      3.599     17       R8        0
   919      918     0.9826     64.2       5.102     17       R8        0
   920      919     0.5859     66.54      6.565     17       R8        0
   921      920     0.882      68.77      6.346     19       R8        0
   922      921     0.7324     70.42      4.882     18       R9        0
   923      922     0.7922     72.33      3.015     17       R9        0
   924      923     1.018      73.17      2.026     17       R9        0
   925      924     0.938      74.3       0.2681    17       R9        0
   926      925     0.3735     76.54      0.5229    15       R9        0
   927      924     0.8057     76.35      3.234     17       R9        0
   928      927     1.049      78.11      1.986     17       R9        0
   929      928     0.9549     81.15      1.986     15       R9        0
   930      929     0.809      83.94      2.795     15       R9        0
   931      930     0.9634     87.34      3.305     15       R9        0
   932      931     0.5578     90.97      4.553     15       R9        0
   933      932     0.5332     94.74      5.212     15       R9        0
   934      437     0.7035     1.538      48.97     17       R6        0
   935      934     1.028      1.793      46.7      17       R6        0
   936      935     1.355      2.215      44.71     17       R6        0
   937      896     1.165      23.48      3.406     13       R3        0
   938      937     0.9549     24.61      6.091     16       R3        0
   939      938     1.409      26         7.334     16       R3        0
   940      939     1.399      28.67      6.82      16       R3        0
   941      940     1.108      32.04      6.456     15       R5        0
   942      941     1.545      35.12      8.213     15       R5        0
   943      942     1.247      36.62      10.27     15       R5        0
   944      943     0.8189     39.3       9.971     16       R6        0
   945      944     1.144      41.78      10.45     16       R6        0
   946      945     1.036      43.54      11.91     16       R6        0
   947      946     0.9265     45.52      13.3      16       R6        0
   948      947     1.376      46.73      14.48     16       R6        0
   949      948     1.554      46.58      16.86     17       R6        0
   950      949     1.382      45.59      19.6      17       R6        0
   951      950     1.6        44.31      20.99     17       R6        0
   952      951     1.26       45.89      23.7      17       R7        0
   953      952     1.31       48.08      25.68     17       R7        0
   954      953     0.9549     50.83      27.11     17       R7        0
   955      954     1.904      53.94      27.22     16       R8        0
   956      955     1.32       56.1       28.46     16       R8        0
   957      939     1.264      25.93      9.971     16       R3        0
   958      957     1.626      26.04      13.27     17       R3        0
   959      958     1.465      27.8       16.38     17       R5        0
   960      959     1.254      31.75      17.59     17       R5        0
   961      960     0.9962     35.49      18.54     18       R6        0
   962      961     1.31       38.05      20.11     18       R6        0
   963      962     0.9634     37.5       22.9      18       R6        0
   964      963     1.247      37.87      25.1      18       R6        0
   965      964     1.252      36.07      26.93     18       R6        0
   966      965     0.5602     34.66      29.32     17       R6        0
   967      376     0.8351     41.82      44.76     13       R8        0
   968      967     1.972      43.54      44.03     13       R8        0
   969      968     1.158      46.66      44.54     13       R8        0
   970      969     1.483      48.12      43        13       R8        0
   971      970     1.049      50.57      40.29     13       R8        0
   972      971     1.32       53.36      39.93     13       R8        0
   973      972     1.254      57.75      38.46     13       R8        0
   974      973     1.081      60.86      38.9      13       R9        0
   975      974     0.6592     64.12      39.41     11       R9        0
   976      964     0.9178     39.66      26.89     17       R6        0
   977      976     1.32       41.42      28.72     17       R7        0
   978      977     1.368      42.85      28.83     17       R7        0
   979      978     0.8351     41.75      32.02     16       R7        0
   980      979     1.279      40.65      33.52     16       R7        0
   981      980     1.192      38.49      36.78     16       R7        0
   982      981     0.9962     37.35      39.74     16       R7        0
   983      982     0.5127     36.99      40.55     16       R7        0
   984      980     0.9962     43.32      34.58     15       R7        0
   985      984     0.8351     45.63      35.09     15       R7        0
   986      985     0.5578     47.98      36.78     15       R8        0
   987      978     1.54       45.04      29.01     15       R7        0
   988      987     1.02       46.95      29.67     15       R7        0
   989      988     1.409      50.39      30.19     16       R7        0
   990      989     1.049      52.62      31.8      16       R8        0
   991      990     1.32       55.48      31.58     15       R8        0
   992      991     0.882      58.48      33.04     15       R8        0
   993      992     0.7251     60.86      36.04     14       R9        0
   994      993     1.025      62.73      36.52     14       R9        0
   995      994     1.025      64.49      35.86     14       R9        0
   996      995     1.028      67.02      35.93     13       R9        0
   997      996     0.7361     68.63      35.86     13       R9        0
   998      968     0.894      44.64      41.91     14       R8        0
   999      998     1.089      46.8       40.92     14       R8        0
  1000      999     0.8351     49.07      41.47     14       R8        0
  1001     1000     0.9962     50.54      43.55     14       R8        0
  1002     1001     1.158      50.9       44.98     14       R8        0
  1003     1002     1.049      53.17      46.56     13       R9        0
  1004     1003     0.572      55.45      47.51     13       R9        0
  1005     1004     0.7251     57.42      50.55     11       R9        0
  1006     1005     1.347      58.89      53.7      8        R9        0
  1007     1006     0.891      60.17      55.05     8        R9        0
  1008     1007     0.9521     63.03      55.75     8        R9        0
  1009     1008     1.192      65.99      57.03     7        R9        0
  1010     1009     0.7922     68.3       56.26     7        R9        0
  1011      916     1.465      59.8       7.664     18       R8        0
  1012     1011     1.281      61.74      10.92     18       R8        0
  1013     1012     1.318      62.59      12.79     18       R8        0
  1014     1013     0.938      63.76      14.18     18       R8        0
  1015     1014     1.174      65.4       14.99     18       R8        0
  1016     1015     1.351      67.35      13.45     18       R8        0
  1017     1016     0.809      70.75      13.85     18       R9        0
  1018     1017     0.9178     73.86      13.85     18       R9        0
  1019     1018     0.604      74.38      11.76     18       R9        0
  1020      948     0.9265     50.87      16.67     19       R7        0
  1021     1020     0.9549     53.39      17.81     19       R7        0
  1022     1021     1.264      57.05      18.47     19       R7        0
  1023     1022     1.279      59.69      18.36     19       R8        0
  1024     1023     0.7786     63.14      17.99     18       R8        0
  1025     1024     0.8057     65.22      16.86     18       R8        0
  1026     1025     0.882      68.77      17.33     17       R9        0
  1027     1026     0.6948     71.05      18.69     17       R9        0
  1028     1027     1.108      73.42      19.2      17       R9        0
  1029     1028     1.089      75.95      18.51     17       R9        0
  1030     1029     0.8351     77.93      17.74     17       R9        0
  1031     1030     1.415      80.42      15.87     16       R9        0
  1032     1031     1.049      82.95      14.66     16       R9        0
  1033     1032     0.7324     85.29      13.82     16       R9        0
  1034     1033     0.7469     88.22      13.67     16       R9        0
  1035     1028     0.9208     75.53      21.09     16       R9        0
  1036     1035     0.8858     74.43      22.66     16       R9        0
  1037     1036     0.6592     73.94      25.19     16       R9        0
  1038     1031     0.9178     82.89      17.59     16       R9        0
  1039     1038     0.8258     83.25      20.32     14       R9        0
  1040     1039     0.9451     82.89      22.77     14       R9        0
  1041     1040     0.9354     85.67      24.01     13       R9        0
  1042     1041     0.4395     88.72      23.37     11       R9        0
  1043      995     0.8367     63.59      33.35     14       R9        0
  1044      905     1.51       51.86      -1.784    21       R7        0
  1045     1044     1.351      54.16      -4.566    21       R7        0
  1046     1045     1.181      57.16      -6.253    21       R7        0
  1047     1046     0.882      59.03      -7.203    21       R7        0
  1048     1047     1.137      61.34      -5.994    21       R8        0
  1049     1048     0.572      63.47      -7.462    21       R8        0
  1050      898     0.9962     29.44      -1.929    16       R3        0
  1051     1050     1.399      32.74      -3.907    16       R5        0
  1052     1051     1.459      34.06      -7.422    16       R5        0
  1053     1052     1.101      36.99      -9        19       R5        0
  1054     1053     1.041      41.01      -10.1     19       R6        0
  1055     1054     1.036      44.64      -11.97    19       R6        0
  1056     1055     0.906      48.56      -11.67    20       R6        0
  1057     1056     1.368      51.64      -9.769    20       R7        0
  1058     1057     1.483      54.64      -10.24    20       R7        0
  1059     1058     1.181      57.53      -11.67    20       R7        0
  1060     1059     0.9521     59.8       -13.32    20       R8        0
  1061     1060     1.347      62.99      -11.78    20       R8        0
  1062     1061     0.9772     65.7       -10.83    20       R8        0
  1063     1062     1.32       68.85      -9.989    17       R8        0
  1064     1063     1.247      71.05      -11.71    17       R9        0
  1065     1064     0.9634     72.29      -14.23    17       R9        0
  1066     1065     0.891      74.45      -15.33    17       R9        0
  1067     1066     1.26       77.82      -14.6     17       R9        0
  1068     1067     1.146      80.2       -13.21    17       R9        0
  1069     1068     1.32       82.18      -12.48    17       R9        0
  1070     1069     1.025      86.68      -13.43    16       R9        0
  1071     1070     1.247      90.89      -13.68    16       R9        0
  1072     1071     1.158      93.82      -13.32    16       R9        0
  1073     1072     1.181      96.57      -12.33    15       R9        0
  1074     1073     0.4632     99.43      -12.11    15       R9        0
  1075      601     1.22       13.18      -16.48    22       R3        0
  1076     1075     1.668      14.37      -14.66    22       R3        0
  1077     1076     1.159      16.37      -14.17    22       R3        0
  1078     1077     1.214      18.79      -14.47    22       R3        0
  1079     1078     1.172      22.16      -13.65    23       R3        0
  1080     1079     1.028      24.9       -14.01    23       R3        0
  1081     1080     1.228      27.54      -13.87    23       R5        0
  1082     1081     1.279      30.62      -15.11    23       R5        0
  1083     1082     1.422      32.08      -16.21    23       R5        0
  1084     1083     1.584      34.31      -18.48    23       R5        0
  1085     1084     1.465      37.1       -20.1     23       R6        0
  1086     1085     0.8541     39.44      -23.32    22       R6        0
  1087     1086     1.296      40.98      -25.55    22       R6        0
  1088     1087     1.392      43.32      -27.16    22       R7        0
  1089     1088     1.212      46.44      -28.41    21       R7        0
  1090     1089     1.146      49.14      -29.61    21       R7        0
  1091     1090     1.099      52.55      -29       19       R8        0
  1092     1091     0.9962     54.68      -25.99    18       R8        0
  1093     1092     0.882      56.83      -24.93    18       R8        0
  1094     1093     0.882      60.35      -25.37    18       R8        0
  1095     1094     1.028      62.7       -25.44    18       R8        0
  1096     1060     0.8351     62.18      -15.88    20       R8        0
  1097     1096     0.7469     63.76      -17.9     20       R8        0
  1098     1097     0.885      66.06      -20.43    16       R8        0
  1099     1098     0.8351     68.26      -21.23    16       R9        0
  1100     1099     0.8351     70.39      -20.43    16       R9        0
  1101     1100     0.885      72.87      -23.43    16       R9        0
  1102     1101     0.691      75.88      -24.56    16       R9        0
  1103     1102     0.7541     78.44      -24.53    16       R9        0
  1104     1103     0.938      79.29      -26.61    16       R9        0
  1105      895     1.192      24.13      -3.067    19       R3        0
  1106     1105     1.362      26.44      -4.386    19       R3        0
  1107     1106     1.099      28.86      -7.203    20       R3        0
  1108     1107     1.089      30.4       -11.45    20       R5        0
  1109     1108     0.9962     32.7       -13.32    20       R5        0
  1110     1109     0.885      35.08      -14.42    23       R5        0
  1111     1110     1.028      38.75      -14.82    23       R6        0
  1112     1111     0.906      42.92      -16.95    22       R6        0
  1113     1112     0.7786     45.48      -18.63    21       R6        0
  1114     1113     0.8789     48.96      -19.8     21       R7        0
  1115     1114     1.028      54.2       -20.46    20       R7        0
  1116     1115     0.7044     57.08      -20.55    20       R8        0
  1117     1116     1.049      60.24      -20.79    20       R8        0
  1118     1117     0.5905     64.34      -17.35    17       R8        0
  1119     1118     0.4271     67.09      -12.88    17       R8        0
  1120     1084     1.481      33.14      -21.89    24       R5        0
  1121     1120     1.439      32.37      -26.94    24       R6        0
  1122     1121     1.699      32.44      -31.34    24       R6        0
  1123     1122     1.759      34.02      -34.71    21       R6        0
  1124     1123     1.099      34.2       -39.58    21       R7        0
  1125     1124     1.101      35.52      -41.59    21       R7        0
  1126     1125     1.279      35.05      -45.11    21       R7        0
  1127     1126     1.212      37.57      -48.48    20       R8        0
  1128     1127     1.399      36.18      -51.3     20       R8        0
  1129     1128     1.036      41.42      -54.22    19       R8        0
  1130     1129     1.917      45.37      -56.09    19       R9        0
  1131     1130     1.337      46.4       -59.39    18       R9        0
  1132     1131     1.245      47.87      -62.76    16       R9        0
  1133     1132     0.8057     51.31      -64       16       R9        0
  1134     1133     0.891      55.34      -62.65    15       R9        0
  1135     1134     0.691      58.08      -62.5     15       R9        0
  1136     1123     1.116      37.76      -37.89    19       R7        0
  1137     1136     0.9549     40.14      -39.39    21       R7        0
  1138     1137     2.015      43.91      -40.35    21       R7        0
  1139     1138     1.472      45.08      -43.97    21       R8        0
  1140     1139     1.192      47.9       -48.59    18       R8        0
  1141     1140     1.465      49.77      -51.3     18       R9        0
  1142     1141     0.7922     52.04      -52.8     18       R9        0
  1143     1142     0.469      53.5       -53.46    18       R9        0
  1144     1078     0.9451     20.38      -15.9     23       R3        0
  1145     1144     0.978      21.75      -18.35    23       R3        0
  1146     1145     0.9903     23.65      -19.91    23       R5        0
  1147     1146     1.042      26.42      -20.24    23       R5        0
  1148     1147     0.7471     28.29      -20.38    22       R5        0
  1149     1148     0.901      29.99      -22.19    22       R5        0
  1150     1149     0.9609     30.96      -23.07    22       R5        0
  1151     1150     1.245      33.15      -24.77    22       R6        0
  1152     1151     1.819      34.8       -26.23    22       R6        0
  1153     1152     0.7865     39.47      -26.83    20       R6        0
  1154     1153     0.9354     42.16      -28.07    20       R7        0
  1155     1154     1.01       44.96      -30.32    20       R7        0
  1156     1155     1.067      47.08      -32.28    20       R7        0
  1157     1156     1.362      49.66      -36.03    19       R8        0
  1158     1157     0.894      51.82      -38.88    19       R8        0
  1159     1158     0.809      54.42      -40.93    19       R8        0
  1160     1159     0.7361     57.2       -41.12    19       R9        0
  1161     1160     1.081      60.79      -42.62    18       R9        0
  1162     1161     0.9265     64.27      -43.97    18       R9        0
  1163     1162     0.9142     68.97      -44.9     15       R9        0
  1164     1163     1.438      71.88      -47.93    15       R9        0
  1165     1164     1.357      74.29      -51.2     15       R9        0
  1166     1165     1.472      77.31      -52.25    12       R9        0
  1167     1166     0.882      80.27      -50.93    12       R9        0
  1168     1091     1.041      55.3       -29.36    19       R8        0
  1169     1168     1.201      59.22      -30.24    18       R8        0
  1170     1169     1.201      62.7       -32.18    17       R9        0
  1171     1170     1.422      65.07      -34.78    17       R9        0
  1172     1171     0.9323     67.6       -37.85    17       R9        0
  1173     1172     1.646      68.26      -39.14    17       R9        0
  1174     1173     0.8189     70.46      -42.95    15       R9        0
  1175     1174     1.02       74.41      -43.86    15       R9        0
  1176     1175     1.049      77.38      -45.69    15       R9        0
