# 
#   Starburst amacrine from confocal stack image TIFF168.tif from Alon Poleg-Polsky 
# 
#   Converted using Neuromantic from reconstruction sbac_168_ben.swc  
#     by Ben Ballintyn and Moriah Cesaretti using  
#     neuroman2ncsbac and neuroman2nc_reg. 
# 
#     Converted from sbac_168 using neuroman2ncc2 with diascale=1.0, xscale=yscale=2.0. 
#
#     Converted from sbac_168c3 using set_morph_file_flat --radthresh 20 morph_sbac_168c3 > morph_sbac_168c4
#
#   Soma z offset = 18 um (rezeroed by neuroman2nc_reg). 
# 
# 
#   node  parent    dia       xbio       ybio      zbio      region   dendr 
# 
     0        0     dsomadia   0          0         0        SOMA      0
     1        0     2.113      -14.17     -6.53     8        R1        0
     2        1     0.4661     -10.88     -1.477    9        R1        0
     3        2     1.463      -8.57      2.198     9        R1        0
     4        3     0.8351     -4.33      7.048     11       R1        0
     5        4     0.9337     -1.58      10.83     12       R1        0
     6        5     0.8735     0.28       14.7      13       R1        0
     7        6     1.359      1.38       17.93     14       R2        0
     8        7     1.246      1.98       21.82     20       R2        0
     9        8     0.9163     2.82       29.8      20       R2        0
    10        9     1.414      3.1        33.38     20       R2        0
    11       10     0.5088     6.04       34.44     20       R2        0
    12       11     0.737      8.82       37.08     20       R3        0
    13       12     0.6968     8.82       40.56     20       R3        0
    14       10     1.245      -0.66      39.34     20       R3        0
    15       14     0.7044     2.08       41.88     20       R3        0
    16       15     0.5905     4.16       43.46     20       R3        0
    17       16     0.5282     6.22       45.72     20       R3        0
    18       17     1.181      8.42       49.32     20       R3        0
    19       18     1.036      9.52       53.78     20       R3        0
    20       19     0.6968     13         53.3      20       R3        0
    21       19     0.9185     8.9        58.4      20       R5        0
    22       21     0.8735     6.74       61        20       R5        0
    23       22     1.138      4.02       65.02     20       R5        0
    24       23     1.036      1.9        67.66     20       R5        0
    25       24     0.9528     1.32       71.7      20       R5        0
    26       25     1.231      0.4        74.9      20       R5        0
    27       26     0.9243     -2.57      76.74     20       R5        0
    28       27     1.149      -4.07      80.52     20       R6        0
    29       28     1.613      -6.38      83.82     20       R6        0
    30       29     1.056      -3.89      86.38     20       R6        0
    31       30     1.138      0          87        20       R6        0
    32       31     0.6948     1.46       88.56     20       R6        0
    33       32     0.7863     2.6        93.48     20       R6        0
    34       33     2.322      5.6        95.6      20       R6        0
    35       34     1.282      6.7        100.2     20       R7        0
    36       35     0.9045     4.36       102.5     20       R7        0
    37       36     0.6602     4.24       104.9     20       R7        0
    38       37     0.7035     2.52       106.9     20       R7        0
    39       38     1.013      0.58       105.3     20       R7        0
    40        1     1.01       -23.24     2.532     20       R2        0
    41       40     1.442      -24.94     5.168     20       R2        0
    42       41     1.22       -26.92     7.584     20       R2        0
    43       42     0.8858     -28.67     9.95      20       R2        0
    44       43     1.478      -29.77     13.25     20       R2        0
    45       44     0.7471     -32.14     16.32     20       R3        0
    46       45     0.8685     -33.79     19.56     20       R3        0
    47       46     0.6705     -35.87     20.6      20       R3        0
    48       47     0.8874     -39.88     20.98     20       R3        0
    49       48     1.032      -44.16     23.74     20       R3        0
    50       49     0.6042     -46.7      24.38     20       R3        0
    51       50     0.8545     -49.5      23.08     20       R3        0
    52       51     0.8789     -54.06     22.92     20       R5        0
    53       52     0.9354     -57.3      22.96     20       R5        0
    54       53     0.7141     -61.96     24.16     20       R5        0
    55       54     1.057      -64        26.58     20       R5        0
    56       55     0.3296     -63.28     30.6      20       R5        0
    57       56     0.6615     -62.62     34.06     20       R5        0
    58       57     0.7807     -66.2      37.36     20       R5        0
    59       58     0.9208     -72.56     39.18     20       R6        0
    60       59     0.541      -75.98     35.1      20       R6        0
    61       60     0.4944     -78.88     32.74     20       R6        0
    62       61     0.6067     -82.56     30.22     20       R6        0
    63       62     0.6795     -88.38     30.38     20       R6        0
    64       63     0.5064     -93.72     28.56     20       R7        0
    65       64     0.6067     -99.26     28.68     20       R7        0
    66       65     1.067      -101.2     33.4      20       R7        0
    67       66     0.5656     -104.9     35.5      20       R7        0
    68       67     1.12       -111.5     35.76     20       R7        0
    69       68     0.5602     -118.1     35.66     20       R8        0
    70       69     1.055      -122.5     37.24     20       R8        0
    71       70     1.584      -126.5     40.38     20       R8        0
    72       71     0.8858     -132.2     40.38     20       R9        0
    73       72     1.026      -135.2     40.72     20       R9        0
    74       73     0.4429     -139.1     43.06     20       R9        0
    75       74     0.6142     -143.1     44.56     20       R9        0
    76       75     1.265      -147.2     43.72     20       R9        0
    77       76     0.6592     -151.6     43.46     20       R9        0
    78       59     1.131      -74.6      45.32     20       R6        0
    79       78     0.8166     -79.76     51.74     20       R6        0
    80       79     0.8385     -82.94     54.16     20       R7        0
    81       80     0.6592     -87.46     54.22     20       R7        0
    82       81     0.978      -92.62     57.24     20       R7        0
    83       82     1.671      -95.54     58.84     20       R7        0
    84       83     0.8685     -99.26     58.12     20       R7        0
    85       84     0.6683     -102.5     53.12     20       R7        0
    86       85     1.36       -103.4     51.2      20       R7        0
    87       86     0.541      -106.9     50.66     20       R8        0
    88       87     0.8874     -109.5     49.12     20       R8        0
    89       88     0.9903     -112.9     49.28     20       R8        0
    90       89     1.159      -118       49.56     20       R8        0
    91       90     0.6615     -123.4     50.48     20       R8        0
    92       91     0.6615     -133       47.62     20       R9        0
    93       71     1.099      -126.6     47.08     20       R8        0
    94       93     2.137      -127.3     50.88     20       R8        0
    95       94     1.111      -127.7     54.82     20       R9        0
    96       95     0.8685     -131.8     57.46     20       R9        0
    97       96     1.1        -131.9     61.08     20       R9        0
    98       97     0.9888     -132.1     71.8      20       R9        0
    99       98     1.079      -133.7     76.46     20       R9        0
   100       53     0.7324     -63        21.62     20       R5        0
   101      100     0.6753     -64.76     19.06     20       R5        0
   102      101     1.089      -67.9      14.89     20       R5        0
   103      102     1.108      -72.22     14.38     20       R5        0
   104      103     0.9265     -77.34     16.06     20       R6        0
   105      104     0.7541     -81.68     17.16     20       R6        0
   106      105     0.7324     -84.66     17.96     20       R6        0
   107      106     0.4632     -88.18     16.94     20       R6        0
   108      107     0.5127     -94.92     17.31     20       R6        0
   109      108     0.3662     -98.52     15.48     20       R7        0
   110      109     0.6592     -104.2     15.26     20       R7        0
   111      110     0.8541     -107.8     13.13     20       R7        0
   112      110     0.894      -110.8     21.48     20       R7        0
   113      112     0.691      -113.9     22.06     20       R7        0
   114      113     1.018      -116.1     18.4      20       R8        0
   115      113     0.5282     -115.9     24.56     20       R8        0
   116      115     0.4455     -118.1     24.56     20       R8        0
   117      116     0.6215     -120.4     25.28     20       R8        0
   118      117     1.01       -123.5     27.14     20       R8        0
   119      118     0.4944     -128.9     26.8      20       R8        0
   120      119     0.8111     -133.2     24.6      20       R8        0
   121      120     0.4913     -135.4     22.7      20       R8        0
   122      121     0.3341     -139.4     22.8      20       R9        0
   123      122     0.737      -141.7     23.58     20       R9        0
   124      123     1.351      -143.5     24.34     20       R9        0
   125      124     0.9354     -145.4     21.42     20       R9        0
   126      125     0.453      -148       20.06     20       R9        0
   127      126     0.5521     -151.6     19.84     20       R9        0
   128      127     0.6142     -154.2     20.94     20       R9        0
   129      128     0.7162     -159.6     22.08     20       R9        0
   130      129     0.8807     -164.5     21.82     20       R9        0
   131      107     1.6        -92.14     15.4      20       R6        0
   132      131     0.7922     -94.2      12.47     20       R6        0
   133      132     0.8286     -102.7     6.25      20       R7        0
   134      133     0.906      -108.6     3.314     20       R7        0
   135      134     0.5182     -110.5     1.266     20       R7        0
   136      135     1.321      -116.7     0.2198    20       R7        0
   137      136     1.05       -119.3     -2.084    20       R8        0
   138      137     0.6683     -122.5     -1.371    20       R8        0
   139      138     0.3845     -126       -1.099    20       R8        0
   140      139     0.6683     -130.5     0.06152   20       R8        0
   141      140     0.8258     -134.6     1.099     20       R8        0
   142      141     0.7141     -138.5     0.167     20       R9        0
   143      142     0.9903     -142.1     -0.2724   20       R9        0
   144      143     0.9354     -146.5     -0.2198   20       R9        0
   145      144     1.032      -150       1.872     20       R9        0
   146      103     0.8598     -74.54     11.37     20       R5        0
   147      146     1.099      -78.44     8.516     20       R6        0
   148      147     0.9451     -81.96     6.214     20       R6        0
   149      148     0.4693     -84.04     3.41      20       R6        0
   150      149     0.9354     -86.2      0.5538    20       R6        0
   151      150     0.429      -87.72     -0.8174   20       R6        0
   152      103     1.296      -67.34     11.21     20       R5        0
   153      152     1.21       -64.6      8.904     20       R5        0
   154      153     0.8166     -65.44     6.214     20       R5        0
   155      154     0.6637     -67.18     3.85      20       R5        0
   156      155     0.3517     -70.54     1.978     20       R5        0
   157      156     0.739      -73.66     -0.05274  20       R5        0
   158      157     0.6067     -76.86     -0.3252   20       R6        0
   159      158     0.6992     -79.06     -4.174    20       R6        0
   160       49     0.824      -44.34     28.74     20       R3        0
   161      160     0.8258     -44.66     35.7      20       R5        0
   162      161     0.7651     -45.98     40.64     20       R5        0
   163      162     0.739      -48.18     44.22     20       R5        0
   164      163     0.7141     -49.5      49.16     20       R5        0
   165      164     0.769      -49        52.9      20       R5        0
   166      165     0.9718     -51.74     55.16     20       R5        0
   167      166     0.8385     -55.54     60.26     20       R6        0
   168      167     0.5916     -61.42     61.58     20       R6        0
   169      168     0.5839     -65.76     64.44     20       R6        0
   170      169     1.155      -67.52     68.44     20       R6        0
   171      170     0.8166     -62.14     69.82     20       R6        0
   172      170     0.906      -69.44     71.8      20       R7        0
   173      172     1.1        -70.1      74.04     20       R7        0
   174      173     1.239      -67.56     79.88     20       R7        0
   175       78     1.111      -73.06     48.68     20       R6        0
   176      175     1.132      -75.48     55.16     20       R6        0
   177      176     0.541      -78.18     59.6      20       R7        0
   178      177     0.9903     -81.58     62.46     20       R7        0
   179      178     1.183      -84.92     66.2      20       R7        0
   180      179     1.082      -86.14     70.26     20       R7        0
   181      180     0.8367     -88.66     73.66     20       R7        0
   182      181     0.8858     -90.64     77.84     20       R8        0
   183      182     0.541      -88.88     80.64     20       R8        0
   184      183     1.127      -86.52     79.82     20       R7        0
   185      184     0.978      -84.82     75.48     20       R7        0
   186      185     0.9451     -82.94     72.58     20       R7        0
   187      186     0.739      -79.76     69.32     20       R7        0
   188      187     1.036      -77.02     65.98     20       R7        0
   189      188     0.5064     -74.38     63.18     20       R7        0
   190      173     0.8166     -75.42     74.66     20       R7        0
   191      190     0.5942     -78.84     80.04     20       R7        0
   192      191     0.7998     -81.08     85.42     20       R7        0
   193      192     0.6968     -84.12     85.82     20       R8        0
   194      193     0.5407     -86.76     83.78     20       R8        0
   195      194     0.6006     -89.1      87.4      20       R8        0
   196      195     0.5179     -91.92     89.44     20       R8        0
   197      196     0.8455     -91.96     92.74     20       R8        0
   198      197     1.247      -96.54     95.08     20       R8        0
   199      198     0.755      -100.2     97.88     20       R9        0
   200      199     1.015      -102.4     99.64     20       R9        0
   201      200     1.104      -103.7     103.6     20       R9        0
   202      197     0.8258     -90.48     96.14     20       R8        0
   203      202     0.7998     -91.74     100       20       R8        0
   204      203     0.5839     -89.7      103       20       R8        0
   205      202     0.5916     -87.68     93.12     20       R8        0
   206      182     0.7162     -94.98     78.88     20       R8        0
   207      206     1.274      -100.1     80.42     20       R8        0
   208      207     0.4944     -104.8     79.76     20       R8        0
   209      208     0.5211     -107.5     79.98     20       R8        0
   210      209     0.429      -111.5     81.24     20       R8        0
   211      210     0.4725     -114.1     83.4      20       R9        0
   212      207     0.2747     -104.8     82.18     20       R8        0
   213      212     0.6615     -106.1     84.92     20       R8        0
   214      213     1.055      -104       87.3      20       R8        0
   215      167     0.9403     -56.08     65.54     20       R6        0
   216      215     0.8789     -55.52     71.72     20       R6        0
   217      216     0.7324     -58.3      75.1      20       R6        0
   218      217     0.9323     -61.6      77.96     20       R7        0
   219      218     0.7888     -63.58     79.92     20       R7        0
   220      219     0.4429     -63.28     83.28     20       R7        0
   221      220     1.159      -65.14     87.34     20       R7        0
   222      221     1.013      -68        91.24     20       R7        0
   223      222     1.99       -70.8      93.34     20       R7        0
   224      223     0.6683     -75.6      93.44     20       R8        0
   225      224     1.159      -78.34     95.7      20       R8        0
   226      225     1.208      -80.2      98.28     20       R8        0
   227      226     0.4913     -78.34     99.92     20       R8        0
   228      226     0.6142     -82.5      100.4     20       R8        0
   229      228     0.8111     -84.32     103.5     20       R8        0
   230      223     1.05       -70.04     96.84     20       R8        0
   231      230     0.6795     -71.96     101.4     20       R8        0
   232      231     0.901      -73.12     104.5     20       R8        0
   233      232     0.7471     -76.14     105.8     20       R8        0
   234      233     1.008      -80.04     107.4     20       R8        0
   235      234     1.131      -83.06     110       20       R8        0
   236      235     1.01       -90.92     111.8     20       R9        0
   237      236     1.404      -91.68     114.3     20       R9        0
   238      237     0.5839     -93.44     116.7     20       R9        0
   239      236     0.8528     -88.82     108.8     20       R9        0
   240      239     0.3341     -89.44     105.8     20       R8        0
   241       14     0.8287     -2.93      42.94     20       R3        0
   242      241     1.026      -5.75      46.24     20       R3        0
   243      242     0.9915     -7.29      49.76     20       R3        0
   244      243     0.8131     -8.1       54.78     20       R3        0
   245      244     0.771      -8.46      58        20       R5        0
   246      245     0.5839     -6.38      60.42     20       R5        0
   247      246     1.442      -4.79      63.88     20       R5        0
   248      245     0.7768     -12.63     59.06     20       R5        0
   249      248     0.6142     -17.47     59.32     20       R5        0
   250      249     0.9338     -23.25     61.2      20       R5        0
   251      250     0.9208     -25.16     64.02     20       R5        0
   252      251     1.594      -25        71.3      20       R5        0
   253      252     0.6592     -24.17     74.76     20       R6        0
   254      253     1.329      -27.3      78.28     20       R6        0
   255      254     1.759      -31.37     84.98     20       R6        0
   256      255     1.228      -33.95     91.14     20       R6        0
   257      256     0.9593     -38.9      93.06     20       R7        0
   258      257     1.63       -45.26     96.46     20       R7        0
   259      258     1.112      -49.62     100.2     20       R7        0
   260      259     2.099      -52.4      102.6     20       R7        0
   261      260     0.8313     -57.02     103.4     20       R7        0
   262      261     1.05       -62.62     103.5     20       R8        0
   263      262     1.127      -66.68     105.4     20       R8        0
   264      263     0.5182     -69.32     109.2     20       R8        0
   265      264     1.631      -72.24     112.2     20       R8        0
   266      265     0.8258     -71.46     115.7     20       R8        0
   267      266     1.013      -71.52     117.9     20       R8        0
   268      267     1.183      -75.16     118.7     20       R9        0
   269      268     0.978      -78.56     121.2     20       R9        0
   270      265     0.8385     -74.38     113.7     20       R8        0
   271      270     0.7471     -76.24     115.1     20       R8        0
   272      271     0.824      -78.56     115.7     20       R9        0
   273      272     0.8858     -83.6      116.6     20       R9        0
   274      273     0.9208     -87.84     117.3     20       R9        0
   275      274     1.05       -91.02     119.4     20       R9        0
   276      275     1.12       -95.36     120.7     20       R9        0
   277      276     0.6263     -97.4      118.5     20       R9        0
   278      277     0.9208     -100.7     118.1     20       R9        0
   279      278     0.6615     -104       118.2     20       R9        0
   280      279     0.8545     -108.1     119.6     20       R9        0
   281      280     0.6615     -110.7     122.5     20       R9        0
   282      281     1.154      -111.7     124.2     20       R9        0
   283      282     1.032      -110.5     125.3     20       R9        0
   284      282     0.9718     -115.2     125.1     20       R9        0
   285      284     1.159      -118.9     125.5     20       R9        0
   286      276     1.127      -97.22     122.3     20       R9        0
   287      286     1.478      -100.9     126.8     20       R9        0
   288      287     0.6992     -103.4     129       20       R9        0
   289      288     0.6883     -106.8     130.2     20       R9        0
   290      289     1.132      -111       131.6     20       R9        0
   291      290     1.711      -115.1     131.4     20       R9        0
   292      291     0.9338     -119.5     132       20       R9        0
   293      292     0.7998     -123.5     130       20       R9        0
   294      293     1.391      -126.9     129.3     20       R9        0
   295      292     0.8942     -123.3     136.5     20       R9        0
   296      260     1.214      -51.2      106.7     20       R7        0
   297      296     0.9948     -49        108.6     20       R8        0
   298      297     0.739      -45.88     106.2     20       R7        0
   299      297     0.6263     -46.1      110       20       R8        0
   300      299     0.8942     -44.38     112.9     20       R8        0
   301      300     0.7471     -41.98     114       20       R8        0
   302      301     0.7631     -38.24     118.8     20       R8        0
   303      300     1.206      -46.1      116.3     20       R8        0
   304      303     0.4974     -50.38     115.9     20       R8        0
   305      304     0.9888     -52.08     115.6     20       R8        0
   306      305     0.901      -51.8      112.1     20       R8        0
   307      305     0.9354     -56.2      116.3     20       R8        0
   308      307     0.5493     -58.78     116       20       R8        0
   309      308     1.875      -59.78     119.9     20       R8        0
   310      309     0.4395     -59.22     124.5     20       R8        0
   311      310     1.492      -59.28     129.2     20       R9        0
   312      311     1.703      -58.06     133.5     20       R9        0
   313      312     0.643      -61.86     135.4     20       R9        0
   314      313     0.5735     -67.4      135.6     20       R9        0
   315      312     1.268      -55.98     141.3     20       R9        0
   316      315     0.6948     -57.24     146.1     20       R9        0
   317        2     1.809      -13.63     -7.084    17       R2        0
   318      317     1.611      -14.07     -12.07    20       R2        0
   319      318     1.12       -14.73     -15.21    20       R2        0
   320      319     1.066      -16.12     -18.95    20       R2        0
   321      320     0.906      -20        -16.75    20       R2        0
   322      318     0.8947     -10.49     -14.26    20       R2        0
   323      322     0.8165     -6.22      -13.98    20       R2        0
   324      323     0.7589     -4.53      -10.27    20       R2        0
   325      324     1.008      -1.25      -5.142    21       R2        0
   326      325     0.8549     -3.78      2.734     21       R2        0
   327      326     1.646      -13.19     9.106     21       R2        0
   328      327     0.6968     -12.63     13.46     22       R2        0
   329      328     1.081      -10.18     17.89     20       R2        0
   330      329     0.8303     -10.52     21.38     20       R2        0
   331      330     0.8865     -14.32     22.7      20       R2        0
   332      331     1.016      -18.46     26.12     20       R2        0
   333      332     1.582      -21.79     28.88     20       R3        0
   334      333     0.5179     -25.86     28.58     20       R3        0
   335      334     1.402      -27.36     26.28     20       R3        0
   336      335     0.2228     -28.13     24.96     20       R3        0
   337        8     0.9142     -1.05      25.22     20       R2        0
   338      337     1.05       -3.63      28.02     20       R2        0
   339      338     1.176      -5.33      29.56     20       R2        0
   340        8     0.6948     6.14       23.14     20       R2        0
   341      340     1.479      10.76      26.14     20       R2        0
   342      341     0.6042     11.14      29.84     20       R2        0
   343        7     0.9549     4.9        17.46     19       R2        0
   344       46     0.9156     -33.88     23.74     20       R3        0
   345      344     1.135      -33.29     27.78     20       R3        0
   346      345     0.8797     -32.89     30.74     20       R3        0
   347      346     0.776      -32.59     35.88     20       R3        0
   348      347     0.986      -29.08     38.96     20       R3        0
   349      348     1.282      -27.66     41.7      20       R3        0
   350      349     1.253      -32.12     44.22     20       R3        0
   351      350     0.7214     -36.41     47.18     20       R5        0
   352      351     0.8541     -40.36     50.26     20       R5        0
   353      352     0.7111     -40.54     55.38     20       R5        0
   354      353     0.2953     -39.27     57.2      20       R5        0
   355       12     0.809      11.8       37.96     20       R3        0
   356      355     0.5493     14.1       38.98     20       R3        0
   357      356     1.183      15.74      42.94     20       R3        0
   358      357     0.5179     17.72      46.46     20       R3        0
   359      358     0.5179     20.28      48.72     20       R3        0
   360      359     0.6733     23.1       50        20       R3        0
   361      360     1.107      25.66      51.48     20       R3        0
   362      361     0.9483     25.54      57.56     20       R5        0
   363      362     0.8598     23.84      60.98     20       R5        0
   364      363     0.9338     22.36      64        20       R5        0
   365      364     0.8313     23.78      67.4      20       R5        0
   366      365     1.013      28.68      69.5      20       R5        0
   367      366     0.6705     31.9       71.04     20       R5        0
   368      367     1.008      34.32      73.46     20       R6        0
   369      368     0.824      37.74      77.84     20       R6        0
   370      369     0.9903     38.78      80.54     20       R6        0
   371      370     0.6067     39.6       83.94     20       R6        0
   372      371     0.9142     41.58      86.3      20       R6        0
   373      372     0.737      46.04      87.4      20       R6        0
   374      373     0.5656     49.48      89.1      20       R7        0
   375      374     0.9338     54.38      89.2      20       R7        0
   376      375     1.673      59         90.36     20       R7        0
   377      376     0.739      61.8       92.12     20       R7        0
   378      377     1.183      63.94      96.96     20       R7        0
   379      378     1.104      63.62      102       20       R8        0
   380      379     1.104      63.06      105.1     20       R8        0
   381      380     0.906      63.4       109.5     20       R8        0
   382      381     0.9354     66.62      111.5     20       R8        0
   383      382     1.4        70.8       114.7     20       R8        0
   384      383     1.013      73.94      116.5     20       R8        0
   385      384     0.7329     78.38      115.8     20       R9        0
   386      385     0.4429     81.2       117.7     20       R9        0
   387      386     0.7768     85.2       118.1     20       R9        0
   388      387     0.7865     89.5       116.2     20       R9        0
   389      388     0.8258     94.2       115.9     20       R9        0
   390      389     0.4429     98.8       115.5     20       R9        0
   391      333     1.523      -23.52     34.7      20       R3        0
   392      391     1.239      -22.74     38.34     20       R3        0
   393      392     0.6263     -20.17     40.2      20       R3        0
   394      393     0.3884     -17.97     41.08     20       R3        0
   395      394     0.6263     -17.31     43.4      20       R3        0
   396      395     1.296      -14.17     44.82     20       R3        0
   397      396     0.769      -13.73     48.84     20       R3        0
   398      397     0.5064     -18.57     51.2      20       R3        0
   399      398     0.8258     -18.73     55.16     20       R5        0
   400      399     0.9163     -18.72     64.44     20       R5        0
   401      400     1.508      -20.93     67.58     20       R5        0
   402      401     1.155      -20.05     72.94     20       R5        0
   403      402     0.8858     -21.42     77.84     20       R6        0
   404      403     0.8385     -24.01     80.58     20       R6        0
   405      404     1.287      -25.16     84.7      20       R6        0
   406      405     0.5493     -27.8      87.96     20       R6        0
   407      406     0.7865     -27.42     92.46     20       R6        0
   408      402     0.5438     -16.65     75.48     20       R5        0
   409      408     0.7471     -14.78     77.62     20       R6        0
   410      409     1.099      -14.83     81.24     20       R6        0
   411      410     0.3999     -14.56     83.66     20       R6        0
   412      403     1.265      -19.39     80.32     20       R6        0
   413      412     1.155      -21.37     83.62     20       R6        0
   414      413     0.8258     -21.27     88.34     20       R6        0
   415      414     0.8313     -20.83     91.02     20       R6        0
   416      415     0.9718     -23.4      94.38     20       R6        0
   417      416     0.4693     -27.42     96.08     20       R7        0
   418      417     0.643      -30.55     97.34     20       R7        0
   419      256     1.21       -34.06     96.14     20       R7        0
   420      419     0.6615     -32.19     99.44     20       R7        0
   421      420     1.147      -30.11     102.1     20       R7        0
   422      421     0.769      -29.77     105.4     20       R7        0
   423      422     1.33       -29.28     107.6     20       R7        0
   424      423     0.4725     -24.67     105.5     20       R7        0
   425      250     1.099      -27.91     58.4      20       R5        0
   426      425     2.133      -30.21     57.84     20       R5        0
   427      426     0.771      -29.77     53.72     20       R5        0
   428      427     0.7141     -30.16     51.04     20       R5        0
   429      303     0.3517     -45.32     120       20       R8        0
   430      429     0.6948     -42.74     122.2     20       R8        0
   431      430     1.112      -40.7      123.6     20       R8        0
   432      431     1.208      -40        127.5     20       R8        0
   433      432     0.9142     -40        130.2     20       R8        0
   434      433     0.5493     -42.2      133.8     20       R9        0
   435       29     1.344      -10.59     84.88     20       R6        0
   436      435     1.674      -11.21     89.2      20       R6        0
   437      436     0.9093     -12.07     95.88     20       R6        0
   438      437     1.155      -9.51      99.44     20       R7        0
   439      438     0.906      -10.4      103.9     20       R7        0
   440      439     0.6592     -13.34     105.6     20       R7        0
   441      440     0.7647     -15.75     103.9     20       R7        0
   442      441     0.7471     -17.8      102.7     20       R7        0
   443      442     0.541      -21.05     105       20       R7        0
   444      443     0.7922     -21.76     109.5     20       R7        0
   445      444     1.013      -23.08     113       20       R7        0
   446      445     0.7035     -18.57     118.1     20       R8        0
   447      446     0.8685     -12.92     118.8     20       R8        0
   448      447     1.432      -9.67      122.4     20       R8        0
   449      448     1.383      -8.19      127       20       R8        0
   450      449     1.045      -7.53      130.3     20       R8        0
   451      450     1.323      -8.46      134       20       R8        0
   452      451     1.082      -5.94      136       20       R8        0
   453      452     0.824      -4.79      140.8     20       R9        0
   454      453     0.8258     -3.35      146.3     20       R9        0
   455      454     0.9354     -6.98      151       20       R9        0
   456      455     0.824      -6.76      156.4     20       R9        0
   457      456     1.154      -7.75      162.7     20       R9        0
   458      457     0.6683     -8.02      167.2     20       R9        0
   459      458     0.6263     -5.99      170.9     20       R9        0
   460      459     0.2801     -2.69      174       20       R9        0
   461      460     0.8581     -0.55      175.4     20       R9        0
   462      452     0.8367     -1.21      140       20       R9        0
   463      462     0.6683     4.06       143       20       R9        0
   464      463     1.282      9.22       147.4     20       R9        0
   465      464     0.9826     13.18      150.7     20       R9        0
   466      365     0.6479     18.42      70.76     20       R5        0
   467      466     1.101      16.98      76.26     20       R5        0
   468      467     0.901      19.16      81.24     20       R6        0
   469      468     0.7471     22.24      84.32     20       R6        0
   470      469     0.8166     23.84      88.66     20       R6        0
   471      470     1.22       24.72      90.52     20       R6        0
   472      471     0.7035     23.4       94.32     20       R6        0
   473      472     0.5942     20.7       95.42     20       R6        0
   474      473     1.067      19.22      98.78     20       R7        0
   475      474     1.084      18.92      102.8     20       R7        0
   476      475     0.7195     18.34      106.8     20       R7        0
   477      476     0.8581     14.56      110.9     20       R7        0
   478      477     0.9185     15.06      114.9     20       R7        0
   479      478     1.282      15.12      117.7     20       R7        0
   480      479     1.231      16.22      120.7     20       R8        0
   481      480     1.045      19.28      124.9     20       R8        0
   482      481     1.245      20.14      129.7     20       R8        0
   483      482     0.882      15.96      135.1     20       R8        0
   484      483     1.392      14.28      140.1     20       R9        0
   485      484     1.613      17.14      145.9     20       R9        0
   486      485     1.606      23.8       149.1     20       R9        0
   487      486     1.158      27.9       153.4     20       R9        0
   488      487     1.741      27.68      158.2     20       R9        0
   489      488     1.12       23.22      160       20       R9        0
   490      489     0.9962     19.18      158.7     20       R9        0
   491       38     0.8549     0.24       110.7     20       R7        0
   492      491     0.7111     -2.27      113.7     20       R7        0
   493      492     1.268      -5.33      120.9     20       R8        0
   494      493     0.7807     0.26       121.3     20       R8        0
   495      494     0.6263     4.34       122.5     20       R8        0
   496      495     0.739      7.86       125       20       R8        0
   497      496     0.8545     11.48      127.9     20       R8        0
   498      497     1.088      14.4       130.5     20       R8        0
   499      498     1.345      24.1       130.9     20       R8        0
   500      499     1.368      28.92      135.3     20       R8        0
   501      500     1.056      34.86      139.7     20       R9        0
   502      471     0.7647     30.82      92.38     20       R6        0
   503      502     0.8189     34.94      96.48     20       R7        0
   504      503     1.917      34.72      98.6      20       R7        0
   505      504     0.7786     30.32      101.2     20       R7        0
   506      505     0.5859     28.12      105.7     20       R7        0
   507      506     0.6632     28.62      110.5     20       R7        0
   508      507     1.192      29.88      114.9     20       R7        0
   509      508     1.71       31.04      117.1     20       R8        0
   510      509     1.049      36.46      121.5     20       R8        0
   511      510     0.7324     41.3       123.9     20       R8        0
   512      511     0.6258     43.66      126       20       R8        0
   513      512     1.116      45.84      129.9     20       R8        0
   514      513     0.8057     50.82      129.1     20       R8        0
   515      514     0.6258     55.14      130.3     20       R9        0
   516      515     0.4913     57.34      131.3     20       R9        0
   517      513     0.894      49.14      133.5     20       R9        0
   518      517     1.724      51.2       139       20       R9        0
   519      518     0.7469     47.74      142.5     20       R9        0
   520      519     0.691      52.08      147.5     20       R9        0
   521      423     1.12       -30.55     111.8     20       R7        0
   522      521     1.239      -31.09     115.9     20       R8        0
   523      522     0.9903     -30.87     120.3     20       R8        0
   524      523     0.5656     -29.5      123.4     20       R8        0
   525      524     0.9403     -29.18     127.1     20       R8        0
   526      525     0.9948     -28.35     130.4     20       R8        0
   527      526     1.089      -30.62     133.6     20       R8        0
   528      527     1.26       -31.79     136.2     20       R9        0
   529      528     0.469      -35.6      132.3     20       R8        0
   530      528     0.6301     -35.67     139.5     20       R9        0
   531      530     0.7214     -39.85     142.7     20       R9        0
   532      531     1.494      -44.98     147.5     20       R9        0
   533      532     0.7324     -47.9      140.7     20       R9        0
   534      533     1.099      -50.62     139       20       R9        0
   535      532     0.5332     -49.82     147.2     20       R9        0
   536      535     1.183      -53.32     148.4     20       R9        0
   537      536     0.4632     -54.34     152.7     20       R9        0
   538      537     0.4632     -55.38     155.2     20       R9        0
   539      536     0.5332     -56.54     147.5     20       R9        0
   540      539     0.7888     -59.62     149.1     20       R9        0
   541      540     0.4913     -61.82     153.2     20       R9        0
   542      439     1.12       -8.42      106.8     20       R7        0
   543      542     1.025      -8.21      109.5     20       R7        0
   544      543     1.201      -10.04     114.1     20       R7        0
   545      544     1.144      -13.48     117.3     20       R7        0
   546      545     1.139      -17.95     121.2     20       R8        0
   547      546     1.174      -19.34     124.7     20       R8        0
   548      547     0.9549     -17.65     130.2     20       R8        0
   549      548     2.135      -15.61     136.2     20       R8        0
   550      549     1.181      -15.97     142.2     20       R9        0
   551      550     1.247      -13.7      145.9     20       R9        0
   552      551     0.9549     -12.53     149       20       R9        0
   553      550     1.089      -20.44     145.7     20       R9        0
   554      553     0.894      -25.05     149.6     20       R9        0
   555      554     1.819      -28.57     153.4     20       R9        0
   556      555     1.116      -32.37     153       20       R9        0
   557      556     0.572      -34.06     150.5     20       R9        0
   558      557     0.6632     -35.38     148.7     20       R9        0
   559      558     0.894      -33.84     145.9     20       R9        0
   560      559     0.8286     -33.55     143.2     20       R9        0
   561      560     0.7888     -31.36     141.5     20       R9        0
   562      561     1.32       -29.38     139.1     20       R9        0
   563      445     1.487      -23.24     118.3     20       R8        0
   564      563     1.554      -23.74     123.4     20       R8        0
   565      564     0.6683     -24.83     127.1     20       R8        0
   566      565     0.9903     -23.37     132.5     20       R8        0
   567      566     0.6301     -26.59     134.1     20       R8        0
   568      567     0.7786     -28.57     137.4     20       R9        0
   569      568     0.9521     -31.43     137.6     20       R9        0
   570      555     0.8057     -29.82     157.3     20       R9        0
   571      570     1.691      -27.4      160.1     20       R9        0
   572      571     1.089      -29.16     165.1     20       R9        0
   573      572     0.5179     -31.28     168       20       R9        0
   574      504     1.01       40.48      101.2     20       R7        0
   575      574     0.8166     44.88      98.28     20       R7        0
   576       83     0.5602     -87.78     61.14     20       R7        0
   577      163     0.7922     -45.26     46.2      20       R5        0
   578      577     0.8685     -42.02     49.22     20       R5        0
   579      578     0.7141     -41.48     53.68     20       R5        0
   580      579     1.168      -44.6      57.42     20       R5        0
   581      580     0.7807     -49.18     66.8      20       R6        0
   582      581     1.099      -52.08     70.16     20       R6        0
   583      582     0.6067     -52.14     73.16     20       R6        0
   584      583     0.5839     -50.92     75.76     20       R6        0
   585      350     0.7324     -27.25     46.38     20       R3        0
   586      585     0.938      -23.3      50.48     20       R3        0
   587      586     1.02       -18.68     47.78     20       R3        0
   588      587     0.6215     -16.85     45.8      20       R3        0
   589      588     1.139      -12.82     43.24     20       R3        0
   590      589     1.31       -10.4      40.22     20       R3        0
   591      590     0.938      -9.08      37.46     20       R3        0
   592      591     0.5905     -5.94      36.14     20       R3        0
   593      320     1.264      -15.61     -21.8     20       R2        0
   594      593     1.545      -12.38     -23.94    20       R2        0
   595      594     0.5332     -13.12     -26.7     20       R2        0
   596      595     0.7647     -13.34     -28.68    20       R2        0
   597      596     0.5578     -11.21     -29.72    20       R2        0
   598      597     0.7786     -8.13      -32.14    20       R3        0
   599      598     1.089      -4.91      -35.06    20       R3        0
   600      599     1.081      -2.42      -37.62    20       R3        0
   601      600     0.7324     2.2        -39.76    20       R3        0
   602      601     0.882      4.98       -40.86    20       R3        0
   603      602     1.508      7.02       -42.24    20       R3        0
   604      603     0.9772     5.2        -46.26    20       R3        0
   605      604     0.9634     3.44       -50.58    20       R3        0
   606      605     1.12       1.38       -56.08    20       R5        0
   607      606     0.8351     -0.81      -60.18    20       R5        0
   608      607     1.318      -2.05      -63.78    20       R5        0
   609      608     1.613      -1.61      -67.06    20       R5        0
   610      609     0.882      -3.37      -70.14    20       R5        0
   611      610     1.089      -7.33      -73.66    20       R5        0
   612      611     0.7888     -8.64      -77.4     20       R6        0
   613      612     1.028      -11.87     -82.16    20       R6        0
   614      613     1.108      -10.18     -87.36    20       R6        0
   615      614     0.5859     -9.52      -94.38    20       R6        0
   616      615     0.8789     -8.79      -101.9    20       R7        0
   617      616     1.318      -7.92      -107.4    20       R7        0
   618      617     0.8541     -10.55     -111.4    20       R7        0
   619      618     1.028      -10.26     -120.7    20       R8        0
   620      619     1.326      -8.94      -126.5    20       R8        0
   621      620     0.9549     -9.6       -130.5    20       R8        0
   622      621     0.6753     -13.04     -132.8    20       R8        0
   623      622     0.6215     -17.87     -138.3    20       R9        0
   624      623     1.483      -19.71     -141      20       R9        0
   625      624     0.8789     -21.25     -144.6    20       R9        0
   626      625     0.894      -23.74     -149.4    20       R9        0
   627      626     0.9521     -27.76     -156.8    20       R9        0
   628      627     1.018      -24.25     -161      20       R9        0
   629      593     0.906      -18.9      -24.6     20       R2        0
   630      629     1.089      -20.66     -28.68    20       R3        0
   631      630     1.5        -27.42     -26.58    20       R3        0
   632      631     0.8166     -34.45     -27.3     20       R3        0
   633      632     1.01       -37.85     -32.84    20       R3        0
   634      633     0.9142     -41.2      -36.58    20       R5        0
   635      634     0.6883     -43.4      -40.98    20       R5        0
   636      635     0.8313     -49.98     -44.06    20       R5        0
   637      636     0.643      -57.36     -44.38    20       R5        0
   638      637     1.216      -66.2      -39.12    20       R6        0
   639      638     0.643      -72.18     -38.56    20       R6        0
   640      639     0.8858     -78.66     -43.34    20       R6        0
   641      640     0.9208     -84.88     -42.68    20       R6        0
   642      641     1.164      -86.42     -44.66    20       R7        0
   643      642     0.6795     -91.8      -45.2     20       R7        0
   644      643     0.6992     -97.52     -47.68    20       R7        0
   645      644     1.099      -100.7     -51.24    20       R7        0
   646      645     1.263      -104.6     -50.64    20       R7        0
   647      646     0.9903     -110.7     -49.38    20       R8        0
   648      647     0.6883     -123.1     -49.1     20       R8        0
   649      648     0.8258     -128.1     -52.62    20       R9        0
   650      649     0.9208     -139.9     -54.1     20       R9        0
   651      650     1.099      -146.2     -60.14    20       R9        0
   652      651     0.7471     -153.2     -67.24    20       R9        0
   653      652     0.737      -161.7     -71.12    20       R9        0
   654      653     0.7329     -165.6     -72.18    20       R9        0
   655      646     0.737      -108.9     -55.64    20       R8        0
   656      655     0.8111     -109.3     -58.44    20       R8        0
   657      646     0.8545     -109.5     -46.68    20       R8        0
   658      657     0.9354     -113.8     -44.06    20       R8        0
   659      658     0.5602     -118.8     -44.76    20       R8        0
   660      659     0.5064     -121.7     -41.36    20       R8        0
   661      640     1.532      -81.8      -49.76    20       R6        0
   662      661     0.8858     -85.7      -53.88    20       R7        0
   663      662     1.026      -88.94     -56.4     20       R7        0
   664      663     0.737      -93.28     -56.96    20       R7        0
   665      664     0.7471     -98.38     -59.38    20       R7        0
   666      665     1.013      -103.1     -60.8     20       R8        0
   667      666     1.104      -108.3     -63.12    20       R8        0
   668      667     0.9093     -109.7     -65.04    20       R8        0
   669      668     1.32       -113.9     -65.64    20       R8        0
   670      669     0.6683     -118.5     -65.86    20       R8        0
   671      670     0.8258     -124.9     -66.46    20       R9        0
   672      671     0.9338     -128       -65.92    20       R9        0
   673      672     0.7162     -131.9     -65.14    20       R9        0
   674      673     0.8807     -135.7     -64.88    20       R9        0
   675      674     0.771      -142       -64.32    20       R9        0
   676      675     0.7162     -139.4     -59.32    20       R9        0
   677      676     0.3517     -137.8     -57.84    20       R9        0
   678      630     0.8111     -21.27     -32.08    20       R3        0
   679      678     1.407      -23.3      -34.76    20       R3        0
   680      679     0.9451     -18.9      -37.3     20       R3        0
   681      680     0.9387     -17.91     -39.26    20       R3        0
   682      681     1.082      -18.9      -42.68    20       R3        0
   683      682     0.6615     -23.08     -44.06    20       R3        0
   684      683     0.6263     -27.42     -47.68    20       R3        0
   685      684     1.826      -30.82     -49.6     20       R5        0
   686      685     0.6215     -26.26     -53.44    20       R5        0
   687      686     0.5942     -21.64     -56.14    20       R5        0
   688      687     0.7768     -20        -59.16    20       R5        0
   689      688     1.228      -18.57     -64.1     20       R5        0
   690      689     0.5064     -18.19     -68.28    20       R5        0
   691      690     0.429      -13.85     -70.2     20       R5        0
   692      691     0.6615     -15.71     -74.7     20       R5        0
   693      692     1.067      -17.91     -78.88    20       R6        0
   694      693     0.9354     -22.8      -80.08    20       R6        0
   695      694     0.824      -24.56     -84.32    20       R6        0
   696      695     0.769      -24.72     -89.36    20       R6        0
   697      696     0.8385     -27.36     -95.36    20       R7        0
   698      697     0.978      -30.33     -98.98    20       R7        0
   699      698     1.547      -36.92     -102.2    20       R7        0
   700      699     0.771      -36.7      -107.1    20       R7        0
   701      700     0.6263     -35.33     -111.1    20       R7        0
   702      701     0.7998     -34.28     -115.3    20       R8        0
   703      702     0.6042     -34.45     -119.4    20       R8        0
   704      703     1.176      -36.43     -123.2    20       R8        0
   705      704     0.6992     -40.92     -125.2    20       R8        0
   706      705     0.5656     -43.78     -125.8    20       R8        0
   707      693     0.6615     -15.71     -83.72    20       R6        0
   708      707     0.9354     -11.92     -86.02    20       R6        0
   709      708     0.6615     -5.77      -88.48    20       R6        0
   710      709     0.6615     -1.82      -91.46    20       R6        0
   711      710     1.132      1.42       -96.12    20       R6        0
   712      711     0.824      7.24       -97       20       R6        0
   713      712     1.216      7.64       -96.02    20       R6        0
   714      712     0.9387     14.72      -93.98    20       R6        0
   715      714     0.8807     18.84      -91.34    20       R6        0
   716      715     0.9609     22.24      -94.26    20       R6        0
   717      716     0.9451     26.26      -97.06    20       R7        0
   718      717     1.013      29.22      -100.8    20       R7        0
   719      718     0.8942     30.22      -105.4    20       R7        0
   720      719     0.6992     31.02      -108.8    20       R7        0
   721      720     0.3517     28.62      -111.6    20       R7        0
   722      685     0.6881     -36.11     -50.18    20       R5        0
   723      722     1.458      -39.66     -53.78    20       R5        0
   724      723     0.9915     -38.64     -57.4     20       R5        0
   725      724     0.769      -38.64     -62.38    20       R5        0
   726      725     1.149      -39        -67.8     20       R6        0
   727      726     0.8286     -41.68     -72.2     20       R6        0
   728      727     0.7223     -47.06     -77.1     20       R6        0
   729      728     0.776      -48.72     -80.8     20       R6        0
   730      729     1.172      -49.16     -82.6     20       R6        0
   731      730     1.168      -45.3      -84.5     20       R6        0
   732      731     0.469      -43.08     -86.04    20       R6        0
   733      731     1          -47.94     -88.2     20       R7        0
   734      733     0.8541     -50.54     -90.5     20       R7        0
   735      734     0.7469     -51.72     -92.56    20       R7        0
   736      735     1.17       -53.18     -94.86    20       R7        0
   737      736     1.099      -53.54     -98.56    20       R7        0
   738      737     0.9675     -53.5      -102.6    20       R7        0
   739      738     0.9045     -51.52     -104.2    20       R7        0
   740      739     1.068      -50.06     -107.5    20       R8        0
   741      740     0.8057     -49.88     -109.9    20       R8        0
   742      741     0.7324     -48.64     -113.1    20       R8        0
   743      742     0.7111     -47.58     -115.5    20       R8        0
   744      743     0.755      -49.3      -117.7    20       R8        0
   745      744     0.6602     -51.02     -119.9    20       R8        0
   746      745     0.9668     -53.02     -123      20       R8        0
   747      746     0.5905     -54.94     -124      20       R8        0
   748      747     1.031      -56.32     -127.9    20       R9        0
   749      748     0.882      -56.26     -131.5    20       R9        0
   750      749     0.5282     -56.7      -134.1    20       R9        0
   751      750     0.8643     -59.92     -137      20       R9        0
   752      751     0.9948     -64.34     -138.1    20       R9        0
   753      730     0.7223     -52.58     -85.42    20       R7        0
   754      753     0.7863     -56.04     -88.12    20       R7        0
   755      754     0.7073     -60.62     -89.42    20       R7        0
   756      755     0.9178     -63.06     -89.78    20       R7        0
   757      756     0.8705     -67.68     -88.26    20       R7        0
   758      757     0.579      -71.68     -89       20       R7        0
   759      758     1.197      -73.62     -91.72    20       R8        0
   760      759     1.228      -74.24     -94.6     20       R8        0
   761      760     1.396      -74.56     -97.8     20       R8        0
   762      761     1.092      -74.74     -101.8    20       R8        0
   763      762     0.885      -75.74     -105.2    20       R8        0
   764      763     0.5962     -77.5      -107.9    20       R8        0
   765      764     0.8581     -79.08     -109.9    20       R8        0
   766      765     0.4589     -81.74     -111.8    20       R9        0
   767      766     0.7361     -84.46     -112.3    20       R9        0
   768      767     0.1867     -86.32     -111.7    20       R9        0
   769      759     0.4927     -77.06     -93.26    20       R8        0
   770      769     0.2228     -79.32     -96.1     20       R8        0
   771      723     0.6226     -42.64     -55.52    20       R5        0
   772      771     0.6948     -45.12     -56.82    20       R5        0
   773      772     0.9613     -48.5      -56.78    20       R5        0
   774      773     0.9358     -55.88     -58.24    20       R6        0
   775      774     0.5961     -61.86     -62.6     20       R6        0
   776      775     0.7214     -64.9      -63.7     20       R6        0
   777      776     0.8518     -70.6      -66.38    20       R6        0
   778      777     0.5444     -75.16     -70.98    20       R7        0
   779      778     1.025      -77.5      -76.66    20       R7        0
   780      779     0.9451     -80.82     -82.26    20       R7        0
   781      780     0.6753     -83.66     -84.36    20       R8        0
   782      781     0.7541     -88.56     -85.52    20       R8        0
   783      782     0.3735     -94.86     -87.22    20       R8        0
   784      777     0.6139     -75.26     -66.84    20       R7        0
   785      784     0.9521     -80.2      -68.68    20       R7        0
   786      785     0.4761     -84.78     -69.64    20       R7        0
   787      786     0.8705     -88.18     -71.12    20       R7        0
   788      787     0.7541     -93.16     -71.68    20       R7        0
   789      788     0.9185     -95.36     -74.42    20       R8        0
   790      789     1.108      -99.04     -76.22    20       R8        0
   791      790     1.12       -103.3     -74.9     20       R8        0
   792      791     1.028      -107.6     -73.96    20       R8        0
   793      792     0.5732     -111.2     -75.56    20       R8        0
   794      679     0.8367     -28.24     -32.9     20       R3        0
   795      794     0.7922     -29.3      -29.2     20       R3        0
   796      795     0.8359     -30.84     -22       20       R3        0
   797      796     0.9243     -36.48     -16.94    20       R3        0
   798      797     0.7699     -49.32     -12.83    20       R3        0
   799      798     1.228      -55.34     -13.02    20       R5        0
   800      799     0.5859     -54.28     -17.04    20       R5        0
   801      800     0.6997     -55.3      -20.08    20       R5        0
   802      801     0.7541     -57.64     -24.82    20       R5        0
   803      802     0.6997     -61.68     -27.56    20       R5        0
   804      803     0.691      -68.12     -28.68    20       R5        0
   805      804     0.5282     -73.46     -31.54    20       R6        0
   806      805     0.9156     -77.72     -34.8     20       R6        0
   807      806     0.6396     -82.34     -34.44    20       R6        0
   808      807     0.6551     -87.3      -35.72    20       R6        0
   809      808     0.5243     -89.8      -37.52    20       R7        0
   810      809     0.6723     -93.8      -35.36    20       R7        0
   811      810     1.168      -96.46     -34.8     20       R7        0
   812      811     0.8032     -100.1     -32.64    20       R7        0
   813      812     0.8541     -102.5     -30.88    20       R7        0
   814      813     0.8541     -105.8     -30.96    20       R7        0
   815      814     0.9323     -109.2     -32.94    20       R7        0
   816      815     0.4775     -110.6     -34.74    20       R7        0
   817      814     1.131      -107       -26.02    20       R7        0
   818      817     0.6753     -110.7     -25.26    20       R7        0
   819      818     0.6948     -113.7     -26.34    20       R7        0
   820      819     0.7541     -114.3     -29.86    20       R8        0
   821      820     0.4287     -115.7     -30.92    20       R8        0
   822      799     0.9915     -60.86     -13.49    20       R5        0
   823      822     0.95       -64.6      -11.8     20       R5        0
   824      823     0.7889     -69.72     -13.46    20       R5        0
   825      824     0.6753     -73.18     -14.99    20       R5        0
   826      825     0.776      -75.7      -15.58    20       R6        0
   827      826     0.6841     -81.34     -14.48    20       R6        0
   828      827     0.755      -83.98     -11.77    20       R6        0
   829      828     0.447      -87.78     -12.29    20       R6        0
   830      829     0.6006     -92.22     -13.71    20       R6        0
   831      830     1.031      -95.52     -14.96    20       R7        0
   832      831     0.9895     -98.98     -15.47    20       R7        0
   833      832     0.7035     -99.5      -18.73    20       R7        0
   834      833     0.7073     -97.52     -20.64    20       R7        0
   835      834     0.5243     -95.3      -21.62    20       R7        0
   836      835     0.514      -93.82     -20.16    20       R6        0
   837      836     0.5407     -94.38     -17.82    20       R6        0
   838      832     0.9613     -104.3     -13.64    20       R7        0
   839      838     1.254      -107.3     -12.51    20       R7        0
   840      839     0.8189     -111.3     -11.99    20       R7        0
   841      840     1.104      -115.9     -12.65    20       R7        0
   842      841     1.284      -124.2     -13.42    20       R8        0
   843      842     0.6632     -128       -13.68    20       R8        0
   844      843     0.4927     -130       -14.77    20       R8        0
   845      844     1.386      -133.4     -17.56    20       R8        0
   846      845     1.021      -133       -20.24    20       R8        0
   847      846     0.9451     -134.2     -23.96    20       R8        0
   848      847     0.6095     -135.5     -25.76    20       R9        0
   849      848     0.823      -137.9     -27.48    20       R9        0
   850      849     0.4176     -142.4     -30.56    20       R9        0
   851      843     1.036      -131.3     -10.75    20       R8        0
   852      851     0.652      -133.5     -7.19     20       R8        0
   853      852     0.441      -133.8     -4.552    20       R8        0
   854      603     1.056      10.7       -44       20       R3        0
   855      854     0.5859     13.18      -46.92    20       R3        0
   856      855     0.6632     13.84      -52.86    20       R3        0
   857      856     1.422      15.52      -57.12    20       R5        0
   858      857     1.041      10.32      -62.08    20       R5        0
   859      858     0.809      8.12       -65.9     20       R5        0
   860      859     0.9521     9.16       -71.54    20       R5        0
   861      860     1.02       11.94      -78.2     20       R6        0
   862      861     0.882      14.78      -83.48    20       R6        0
   863      862     0.8541     13.76      -89.12    20       R6        0
   864      863     1.099      10.54      -92.84    20       R6        0
   865      864     0.6301     7.84       -94.32    20       R6        0
   866      865     0.8573     8.56       -100.8    20       R7        0
   867      866     0.8541     11.72      -105.5    20       R7        0
   868      867     1.028      12.88      -114.1    20       R7        0
   869      868     0.6215     15.22      -117.5    20       R8        0
   870      869     1.081      18.68      -120.7    20       R8        0
   871      870     1.247      19.56      -125.4    20       R8        0
   872      871     0.882      23.72      -129.6    20       R8        0
   873      872     0.3944     25.7       -133.9    20       R8        0
   874      857     1.066      23.58      -56.02    20       R5        0
   875      874     1.219      29.22      -58.2     20       R5        0
   876      875     0.9962     31.56      -64.36    20       R5        0
   877      876     1.018      36.9       -72.06    20       R6        0
   878      877     1.099      36.24      -79.44    20       R6        0
   879      878     1.02       35.82      -88.46    20       R6        0
   880      879     0.9549     38.3       -97.24    20       R7        0
   881      880     0.8789     39.7       -99.8     20       R7        0
   882      881     0.8573     41.96      -108.4    20       R7        0
   883      882     1.144      44.24      -112.8    20       R8        0
   884      883     0.8351     48.84      -117.2    20       R8        0
   885      884     0.5282     45.84      -124      20       R8        0
   886      885     0.5179     43.58      -130.4    20       R8        0
   887      884     0.885      54.42      -120.8    20       R8        0
   888      887     0.7251     59.1       -122.2    20       R8        0
   889      888     0.7922     62.98      -125.8    20       R9        0
   890      889     0.3276     67.24      -128.1    20       R9        0
   891      317     1.265      -7.2       -7.032    13       R1        0
   892      891     1.32       0.66       -8.402    13       R1        0
   893      892     0.891      5.42       -8.252    13       R1        0
   894      893     0.9549     11.94      -5.256    13       R1        0
   895      894     0.7214     21.34      -3.674    20       R2        0
   896      895     1.252      27.68      -0.9316   20       R2        0
   897      896     1.228      30.24      1.705     20       R2        0
   898      897     1.545      36.46      1.336     20       R2        0
   899      898     0.885      42.84      2.804     20       R3        0
   900      899     1.524      48.62      7.198     20       R3        0
   901      900     1.337      54.26      8.736     20       R3        0
   902      901     0.9826     59.32      6.1       20       R5        0
   903      902     0.8541     65.48      4.192     20       R5        0
   904      903     0.9521     72         2.734     20       R5        0
   905      904     2.026      78         -1.591    20       R6        0
   906      905     0.9387     82.3       2.584     20       R6        0
   907      906     0.9948     85.4       3.796     20       R6        0
   908      907     0.6406     88.4       0.9404    20       R6        0
   909      908     1.158      92.8       -0.2724   20       R6        0
   910      909     0.809      97.9       -4.518    20       R7        0
   911      910     0.809      105.2      -4.078    20       R7        0
   912      911     0.5905     113        -5.476    20       R7        0
   913      912     0.882      120.1      -7.014    20       R8        0
   914      913     0.5859     126.6      -7.814    20       R8        0
   915      907     0.7922     88.5       7.488     20       R6        0
   916      915     1.566      94.2       9.544     20       R6        0
   917      916     0.9521     100        8.006     20       R7        0
   918      917     0.6948     104.7      7.198     20       R7        0
   919      918     0.9826     108.4      10.2      20       R7        0
   920      919     0.5859     113.1      13.13     20       R7        0
   921      920     0.882      117.5      12.69     20       R7        0
   922      921     0.7324     120.8      9.764     20       R8        0
   923      922     0.7922     124.7      6.03      20       R8        0
   924      923     1.018      126.3      4.052     20       R8        0
   925      924     0.938      128.6      0.5362    20       R8        0
   926      925     0.3735     133.1      1.046     20       R8        0
   927      924     0.8057     132.7      6.468     20       R8        0
   928      927     1.049      136.2      3.972     20       R8        0
   929      928     0.9549     142.3      3.972     20       R9        0
   930      929     0.809      147.9      5.59      20       R9        0
   931      930     0.9634     154.7      6.61      20       R9        0
   932      931     0.5578     161.9      9.106     20       R9        0
   933      932     0.5332     169.5      10.42     20       R9        0
   934      437     0.7035     -16.92     97.94     20       R7        0
   935      934     1.028      -16.41     93.4      20       R6        0
   936      935     1.355      -15.57     89.42     20       R6        0
   937      896     1.165      26.96      6.812     20       R2        0
   938      937     0.9549     29.22      12.18     20       R2        0
   939      938     1.409      32         14.67     20       R2        0
   940      939     1.399      37.34      13.64     20       R3        0
   941      940     1.108      44.08      12.91     20       R3        0
   942      941     1.545      50.24      16.43     20       R3        0
   943      942     1.247      53.24      20.54     20       R3        0
   944      943     0.8189     58.6       19.94     20       R5        0
   945      944     1.144      63.56      20.9      20       R5        0
   946      945     1.036      67.08      23.82     20       R5        0
   947      946     0.9265     71.04      26.6      20       R5        0
   948      947     1.376      73.46      28.96     20       R6        0
   949      948     1.554      73.16      33.72     20       R6        0
   950      949     1.382      71.18      39.2      20       R6        0
   951      950     1.6        68.62      41.98     20       R6        0
   952      951     1.26       71.78      47.4      20       R6        0
   953      952     1.31       76.16      51.36     20       R6        0
   954      953     0.9549     81.7       54.22     20       R6        0
   955      954     1.904      87.9       54.44     20       R7        0
   956      955     1.32       92.2       56.92     20       R7        0
   957      939     1.264      31.86      19.94     20       R3        0
   958      957     1.626      32.08      26.54     20       R3        0
   959      958     1.465      35.6       32.76     20       R3        0
   960      959     1.254      43.5       35.18     20       R3        0
   961      960     0.9962     50.98      37.08     20       R5        0
   962      961     1.31       56.1       40.22     20       R5        0
   963      962     0.9634     55         45.8      20       R5        0
   964      963     1.247      55.74      50.2      20       R5        0
   965      964     1.252      52.14      53.86     20       R5        0
   966      965     0.5602     49.32      58.64     20       R5        0
   967      376     0.8351     63.64      89.52     20       R7        0
   968      967     1.972      67.08      88.06     20       R7        0
   969      968     1.158      73.32      89.08     20       R7        0
   970      969     1.483      76.24      86        20       R7        0
   971      970     1.049      81.1       80.58     20       R7        0
   972      971     1.32       86.7       79.86     20       R7        0
   973      972     1.254      95.5       76.92     20       R8        0
   974      973     1.081      101.7      77.8      20       R8        0
   975      974     0.6592     108.2      78.82     20       R8        0
   976      964     0.9178     59.32      53.78     20       R6        0
   977      976     1.32       62.84      57.44     20       R6        0
   978      977     1.368      65.7       57.66     20       R6        0
   979      978     0.8351     63.5       64.04     20       R6        0
   980      979     1.279      61.3       67.04     20       R6        0
   981      980     1.192      56.98      73.56     20       R6        0
   982      981     0.9962     54.7       79.48     20       R6        0
   983      982     0.5127     53.98      81.1      20       R6        0
   984      980     0.9962     66.64      69.16     20       R6        0
   985      984     0.8351     71.26      70.18     20       R7        0
   986      985     0.5578     75.96      73.56     20       R7        0
   987      978     1.54       70.08      58.02     20       R6        0
   988      987     1.02       73.9       59.34     20       R6        0
   989      988     1.409      80.8       60.38     20       R7        0
   990      989     1.049      85.2       63.6      20       R7        0
   991      990     1.32       91         63.16     20       R7        0
   992      991     0.882      97         66.08     20       R7        0
   993      992     0.7251     101.7      72.08     20       R8        0
   994      993     1.025      105.5      73.04     20       R8        0
   995      994     1.025      109        71.72     20       R8        0
   996      995     1.028      114        71.86     20       R8        0
   997      996     0.7361     117.3      71.72     20       R8        0
   998      968     0.894      69.28      83.82     20       R7        0
   999      998     1.089      73.6       81.84     20       R7        0
  1000      999     0.8351     78.14      82.94     20       R7        0
  1001     1000     0.9962     81.1       87.1      20       R7        0
  1002     1001     1.158      81.8       89.96     20       R8        0
  1003     1002     1.049      86.3       93.12     20       R8        0
  1004     1003     0.572      90.9       95.02     20       R8        0
  1005     1004     0.7251     94.8       101.1     20       R8        0
  1006     1005     1.347      97.8       107.4     20       R9        0
  1007     1006     0.891      100.3      110.1     20       R9        0
  1008     1007     0.9521     106.1      111.5     20       R9        0
  1009     1008     1.192      112        114.1     20       R9        0
  1010     1009     0.7922     116.6      112.5     20       R9        0
  1011      916     1.465      99.6       15.33     20       R7        0
  1012     1011     1.281      103.5      21.84     20       R7        0
  1013     1012     1.318      105.2      25.58     20       R7        0
  1014     1013     0.938      107.5      28.36     20       R7        0
  1015     1014     1.174      110.8      29.98     20       R7        0
  1016     1015     1.351      114.7      26.9      20       R7        0
  1017     1016     0.809      121.5      27.7      20       R8        0
  1018     1017     0.9178     127.7      27.7      20       R8        0
  1019     1018     0.604      128.8      23.52     20       R8        0
  1020      948     0.9265     81.7       33.34     20       R6        0
  1021     1020     0.9549     86.8       35.62     20       R6        0
  1022     1021     1.264      94.1       36.94     20       R7        0
  1023     1022     1.279      99.4       36.72     20       R7        0
  1024     1023     0.7786     106.3      35.98     20       R7        0
  1025     1024     0.8057     110.4      33.72     20       R7        0
  1026     1025     0.882      117.5      34.66     20       R8        0
  1027     1026     0.6948     122.1      37.38     20       R8        0
  1028     1027     1.108      126.8      38.4      20       R8        0
  1029     1028     1.089      131.9      37.02     20       R8        0
  1030     1029     0.8351     135.9      35.48     20       R9        0
  1031     1030     1.415      140.8      31.74     20       R9        0
  1032     1031     1.049      145.9      29.32     20       R9        0
  1033     1032     0.7324     150.6      27.64     20       R9        0
  1034     1033     0.7469     156.4      27.34     20       R9        0
  1035     1028     0.9208     131.1      42.18     20       R8        0
  1036     1035     0.8858     128.9      45.32     20       R8        0
  1037     1036     0.6592     127.9      50.38     20       R8        0
  1038     1031     0.9178     145.8      35.18     20       R9        0
  1039     1038     0.8258     146.5      40.64     20       R9        0
  1040     1039     0.9451     145.8      45.54     20       R9        0
  1041     1040     0.9354     151.3      48.02     20       R9        0
  1042     1041     0.4395     157.4      46.74     20       R9        0
  1043      995     0.8367     107.2      66.7      20       R8        0
  1044      905     1.51       83.7       -3.568    20       R6        0
  1045     1044     1.351      88.3       -9.132    20       R6        0
  1046     1045     1.181      94.3       -12.51    20       R6        0
  1047     1046     0.882      98.1       -14.41    20       R7        0
  1048     1047     1.137      102.7      -11.99    20       R7        0
  1049     1048     0.572      106.9      -14.92    20       R7        0
  1050      898     0.9962     38.88      -3.858    20       R3        0
  1051     1050     1.399      45.48      -7.814    20       R3        0
  1052     1051     1.459      48.12      -14.84    20       R3        0
  1053     1052     1.101      53.98      -18       20       R3        0
  1054     1053     1.041      62.02      -20.2     20       R5        0
  1055     1054     1.036      69.28      -23.94    20       R5        0
  1056     1055     0.906      77.12      -23.34    20       R6        0
  1057     1056     1.368      83.3       -19.54    20       R6        0
  1058     1057     1.483      89.3       -20.48    20       R6        0
  1059     1058     1.181      95.1       -23.34    20       R6        0
  1060     1059     0.9521     99.6       -26.64    20       R7        0
  1061     1060     1.347      106        -23.56    20       R7        0
  1062     1061     0.9772     111.4      -21.66    20       R7        0
  1063     1062     1.32       117.7      -19.98    20       R8        0
  1064     1063     1.247      122.1      -23.42    20       R8        0
  1065     1064     0.9634     124.6      -28.46    20       R8        0
  1066     1065     0.891      128.9      -30.66    20       R8        0
  1067     1066     1.26       135.6      -29.2     20       R8        0
  1068     1067     1.146      140.4      -26.42    20       R9        0
  1069     1068     1.32       144.4      -24.96    20       R9        0
  1070     1069     1.025      153.4      -26.86    20       R9        0
  1071     1070     1.247      161.8      -27.36    20       R9        0
  1072     1071     1.158      167.6      -26.64    20       R9        0
  1073     1072     1.181      173.1      -24.66    20       R9        0
  1074     1073     0.4632     178.9      -24.22    20       R9        0
  1075      601     1.22       6.36       -32.96    20       R3        0
  1076     1075     1.668      8.74       -29.32    20       R2        0
  1077     1076     1.159      12.74      -28.34    20       R2        0
  1078     1077     1.214      17.58      -28.94    20       R3        0
  1079     1078     1.172      24.32      -27.3     20       R3        0
  1080     1079     1.028      29.8       -28.02    20       R3        0
  1081     1080     1.228      35.08      -27.74    20       R3        0
  1082     1081     1.279      41.24      -30.22    20       R3        0
  1083     1082     1.422      44.16      -32.42    20       R3        0
  1084     1083     1.584      48.62      -36.96    20       R5        0
  1085     1084     1.465      54.2       -40.2     20       R5        0
  1086     1085     0.8541     58.88      -46.64    20       R5        0
  1087     1086     1.296      61.96      -51.1     20       R6        0
  1088     1087     1.392      66.64      -54.32    20       R6        0
  1089     1088     1.212      72.88      -56.82    20       R6        0
  1090     1089     1.146      78.28      -59.22    20       R7        0
  1091     1090     1.099      85.1       -58       20       R7        0
  1092     1091     0.9962     89.4       -51.98    20       R7        0
  1093     1092     0.882      93.7       -49.86    20       R7        0
  1094     1093     0.882      100.7      -50.74    20       R7        0
  1095     1094     1.028      105.4      -50.88    20       R7        0
  1096     1060     0.8351     104.4      -31.76    20       R7        0
  1097     1096     0.7469     107.5      -35.8     20       R7        0
  1098     1097     0.885      112.1      -40.86    20       R8        0
  1099     1098     0.8351     116.5      -42.46    20       R8        0
  1100     1099     0.8351     120.8      -40.86    20       R8        0
  1101     1100     0.885      125.7      -46.86    20       R8        0
  1102     1101     0.691      131.8      -49.12    20       R9        0
  1103     1102     0.7541     136.9      -49.06    20       R9        0
  1104     1103     0.938      138.6      -53.22    20       R9        0
  1105      895     1.192      28.26      -6.134    20       R2        0
  1106     1105     1.362      32.88      -8.772    20       R2        0
  1107     1106     1.099      37.72      -14.41    20       R3        0
  1108     1107     1.089      40.8       -22.9     20       R3        0
  1109     1108     0.9962     45.4       -26.64    20       R3        0
  1110     1109     0.885      50.16      -28.84    20       R5        0
  1111     1110     1.028      57.5       -29.64    20       R5        0
  1112     1111     0.906      65.84      -33.9     20       R5        0
  1113     1112     0.7786     70.96      -37.26    20       R6        0
  1114     1113     0.8789     77.92      -39.6     20       R6        0
  1115     1114     1.028      88.4       -40.92    20       R6        0
  1116     1115     0.7044     94.2       -41.1     20       R7        0
  1117     1116     1.049      100.5      -41.58    20       R7        0
  1118     1117     0.5905     108.7      -34.7     20       R7        0
  1119     1118     0.4271     114.2      -25.76    20       R7        0
  1120     1084     1.481      46.28      -43.78    20       R5        0
  1121     1120     1.439      44.74      -53.88    20       R5        0
  1122     1121     1.699      44.88      -62.68    20       R6        0
  1123     1122     1.759      48.04      -69.42    20       R6        0
  1124     1123     1.099      48.4       -79.16    20       R6        0
  1125     1124     1.101      51.04      -83.18    20       R6        0
  1126     1125     1.279      50.1       -90.22    20       R7        0
  1127     1126     1.212      55.14      -96.96    20       R7        0
  1128     1127     1.399      52.36      -102.6    20       R7        0
  1129     1128     1.036      62.84      -108.4    20       R8        0
  1130     1129     1.917      70.74      -112.2    20       R8        0
  1131     1130     1.337      72.8       -118.8    20       R9        0
  1132     1131     1.245      75.74      -125.5    20       R9        0
  1133     1132     0.8057     82.6       -128      20       R9        0
  1134     1133     0.891      90.7       -125.3    20       R9        0
  1135     1134     0.691      96.2       -125      20       R9        0
  1136     1123     1.116      55.52      -75.78    20       R6        0
  1137     1136     0.9549     60.28      -78.78    20       R7        0
  1138     1137     2.015      67.82      -80.7     20       R7        0
  1139     1138     1.472      70.16      -87.94    20       R7        0
  1140     1139     1.192      75.8       -97.18    20       R8        0
  1141     1140     1.465      79.54      -102.6    20       R8        0
  1142     1141     0.7922     84.1       -105.6    20       R8        0
  1143     1142     0.469      87         -106.9    20       R8        0
  1144     1078     0.9451     20.76      -31.8     20       R3        0
  1145     1144     0.978      23.5       -36.7     20       R3        0
  1146     1145     0.9903     27.3       -39.82    20       R3        0
  1147     1146     1.042      32.84      -40.48    20       R3        0
  1148     1147     0.7471     36.58      -40.76    20       R3        0
  1149     1148     0.901      39.98      -44.38    20       R5        0
  1150     1149     0.9609     41.92      -46.14    20       R5        0
  1151     1150     1.245      46.3       -49.54    20       R5        0
  1152     1151     1.819      49.6       -52.46    20       R5        0
  1153     1152     0.7865     58.94      -53.66    20       R6        0
  1154     1153     0.9354     64.32      -56.14    20       R6        0
  1155     1154     1.01       69.92      -60.64    20       R6        0
  1156     1155     1.067      74.16      -64.56    20       R7        0
  1157     1156     1.362      79.32      -72.06    20       R7        0
  1158     1157     0.894      83.6       -77.76    20       R7        0
  1159     1158     0.809      88.8       -81.86    20       R8        0
  1160     1159     0.7361     94.4       -82.24    20       R8        0
  1161     1160     1.081      101.6      -85.24    20       R8        0
  1162     1161     0.9265     108.5      -87.94    20       R9        0
  1163     1162     0.9142     117.9      -89.8     20       R9        0
  1164     1163     1.438      123.8      -95.86    20       R9        0
  1165     1164     1.357      128.6      -102.4    20       R9        0
  1166     1165     1.472      134.6      -104.5    20       R9        0
  1167     1166     0.882      140.5      -101.9    20       R9        0
  1168     1091     1.041      90.6       -58.72    20       R7        0
  1169     1168     1.201      98.4       -60.48    20       R7        0
  1170     1169     1.201      105.4      -64.36    20       R8        0
  1171     1170     1.422      110.1      -69.56    20       R8        0
  1172     1171     0.9323     115.2      -75.7     20       R8        0
  1173     1172     1.646      116.5      -78.28    20       R9        0
  1174     1173     0.8189     120.9      -85.9     20       R9        0
  1175     1174     1.02       128.8      -87.72    20       R9        0
  1176     1175     1.049      134.8      -91.38    20       R9        0
## time elapsed: nci 0.0006667  total 0.0008333 minutes.
