#   node  parent    dia       xbio       ybio      zbio      region   dendr
#
     0        0     5.798     0          0         0         PSOMA      0
     1        0     4.492     0          0         -1.25     SOMA      0
     2        1     1.852     0          0         -2.5      SOMA      0
     3        2     1.057     0          0         -5        R4      0
     4        3     0.396     0.101      -0.00792  -5.4      R4      0
     5        4     0.398     0.602      -0.03366  -5.75     R4      0
     6        5     0.495     0.876      -0.1277   -6.15     R4      0
     7        6     0.396     0.962      -0.3772   -6.6      R4      0
     8        7     0.396     0.961      -0.5108   -7.05     R4      0
     9        8     0.495     0.959      -0.6326   -7.55     R4      0
    10        9     0.396     0.95       -0.7217   -8.05     R4      0
    11       10     0.397     0.906      -0.7222   -8.55     R4      0
    12       11     0.495     0.714      -0.7232   -9        R4      0
    13       12     0.397     0.385      -0.7251   -9.35     R4      0
    14       13     0.398     0.038      -0.7316   -9.7      R4      0
    15       14     0.396     -0.2983    -0.7544   -10.1     R4      0
    16       15     0.497     -0.6047    -0.8207   -10.4     R4      0
    17       16     0.498     -0.714     -1.077    -10.8     R4      0
    18       17     0.398     -0.7091    -1.357    -11.3     R5      0
    19       18     0.497     -0.6339    -1.442    -11.7     R5      0
    20       19     0.497     -0.4502    -1.426    -12.2     R5      0
    21       20     0.399     -0.325     -1.352    -12.7     R5      0
    22       21     0.693     -0.4888    -1.135    -13.1     R5      0
    23       22     0.396     -0.7923    -0.8331   -13.3     R5      0
    24       23     0.398     -1.179     -0.6395   -13.6     R5      0
    25       24     0.397     -1.46      -0.5093   -13.9     R5      0
    26       25     0.397     -1.671     -0.5118   -14.4     R5      0
    27       26     0.397     -1.696     -0.6356   -14.8     R5      0
    28       27     0.397     -1.696     -0.6558   -14.9     R5      0
    29       28     0.396     -1.689     -0.7212   -15.4     R5      0
    30       29     0.398     -1.659     -0.7182   -15.9     R5      0
    31       30     0.398     -1.539     -0.7058   -16.4     R5      0
    32       31     0.396     -1.549     -0.6464   -16.9     R5      0
    33       32     0.497     -1.67      -0.4346   -17.3     R5      0
    34       33     0.396     -1.686     -0.1044   -17.7     R5      0
    35       34     0.495     -1.662     0.2213    -18.1     R5      0
    36       35     0.396     -1.553     0.4495    -18.5     R5      0
    37       36     0.497     -1.458     0.4836    -19       R5      0
    38       37     0.397     -1.456     0.4737    -19.5     R5      0
    39       38     0.497     -1.456     0.4292    -20       R5      0
    40       39     0.497     -1.456     0.2777    -20.4     R5      0
    41       40     0.496     -1.456     0.2485    -20.9     R5      0
    42       41     0.395     -1.456     0.2629    -21.4     R5      0
    43       42     0.495     -1.458     0.3277    -21.9     R5      0
    44       43     0.495     -1.467     0.5435    -22.4     R6      0
    45       44     0.396     -1.5       0.8227    -22.8     R6      0
    46       45     0.497     -1.62      1.079     -23.2     R6      0
    47       46     0.398     -1.684     1.368     -23.6     R6      0
    48       47     0.398     -1.663     1.623     -24.1     R6      0
    49       48     0.497     -1.54      1.661     -24.5     R6      0
    50       49     0.495     -1.288     1.573     -24.9     R6      0
    51       50     0.495     -1.146     1.319     -25.3     R6      0
    52       51     0.397     -0.9606    1.106     -25.8     R6      0
    53       52     0.396     -0.7269    0.9559    -26.2     R6      0
    54       53     0.495     -0.5195    0.8212    -26.6     R6      0
    55       54     0.498     -0.4898    0.7386    -27.1     R6      0
    56       55     0.495     -0.4948    0.7742    -27.6     R6      0
    57       56     0.495     -0.4982    0.797     -27.7     R6      0
    58       57     0.495     -0.5274    1.006     -28.2     R6      0
    59       58     0.495     -0.6443    1.24      -28.6     R6      0
    60       59     0.396     -0.7269    1.405     -29       R6      0
    61       60     0.498     -0.7289    1.386     -29.5     R6      0
    62       61     0.396     -0.7239    1.2       -29.9     R6      0
    63       62     0.497     -0.7012    1.032     -30.4     R6      0
    64       63     0.497     -0.5898    1.052     -30.9     R6      0
    65       64     0.396     -0.4463    1.278     -31.3     R6      0
    66       65     0.495     -0.27      1.531     -31.7     R6      0
    67       66     0.495     -0.018     1.805     -32       R6      0
    68       67     0.396     0.325      1.949     -32.3     R6      0
    69       68     0.396     0.619      2.021     -32.8     R6      0
    70       69     0.297     0.708      2.186     -33.2     R7      0
    71       70     0.594     0.669      2.339     -33.7     R7      0
    72       71     0.495     0.615      2.405     -33.9     R7      0
    73       72     0.594     0.4        2.456     -34.2     R7      0
    74       73     0.594     0.077      2.533     -34.6     R7      0
    75       74     0.495     0.038      2.587     -34.7     R7      0
    76       75     0.396     -0.171     2.938     -35       R7      0
    77       76     0.297     -0.2537    3.393     -35.1     R7      0
    78       77     0.297     -0.2809    3.886     -35.1     R7      0
    79       78     0.396     -0.4106    4.354     -35       R7      0
    80       79     0.396     -0.4651    4.542     -35       R7      0
    81       80     0.693     -0.5517    4.961     -34.7     R7      0
    82       81     0.495     -0.7343    5.395     -34.5     R7      0
    83       82     0.396     -0.9922    5.796     -34.5     R7      0
    84       83     0.297     -1.266     6.094     -34.5     R7      0
    85       84     0.297     -1.618     6.438     -34.5     R7      0
    86       85     0.297     -1.949     6.721     -34.7     R7      0
    87       86     0.297     -2.306     6.934     -35       R7      0
    88       87     0.297     -2.322     6.948     -35       R7      0
    89       88     0.198     -2.401     7.074     -35.5     R7      0
    90       89     0.198     -2.313     7.284     -35.9     R7      0
    91       90     0.297     -2.187     7.692     -36.1     R7      0
    92       91     0.297     -2.184     8.186     -36.1     R7      0
    93       92     0.297     -2.198     8.681     -36.1     R7      0
    94       93     0.891     -2.26      9.171     -36.1     R7      0
    95       94     0.693     -2.314     9.267     -36.1     R7      0
    96       95     0.198     -2.587     9.67      -36.2     R7      0
    97       96     0.297     -2.953     9.969     -36.2     R7      0
    98       97     0.297     -3.289     10.3      -36.4     R7      0
    99       98     0.198     -3.601     10.66     -36.5     R7      0
   100       99     0.396     -3.776     11.04     -36.8     R7      0
   101      100     0.297     -3.691     11.47     -37       R7      0
   102      101     0.198     -3.636     11.9      -37.2     R7      0
   103      102     0.198     -3.647     12.3      -37.5     R7      0
   104      103     0.297     -3.699     12.7      -37.8     R7      0
   105      104     0.198     -3.913     13.01     -38.1     R7      0
   106      105     0.396     -4.18      13.34     -38.3     R7      0
   107      106     0.693     -4.405     13.74     -38.5     R7      0
   108      107     0.594     -4.645     14.09     -38.8     R7      0
   109      108     0.396     -4.949     14.24     -39.1     R7      0
   110      109     0.297     -5.328     14.26     -39.4     R7      0
   111      110     0.297     -5.806     14.26     -39.5     R8      800
   112       94     0.594     -2.084     9.313     -36.1     R7      0
   113      112     0.199     -1.944     9.698     -36       R7      0
   114      113     0.198     -1.946     9.795     -36       R7      0
   115      114     0.198     -1.975     10.28     -35.8     R7      0
   116      115     0.198     -2.112     10.75     -35.9     R7      0
   117      116     0.396     -2.407     11.14     -36       R7      0
   118      117     0.297     -2.786     11.4      -36       R7      0
   119      118     0.198     -3.147     11.6      -35.8     R8      801
   120      113     0.299     -1.943     9.748     -35.9     R7      0
   121      120     0.495     -1.869     10.01     -35.5     R7      0
   122      121     0.297     -1.575     10.13     -35.1     R7      0
   123      122     0.198     -1.134     10.12     -34.9     R7      0
   124      123     0.199     -0.7304    9.913     -34.9     R8      802
   125       87     0.199     -2.57      6.992     -34.8     R7      0
   126      125     0.299     -3.02      7.096     -34.7     R7      0
   127      126     0.297     -3.398     7.378     -34.8     R7      0
   128      127     0.693     -3.687     7.762     -34.8     R7      0
   129      128     0.693     -4.035     8.112     -34.9     R7      0
   130      129     0.495     -4.417     8.423     -34.9     R7      0
   131      130     0.396     -4.843     8.674     -34.9     R7      0
   132      131     0.297     -5.262     8.934     -34.9     R7      0
   133      132     0.198     -5.598     9.293     -34.9     R7      0
   134      133     0.199     -5.971     9.608     -35       R7      0
   135      134     0.199     -6.289     9.913     -35.2     R8      803
   136       83     0.297     -0.9799    5.949     -34.2     R7      0
   137      136     0.396     -0.968     6.322     -34       R7      0
   138      137     0.594     -0.9551    6.759     -33.7     R7      0
   139      138     0.297     -0.8645    7.219     -33.8     R7      0
   140      139     0.198     -0.6235    7.515     -34.1     R7      0
   141      140     0.199     -0.4052    7.898     -34.3     R7      0
   142      141     0.495     -0.103     8.23      -34.5     R7      0
   143      142     0.396     0.2        8.417     -34.8     R7      0
   144      143     0.396     0.508      8.449     -35.2     R7      0
   145      144     0.396     0.759      8.41      -35.7     R7      0
   146      145     0.297     0.884      8.221     -36       R7      0
   147      146     0.198     0.632      7.944     -36.3     R7      0
   148      147     0.198     0.236      7.737     -36.1     R8      804
   149       79     0.495     -0.7987    4.392     -34.9     R7      0
   150      149     0.495     -1.234     4.556     -34.8     R7      0
   151      150     0.299     -1.716     4.522     -34.7     R7      0
   152      151     0.199     -2.181     4.354     -34.7     R8      805
   153       74     0.594     -0.04      2.492     -34.7     R7      0
   154      153     0.495     -0.417     2.359     -35       R7      0
   155      154     0.495     -0.8145    2.128     -35.2     R7      0
   156      155     0.594     -1.214     1.889     -35.3     R7      0
   157      156     0.693     -1.361     1.802     -35.4     R7      0
   158      157     0.396     -1.766     1.611     -35.6     R7      0
   159      158     0.396     -2.181     1.423     -35.8     R7      0
   160      159     0.396     -2.42      1.3       -35.8     R7      0
   161      160     0.396     -2.906     1.218     -35.8     R7      0
   162      161     0.594     -3.257     1.234     -35.8     R7      0
   163      162     0.396     -3.74      1.321     -35.8     R7      0
   164      163     0.297     -4.21      1.468     -35.8     R7      0
   165      164     0.297     -4.667     1.584     -35.7     R7      0
   166      165     0.495     -5.081     1.844     -35.7     R7      0
   167      166     0.396     -5.27      1.931     -35.7     R7      0
   168      167     0.297     -5.725     2.116     -35.7     R7      0
   169      168     0.7354    -6.282     2.364     -35.8     R7      0
   170      169     0.396     -6.529     2.502     -36       R7      0
   171      170     0.495     -6.929     2.705     -36.2     R7      0
   172      171     0.495     -7.306     2.988     -36.4     R7      0
   173      172     0.399     -7.615     3.336     -36.5     R7      0
   174      173     0.297     -7.989     3.633     -36.6     R7      0
   175      174     0.594     -8.207     4.075     -36.6     R7      0
   176      175     0.297     -8.509     4.466     -36.6     R7      0
   177      176     0.399     -8.737     4.9       -36.6     R7      0
   178      177     0.396     -8.927     5.346     -36.5     R7      0
   179      178     0.198     -9.193     5.724     -36.3     R7      0
   180      179     0.199     -9.471     6.129     -36.3     R7      0
   181      180     0.198     -9.673     6.529     -36.1     R8      806
   182      166     0.495     -5.081     1.864     -35.7     R7      0
   183      182     0.396     -5.072     2.358     -35.7     R7      0
   184      183     0.198     -5.028     2.851     -35.7     R7      0
   185      184     0.297     -4.885     3.307     -35.8     R7      0
   186      185     0.198     -4.837     3.783     -35.8     R7      0
   187      186     0.297     -4.827     4.276     -35.9     R7      0
   188      187     0.198     -4.782     4.734     -36       R7      0
   189      188     0.198     -4.597     5.079     -36.3     R8      807
   190      161     0.198     -3.163     1.205     -35.6     R7      0
   191      190     0.198     -3.374     1.133     -35.2     R7      0
   192      191     0.297     -3.685     0.9727    -34.8     R7      0
   193      192     0.297     -4.065     0.8796    -34.5     R7      0
   194      193     0.299     -4.284     0.7366    -34.1     R7      0
   195      194     0.199     -4.327     0.6782    -33.6     R7      0
   196      195     0.199     -4.151     0.4772    -33.2     R7      0
   197      196     0.199     -4.114     0.2446    -33       R8      810
   198      159     0.198     -2.167     1.461     -36.2     R7      0
   199      198     0.199     -2.057     1.538     -36.7     R7      0
   200      199     0.198     -2.233     1.859     -37       R7      0
   201      200     0.297     -2.541     2.225     -37       R7      0
   202      201     0.396     -2.954     2.486     -37       R7      0
   203      202     0.198     -3.403     2.676     -37       R7      0
   204      203     0.297     -3.824     2.835     -36.8     R7      0
   205      204     0.396     -4.2       3.03      -36.5     R7      0
   206      205     0.199     -4.356     3.145     -36.1     R8      808
   207      156     0.396     -1.214     1.718     -35.3     R7      0
   208      207     0.198     -1.213     1.224     -35.4     R7      0
   209      208     0.199     -1.21      0.7287    -35.3     R7      0
   210      209     0.299     -1.194     0.2376    -35.3     R7      0
   211      210     0.297     -1.131     -0.2202   -35.2     R7      0
   212      211     0.594     -0.8967    -0.6217   -35       R7      0
   213      212     0.495     -0.4898    -0.886    -35       R7      0
   214      213     0.396     -0.3735    -0.9192   -35       R7      0
   215      214     0.396     0.057      -1.017    -35.2     R7      0
   216      215     0.396     0.448      -1.167    -35.5     R7      0
   217      216     0.495     0.808      -1.41     -35.7     R7      0
   218      217     0.396     1.014      -1.764    -36       R7      0
   219      218     0.495     1.229      -2.126    -36.2     R7      0
   220      219     0.594     1.559      -2.423    -36.4     R7      0
   221      220     0.396     1.928      -2.656    -36.6     R8      809
   222      213     0.495     -0.4161    -0.9825   -35       R7      0
   223      222     0.495     -0.118     -1.374    -34.8     R7      0
   224      223     0.396     0.133      -1.786    -34.8     R7      0
   225      224     0.297     0.124      -2.253    -34.7     R7      0
   226      225     0.198     -0.064     -2.69     -34.8     R7      0
   227      226     0.199     -0.2468    -3.139    -34.9     R7      0
   228      211     0.396     -1.162     -0.3183   -35.2     R7      0
   229      228     0.298     -1.483     -0.6261   -35       R7      0
   230      229     0.299     -1.876     -0.6747   -34.8     R7      0
   231      230     0.299     -2.249     -0.5633   -34.5     R7      0
   232      231     0.299     -2.58      -0.2623   -34.2     R7      0
   233      232     0.299     -2.987     -0.00099  -34.2     R7      0
   234      233     0.197     -3.389     0.2446    -34.4     R8      811
   235       72     0.396     0.665      2.407     -34       R7      0
   236      235     0.198     1.068      2.396     -34.2     R7      0
   237      236     0.199     1.488      2.247     -34.5     R7      0
   238      237     0.198     1.924      2.156     -34.7     R7      0
   239      238     0.198     2.301      2.043     -34.9     R7      0
   240      239     0.396     2.17       1.695     -35.2     R7      0
   241       71     0.396     0.445      2.429     -34       R7      0
   242      241     0.396     0.18       2.555     -34.3     R7      0
   243      242     0.495     -0.104     2.646     -34.8     R7      0
   244      243     0.693     -0.4225    2.66      -35.2     R7      0
   245      244     0.599     -0.6299    2.654     -35.5     R7      0
   246      245     0.495     -0.5279    2.624     -36       R7      0
   247      246     0.499     -0.191     2.511     -36.3     R7      0
   248      247     0.396     0.131      2.22      -36.5     R7      0
   249      248     0.297     0.525      1.965     -36.7     R7      0
   250      249     0.297     0.93       1.755     -36.9     R7      0
   251      250     0.297     1.312      1.553     -37.2     R7      0
   252      251     0.299     1.608      1.338     -37.5     R7      0
   253      252     0.297     1.677      1.103     -37.9     R7      0
   254      253     0.297     1.649      0.8168    -38.3     R7      0
   255      254     0.396     1.591      0.6836    -38.5     R7      0
   256      255     0.297     1.349      0.3703    -38.8     R7      0
   257      256     0.198     1.163      -0.08465  -38.8     R7      0
   258      257     0.297     0.964      -0.5351   -38.8     R7      0
   259      258     0.693     0.695      -0.9474   -38.8     R7      0
   260      259     0.495     0.49       -1.16     -38.8     R7      0
   261      260     0.495     0.097      -1.455    -38.8     R7      0
   262      261     0.8617    -0.4126    -1.555    -38.7     R7      0
   263      262     0.8499    -0.9927    -2.149    -38.5     R7      0
   264      263     0.399     -0.4156    -2.53     -38.2     R7      0
   265      264     0.197     -0.005     -2.656    -38       R7      0
   266      259     0.297     0.712      -1.128    -39       R7      0
   267      266     0.297     0.772      -1.062    -39.4     R7      0
   268      267     0.198     0.95       -0.7999   -39.8     R7      0
   269      268     0.299     1.203      -0.4801   -40       R7      0
   270      254     0.396     1.438      0.7455    -38.5     R7      0
   271      270     0.594     1.237      1.146     -38.8     R7      0
   272      271     0.792     0.93       1.528     -38.8     R7      0
   273      272     0.495     0.668      1.929     -38.9     R7      0
   274      273     0.297     0.683      2.346     -39.1     R7      0
   275      274     0.396     0.962      2.662     -39.3     R7      0
   276      244     0.297     -0.4967    2.904     -35.4     R7      0
   277      276     0.198     -0.6952    2.905     -35.8     R7      0
   278      277     0.297     -0.7175    2.912     -36.3     R7      0
   279      278     0.495     -0.6735    2.945     -36.8     R7      0
   280      279     0.396     -0.5576    3.034     -37.2     R7      0
   281      280     0.198     -0.5066    3.274     -37.6     R7      0
   282      281     0.297     -0.5497    3.628     -38       R7      0
   283      282     0.396     -0.6908    4.017     -38       R7      0
   284      283     0.399     -0.7769    4.493     -38       R7      0
   285      284     0.299     -0.915     4.955     -37.9     R7      0
   286      285     0.297     -0.9724    5.421     -38       R7      0
   287      286     0.396     -0.9744    5.904     -38.1     R7      0
   288      287     0.396     -0.9828    6.366     -38.3     R7      0
   289      288     0.693     -1.016     6.812     -38.5     R7      0
   290      289     0.594     -1.164     7.26      -38.7     R7      0
   291      290     0.792     -1.359     7.678     -38.8     R7      0
   292      291     0.594     -1.522     8.109     -39       R7      0
   293      292     0.594     -1.764     8.532     -39       R7      0
   294      293     0.399     -2.073     8.907     -39       R7      0
   295      294     0.198     -2.181     9.188     -38.5     R7      0
   296      282     0.297     -0.4898    3.62      -38.5     R7      0
   297      296     0.299     -0.4992    3.557     -39       R7      0
   298      297     0.299     -0.5398    3.299     -39.3     R7      0
   299      298     0.297     -0.7022    3.146     -39.8     R7      0
   300      299     0.199     -0.7304    3.145     -40.2     R7      0
   301      279     0.396     -0.6933    2.931     -37       R7      0
   302      301     0.198     -0.7635    2.876     -37.4     R7      0
   303      302     0.297     -0.9304    2.735     -37.8     R7      0
   304      303     0.297     -1.264     2.48      -38.1     R7      0
   305      304     0.198     -1.455     2.133     -38.4     R7      0
   306      305     0.299     -1.516     1.777     -38.7     R7      0
   307      306     0.297     -1.697     1.453     -39       R7      0
   308       56     0.495     -0.4967    0.9747    -27.8     R6      0
   309      308     0.495     -0.714     1.154     -28.3     R6      0
   310      309     0.495     -0.8432    1.412     -28.7     R6      0
   311      310     0.495     -1.015     1.614     -29.1     R6      0
   312      311     0.396     -1.186     1.694     -29.5     R6      0
   313      312     0.299     -1.214     1.695     -30       R6      0
   314        0     4.492     0          0         1.85      SOMA      0
   315      314     1.386     0          0         3.7       SOMA      0
   316      315     1.089     -0.4888    1.828     4.05      R1      0
   317      316     0.99      -0.4888    2.177     4.4       R1      0
   318      317     0.792     -0.4888    2.329     4.55      R1      0
   319      318     0.594     -0.4888    2.676     4.9       R1      0
   320      319     0.693     -0.4888    3.02      5.3       R1      0
   321      320     0.594     -0.4888    3.349     5.65      R1      0
   322      321     0.496     -0.4888    3.589     6.1       R1      0
   323      322     0.594     -0.4888    3.63      6.6       R1      0
   324      323     0.693     -0.4888    3.635     7.1       R1      0
   325      324     0.792     -0.4888    3.659     7.6       R1      0
   326      325     0.594     -0.4893    3.779     8.05      R1      0
   327      326     0.693     -0.4918    3.871     8.55      R1      0
   328      327     0.495     -0.5037    3.88      9.05      R1      0
   329      328     0.495     -0.5255    3.893     9.3       R1      0
   330      329     0.495     -0.6636    3.963     9.8       R1      0
   331      330     0.792     -0.7992    4.207     10.2      R1      0
   332      331     0.495     -1.008     4.398     10.6      R1      0
   333      332     0.596     -1.228     4.578     11        R2      0
   334      333     0.596     -1.379     4.824     11.4      R2      0
   335      334     0.596     -1.605     5         11.8      R2      0
   336      335     0.596     -1.939     5.033     12.2      R2      0
   337      336     0.498     -2.094     5.002     12.3      R2      0
   338      337     0.397     -2.5       4.796     12.5      R2      0
   339      338     0.297     -2.928     4.553     12.5      R2      0
   340      339     0.396     -3.389     4.382     12.5      R2      0
   341      340     0.396     -3.43      4.378     12.5      R2      0
   342      341     0.396     -3.923     4.361     12.5      R2      0
   343      342     0.396     -4.41      4.392     12.6      R2      0
   344      343     0.297     -4.86      4.519     12.7      R2      0
   345      344     0.198     -5.337     4.618     12.8      R2      0
   346      345     0.198     -5.802     4.692     13        R2      0
   347      346     0.297     -6.218     4.954     13        R2      0
   348      347     0.297     -6.644     5.205     13        R2      0
   349      348     0.396     -7.074     5.448     13        R2      0
   350      349     0.297     -7.46      5.756     13        R2      0
   351      350     0.198     -7.829     6.087     13        R2      0
   352      351     0.297     -8.238     6.36      13        R2      0
   353      352     0.396     -8.65      6.629     13.1      R2      0
   354      353     0.297     -9.075     6.783     13.2      R2      0
   355      354     0.297     -9.482     6.877     13.5      R2      0
   356      355     0.198     -9.727     6.994     13.9      R2      0
   357      356     0.198     -9.921     6.961     14.4      R2      0
   358      357     0.297     -10.18     6.798     14.7      R2      0
   359      358     0.299     -10.64     6.771     14.9      R2      0
   360      359     0.297     -11.13     6.769     14.9      R2      0
   361      360     0.297     -11.6      6.765     14.8      R2      0
   362      361     0.396     -12.06     6.741     14.9      R2      0
   363      362     0.198     -12.39     6.619     15.3      R2      0
   364      363     0.198     -12.69     6.567     15.7      R2      0
   365      364     0.297     -13.09     6.699     15.9      R2      0
   366      365     0.297     -13.57     6.798     15.9      R2      0
   367      366     0.198     -14.03     6.903     16.1      R2      0
   368      367     0.198     -14.34     6.847     16.4      R2      0
   369      368     0.198     -14.62     6.77      16.8      R2      0
   370      369     0.199     -15.06     6.766     17        R2      0
   371      370     0.198     -15.54     6.747     17        R2      0
   372      371     0.198     -16        6.657     16.9      R2      0
   373      372     0.198     -16.42     6.406     17        R2      0
   374      373     0.297     -16.7      6.104     17.2      R2      0
   375      374     0.198     -16.95     5.741     17.4      R2      0
   376      375     0.199     -17.31     5.476     17.6      R2      0
   377      376     0.199     -17.76     5.416     17.7      R2      0
   378      377     0.199     -18.21     5.424     17.6      R2      0
   379      378     0.299     -18.55     5.262     17.2      R2      0
   380      379     0.396     -18.68     5.002     16.9      R2      0
   381      380     0.297     -18.89     4.633     16.7      R2      0
   382      381     0.297     -19.28     4.351     16.6      R2      0
   383      382     0.297     -19.7      4.15      16.4      R2      0
   384      383     0.297     -20.04     3.816     16.3      R2      0
   385      384     0.297     -20.32     3.433     16.2      R2      0
   386      385     0.297     -20.71     3.133     16.1      R2      0
   387      386     0.198     -21.14     2.892     16.1      R2      0
   388      387     0.297     -21.51     2.636     15.9      R2      0
   389      388     0.198     -21.96     2.431     15.9      R2      0
   390      389     0.199     -22.41     2.31      15.8      R2      0
   391      390     0.199     -22.72     1.937     15.7      R2      0
   392      340     0.198     -3.389     4.182     12.7      R2      0
   393      392     0.198     -3.392     3.846     13        R2      0
   394      393     0.297     -3.402     3.562     13.5      R2      0
   395      394     0.299     -3.439     3.259     13.8      R2      0
   396      395     0.299     -3.589     2.925     14.2      R2      0
   397      396     0.297     -3.633     2.443     14.2      R2      0
   398      397     0.198     -3.641     1.979     14.4      R2      0
   399      398     0.297     -3.68      1.561     14.7      R2      0
   400      399     0.199     -3.887     1.271     15        R2      0
   401      400     0.198     -4.278     1.072     15.2      R2      0
   402      401     0.198     -4.686     0.9098    15.4      R2      0
   403      402     0.396     -4.984     0.6084    15.7      R2      0
   404      403     0.297     -4.938     0.1347    15.7      R2      0
   405      404     0.297     -4.693     -0.2905   15.7      R2      0
   406      405     0.299     -4.357     -0.5821   15.9      R2      0
   407      406     0.297     -4.024     -0.7821   16.2      R2      0
   408      407     0.396     -3.69      -1.023    16.5      R2      0
   409      408     0.297     -3.483     -1.407    16.7      R2      0
   410      409     0.198     -3.528     -1.812    16.9      R2      0
   411      410     0.199     -3.733     -2.199    17.2      R2      0
   412      411     0.198     -3.671     -2.542    17.3      R2      0
   413      412     0.495     -3.377     -2.931    17.4      R2      0
   414      413     0.594     -3.053     -3.305    17.4      R2      0
   415      414     0.499     -2.835     -3.731    17.5      R2      0
   416      415     0.399     -2.578     -4.12     17.6      R2      0
   417      416     0.298     -2.189     -4.38     17.8      R2      0
   418      417     0.297     -1.747     -4.567    17.9      R2      0
   419      418     0.297     -1.287     -4.659    18        R2      0
   420      419     0.297     -0.9101    -4.876    18.2      R2      0
   421      420     0.297     -0.5284    -5.16     18.4      R2      0
   422      421     0.297     -0.225     -5.528    18.5      R2      0
   423      422     0.198     -0.026     -5.967    18.5      R2      0
   424      423     0.198     0.11       -6.427    18.3      R2      0
   425      424     0.199     0.216      -6.892    18.2      R2      0
   426      425     0.199     0.2        -7.362    18.1      R2      0
   427      426     0.198     0.078      -7.813    17.9      R2      0
   428      427     0.198     -0.219     -8.202    17.9      R2      0
   429      428     0.198     -0.518     -8.56     18        R2      0
   430      429     0.198     -0.6249    -9.011    18.1      R2      0
   431      430     0.198     -0.5165    -9.476    18.2      R2      0
   432      431     0.198     -0.5462    -9.85     18.5      R2      0
   433      432     0.198     -0.7433    -9.945    19        R2      0
   434      433     0.199     -0.9719    -10.15    19.3      R2      0
   435      411     0.299     -3.973     -2.147    17.4      R2      0
   436      435     0.399     -4.424     -1.966    17.5      R2      0
   437      436     0.4517    -4.778     -2.007    17.8      R2      0
   438      437     0.399     -4.824     -1.481    18.1      R2      0
   439      438     0.399     -4.779     -1.049    17.9      R2      0
   440      439     0.299     -4.597     -0.7222   17.6      R2      0
   441      336     0.297     -1.939     5.215     12.4      R2      0
   442      441     0.495     -2.153     5.32      12.8      R2      0
   443      442     0.399     -2.387     5.321     13.2      R2      0
   444      443     0.297     -2.423     5.322     13.7      R2      0
   445      444     0.297     -2.426     5.326     14.2      R2      0
   446      445     0.297     -2.438     5.343     14.6      R2      0
   447      446     0.299     -2.519     5.459     15.1      R2      0
   448      447     0.297     -2.755     5.861     15.2      R2      0
   449      448     0.297     -2.969     6.254     15.4      R2      0
   450      449     0.297     -3.178     6.617     15.7      R2      0
   451      450     0.297     -3.366     7.062     15.8      R2      0
   452      451     0.297     -3.586     7.468     15.9      R2      0
   453      452     0.297     -3.83      7.857     16.1      R2      0
   454      453     0.198     -4.191     8.184     16.2      R2      0
   455      454     0.299     -4.624     8.422     16.2      R2      0
   456      455     0.297     -5.067     8.639     16.2      R2      0
   457      456     0.396     -5.302     8.729     16.2      R2      0
   458      457     0.396     -5.683     8.977     16.4      R2      0
   459      458     0.297     -6.067     9.281     16.4      R2      0
   460      459     0.396     -6.431     9.577     16.6      R2      0
   461      460     0.297     -6.769     9.933     16.6      R2      0
   462      461     0.297     -7.069     10.3      16.5      R2      0
   463      462     0.396     -7.42      10.63     16.4      R2      0
   464      463     0.297     -7.87      10.82     16.4      R2      0
   465      464     0.198     -8.348     10.89     16.5      R2      0
   466      465     0.297     -8.825     10.93     16.6      R2      0
   467      466     0.299     -9.289     11.09     16.6      R2      0
   468      467     0.198     -9.723     11.27     16.5      R2      0
   469      468     0.297     -10.17     11.44     16.5      R2      0
   470      469     0.297     -10.54     11.6      16.7      R2      0
   471      470     0.297     -10.89     11.67     17.1      R2      0
   472      471     0.297     -11.31     11.83     17.2      R2      0
   473      472     0.297     -11.75     11.98     17.4      R2      0
   474      473     0.297     -12.17     12.16     17.6      R2      0
   475      474     0.198     -12.57     12.31     17.9      R2      0
   476      475     0.199     -12.96     12.37     18.2      R2      0
   477      476     0.299     -13.39     12.5      18.3      R2      0
   478      477     0.297     -13.76     12.8      18.2      R2      0
   479      478     0.396     -14.04     13.11     18        R2      0
   480      479     0.396     -14.34     13.33     17.7      R2      0
   481      480     0.396     -14.72     13.55     17.4      R2      0
   482      481     0.297     -15.14     13.79     17.4      R2      0
   483      482     0.297     -15.58     14.01     17.4      R2      0
   484      483     0.198     -16.03     14.23     17.4      R2      0
   485      484     0.299     -16.48     14.43     17.4      R2      0
   486      485     0.396     -16.95     14.51     17.2      R2      0
   487      486     0.297     -17.4      14.54     17.1      R2      0
   488      487     0.198     -17.76     14.73     16.8      R2      0
   489      488     0.198     -18.13     14.99     16.6      R2      0
   490      456     0.198     -5.09      8.666     16.2      R2      0
   491      490     0.299     -5.341     9.038     16.1      R2      0
   492      491     0.297     -5.458     9.375     15.7      R2      0
   493      492     0.198     -5.795     9.64      15.5      R2      0
   494      493     0.199     -6.001     10.01     15.3      R2      0
   495      494     0.198     -6.231     10.43     15.2      R2      0
   496      495     0.198     -6.371     10.89     15.1      R2      0
   497      496     0.299     -6.665     11.25     14.9      R2      0
   498      497     0.396     -7.014     11.6      14.9      R2      0
   499      445     0.297     -2.426     5.315     14.2      R2      0
   500      499     0.198     -2.404     4.944     14.5      R2      0
   501      500     0.495     -2.309     4.504     14.7      R2      0
   502      501     0.198     -2.134     4.071     14.9      R2      0
   503      502     0.199     -1.89      3.674     15        R2      0
   504      503     0.297     -1.512     3.412     15.2      R2      0
   505      504     0.198     -1.177     3.163     15.5      R2      0
   506      505     0.297     -0.817     3.115     15.8      R2      0
   507      506     0.198     -0.4388    3.044     16.1      R2      0
   508      507     0.199     -0.03      2.862     16.3      R2      0
   509      508     0.198     0.391      2.632     16.4      R2      0
   510      509     0.297     0.761      2.367     16.6      R2      0
   511      510     0.198     1.035      2.047     16.8      R2      0
   512      511     0.297     1.409      1.885     17.1      R2      0
   513      512     0.297     1.69       1.744     17.4      R2      0
   514      513     0.396     1.958      1.379     17.5      R2      0
   515      514     0.297     2.262      1.098     17.8      R2      0
   516      515     0.495     2.65       0.8232    17.9      R2      0
   517      516     0.297     3.086      0.6559    18.1      R2      0
   518      517     0.297     3.516      0.4247    18.2      R2      0
   519      518     0.297     3.816      0.06484   18.3      R2      0
   520      519     0.297     4.11       -0.3296   18.3      R2      0
   521      520     0.297     4.413      -0.6747   18.1      R2      0
   522      521     0.198     4.793      -0.986    18.1      R2      0
   523      522     0.297     5.097      -1.371    18.1      R2      0
   524      523     0.299     5.37       -1.781    18.2      R2      0
   525      524     0.198     5.779      -1.968    18.3      R2      0
   526      525     0.297     6.238      -2.126    18.4      R2      0
   527      526     0.198     6.601      -2.412    18.5      R2      0
   528      527     0.297     6.787      -2.731    18.8      R2      0
   529      528     0.297     7.005      -3.082    19.1      R2      0
   530      529     0.396     7.415      -3.351    19.1      R2      0
   531      530     0.297     7.77       -3.693    19.1      R2      0
   532      531     0.198     8.2        -3.864    19.2      R2      0
   533      532     0.299     8.691      -3.87     19.1      R2      0
   534      533     0.297     9.186      -3.895    19.1      R2      0
   535      534     0.297     9.656      -4.02     19.1      R2      0
   536      535     0.399     10.15      -4.106    19.1      R2      0
   537      516     0.495     2.65       0.8128    17.9      R2      0
   538      537     0.396     2.648      0.3648    18.1      R2      0
   539      538     0.198     2.618      -0.1014   17.9      R2      0
   540      539     0.198     2.49       -0.5663   17.9      R2      0
   541      540     0.297     2.185      -0.9543   17.8      R2      0
   542      541     0.198     1.861      -1.298    17.7      R2      0
   543      542     0.297     1.559      -1.683    17.7      R2      0
   544      543     0.299     1.435      -2.141    17.8      R2      0
   545      544     0.297     1.387      -2.626    17.8      R2      0
   546      545     0.297     1.231      -3.078    17.7      R2      0
   547      546     0.198     1.128      -3.549    17.6      R2      0
   548      547     0.299     1.173      -4.036    17.6      R2      0
   549      548     0.297     1.232      -4.527    17.6      R2      0
   550      549     0.299     1.346      -5.003    17.6      R2      0
   551      550     0.198     1.5        -5.472    17.6      R2      0
   552      551     0.299     1.697      -5.904    17.5      R2      0
   553      552     0.396     1.936      -6.265    17.2      R2      0
   554      553     0.299     2.11       -6.706    17.1      R2      0
   555      554     0.199     2.05       -7.186    17.2      R2      0
   556      555     0.199     2.17       -7.489    17.4      R2      0
   557      512     0.198     1.687      1.695     17.1      R2      0
   558      557     0.199     1.838      1.781     17        R2      0
   559      558     0.199     2.088      2.18      16.9      R2      0
   560      559     0.297     2.486      2.41      17        R2      0
   561      560     0.299     2.895      2.452     17.3      R2      0
   562      561     0.299     3.321      2.573     17.5      R2      0
   563      562     0.396     3.62       2.662     17.1      R2      0
   564      557     0.396     1.778      1.381     17.1      R2      0
   565      564     0.297     2.174      1.088     17.1      R2      0
   566      565     0.297     2.64       1.022     17        R2      0
   567      566     0.495     2.895      1.212     16.6      R2      0
   568      328     0.198     -0.5269    4.123     9.35      R1      0
   569      568     0.297     -0.72      4.223     9.8       R1      0
   570      569     0.495     -0.7819    4.494     10.2      R1      0
   571      570     0.594     -0.9081    4.755     10.6      R1      0
   572      571     0.495     -0.964     5.067     11        R2      0
   573      572     0.198     -0.9467    5.407     11.4      R2      0
   574      573     0.396     -0.9007    5.732     11.8      R2      0
   575      574     0.396     -0.8071    5.836     12        R2      0
   576      575     0.396     -0.6388    6.067     12.4      R2      0
   577      576     0.396     -0.5121    6.325     12.8      R2      0
   578      577     0.396     -0.4888    6.644     13.2      R2      0
   579      578     0.396     -0.4898    6.92      13.6      R2      0
   580      579     0.495     -0.4928    7.23      14        R2      0
   581      580     0.495     -0.5027    7.558     14.3      R2      0
   582      581     0.495     -0.5413    7.811     14.8      R2      0
   583      582     0.396     -0.6947    7.998     15.2      R2      0
   584      583     0.495     -0.8828    8.148     15.6      R2      0
   585      584     0.297     -0.871     8.402     16        R2      0
   586      585     0.297     -0.7012    8.566     16.4      R2      0
   587      586     0.297     -0.5106    8.791     16.8      R2      0
   588      587     0.297     -0.3176    9.034     17        R2      0
   589      588     0.693     -0.189     9.429     17.2      R2      0
   590      589     0.396     -0.047     9.854     17.4      R2      0
   591      590     0.198     -0.006     10.34     17.4      R2      0
   592      591     0.3435    -0.12      10.8      17.4      R2      0
   593      592     0.3622    -0.143     11.31     17.4      R2      0
   594      593     0.297     -0.084     11.81     17.5      R2      0
   595      594     0.396     -0.2527    12.15     17.8      R2      0
   596      595     0.396     -0.3675    12.56     18        R2      0
   597      596     0.299     -0.6982    12.89     18.2      R2      0
   598      597     0.297     -1.068     13.17     18.4      R2      0
   599      598     0.495     -1.477     13.44     18.4      R2      0
   600      599     0.297     -1.748     13.8      18.6      R2      0
   601      600     0.198     -1.917     14.2      18.8      R2      0
   602      601     0.297     -2.005     14.59     19.1      R2      0
   603      602     0.297     -2.238     14.92     19.4      R2      0
   604      603     0.198     -2.579     15.17     19.6      R2      0
   605      604     0.299     -2.891     15.45     19.9      R2      0
   606      605     0.297     -3.125     15.8      20.1      R2      0
   607      606     0.4245    -3.13      16.27     20.2      R2      0
   608      607     0.297     -3.066     16.75     20.3      R2      0
   609      608     0.299     -2.954     17.23     20.3      R2      0
   610      609     0.199     -3.042     17.71     20.3      R2      0
   611      610     0.199     -3.321     18.12     20.3      R2      0
   612      611     0.198     -3.588     18.53     20.2      R2      0
   613      612     0.198     -3.848     18.87     20        R2      0
   614      613     0.396     -3.897     19.28     19.7      R2      0
   615      614     0.199     -3.984     19.73     19.6      R2      0
   616      615     0.198     -4.067     20.21     19.5      R2      0
   617      616     0.495     -3.971     20.67     19.5      R2      0
   618      617     0.495     -4.052     21.14     19.6      R2      0
   619      618     0.396     -4.092     21.63     19.6      R2      0
   620      619     0.297     -4.005     22.12     19.6      R2      0
   621      620     0.199     -3.879     22.59     19.6      R2      0
   622      621     0.199     -3.837     23.07     19.7      R2      0
   623      622     0.199     -3.631     23.44     19.6      R2      0
   624      589     0.495     -0.035     9.429     17.6      R2      0
   625      624     0.396     0.212      9.798     17.6      R2      0
   626      625     0.396     0.395      10.25     17.6      R2      0
   627      626     0.297     0.675      10.65     17.7      R2      0
   628      627     0.297     0.951      10.98     18        R2      0
   629      628     0.396     1.243      11.27     18.2      R2      0
   630      629     0.399     1.607      11.57     18.3      R2      0
   631      630     0.396     1.966      11.91     18.3      R2      0
   632      631     0.594     2.271      12.29     18.3      R2      0
   633      632     0.495     2.649      12.56     18.2      R2      0
   634      633     0.297     3.106      12.65     18        R2      0
   635      634     0.299     3.527      12.83     17.9      R2      0
   636      635     0.198     3.987      12.98     17.8      R2      0
   637      636     0.198     4.321      13.27     17.6      R2      0
   638      637     0.495     4.652      13.58     17.4      R2      0
   639      638     0.297     5.026      13.87     17.5      R2      0
   640      639     0.297     5.28       14.28     17.6      R2      0
   641      640     0.198     5.275      14.75     17.4      R2      0
   642      641     0.297     5.122      15.2      17.5      R2      0
   643      642     0.396     4.951      15.58     17.7      R2      0
   644      643     0.297     4.755      16.02     17.7      R2      0
   645      644     0.299     4.582      16.47     17.6      R2      0
   646      645     0.198     4.417      16.92     17.7      R2      0
   647      646     0.199     4.129      17.21     17.9      R2      0
   648      647     0.299     4.104      17.4      18.4      R2      0
   649      589     0.297     -0.2685    9.459     17.7      R2      0
   650      649     0.198     -0.4453    9.655     18.1      R2      0
   651      650     0.199     -0.7957    9.831     18.4      R2      0
   652      651     0.198     -1.124     9.95      18.8      R2      0
   653      652     0.199     -1.419     10.12     19.1      R2      0
   654      653     0.199     -1.724     10.44     19.3      R2      0
   655      654     0.199     -2.05      10.8      19.4      R2      0
   656      655     0.198     -2.296     11.19     19.6      R2      0
   657      656     0.199     -2.539     11.57     19.8      R2      0
   658      657     0.198     -2.674     12.03     19.8      R2      0
   659      658     0.198     -2.728     12.47     19.6      R2      0
   660      659     0.297     -2.893     12.73     19.2      R2      0
   661      660     0.297     -3.043     13        18.8      R2      0
   662      661     0.396     -3.324     13.18     18.4      R2      0
   663      662     0.396     -3.583     13.53     18.2      R2      0
   664      663     0.396     -3.959     13.78     18        R2      0
   665      664     0.299     -4.356     14.02     17.9      R2      0
   666      589     0.297     -0.4923    9.429     17.6      R2      0
   667      666     0.297     -0.9868    9.406     17.6      R2      0
   668      667     0.299     -1.453     9.281     17.6      R2      0
   669      668     0.199     -1.456     8.946     17.4      R2      0
   670      587     0.198     -0.4225    8.762     16.9      R2      0
   671      670     0.198     -0.068     8.589     17.2      R2      0
   672      671     0.198     0.358      8.419     17.4      R2      0
   673      672     0.198     0.786      8.238     17.5      R2      0
   674      673     0.199     1.145      8.034     17.8      R2      0
   675      674     0.199     1.534      7.98      18.1      R2      0
   676      675     0.495     1.974      7.983     18.3      R2      0
   677      676     0.396     2.444      7.996     18.5      R2      0
   678      677     0.396     2.874      8.062     18.7      R2      0
   679      678     0.299     3.265      8.206     18.9      R2      0
   680      679     0.299     3.732      8.219     19.1      R2      0
   681      680     0.299     4.225      8.211     19.1      R2      0
   682      681     0.198     4.7        8.178     19.2      R2      0
   683      682     0.396     5.162      8.045     19.2      R2      0
   684      683     0.297     5.614      7.987     19        R2      0
   685      684     0.297     6.078      8.013     18.9      R2      0
   686      685     0.396     6.552      8.138     18.8      R2      0
   687      686     0.396     7.04       8.198     18.8      R2      0
   688      687     0.594     7.522      8.109     18.8      R2      0
   689      688     0.396     7.916      7.863     18.7      R2      0
   690      689     0.299     8.174      7.47      18.5      R2      0
   691      690     0.198     8.375      7.064     18.3      R2      0
   692      691     0.198     8.539      6.692     18        R2      0
   693      692     0.299     8.936      6.529     17.9      R2      0
   694      583     0.297     -0.7348    7.932     15.7      R2      0
   695      694     0.198     -0.7527    7.731     16.1      R2      0
   696      695     0.396     -0.8121    7.374     16.4      R2      0
   697      696     0.297     -1.02      6.977     16.6      R2      0
   698      697     0.495     -1.345     6.605     16.6      R2      0
   699      698     0.396     -1.645     6.221     16.6      R2      0
   700      699     0.297     -1.855     5.792     16.4      R2      0
   701      700     0.198     -1.939     5.308     16.5      R2      0
   702      701     0.297     -1.938     4.859     16.7      R2      0
   703      702     0.297     -1.936     4.487     17        R2      0
   704      703     0.396     -1.929     4.12      17.3      R2      0
   705      704     0.198     -1.896     3.718     17.6      R2      0
   706      705     0.198     -1.719     3.426     18        R2      0
   707      706     0.198     -1.474     3.185     18.3      R2      0
   708      707     0.198     -1.354     2.906     18.7      R2      0
   709      708     0.199     -1.311     2.625     19.1      R2      0
   710      709     0.198     -1.194     2.395     19.5      R2      0
   711      710     0.396     -0.7908    2.231     19.7      R2      0
   712      711     0.396     -0.3185    2.233     19.8      R2      0
   713      712     0.399     0.109      2.409     20        R2      0
   714      713     0.299     0.587      2.487     20.1      R2      0
   715      714     0.198     1.031      2.694     20.1      R2      0
   716      715     0.198     1.461      2.933     20.1      R2      0
   717      716     0.199     1.89       3.165     20        R2      0
   718      717     0.297     2.247      3.459     19.9      R2      0
   719      718     0.297     2.512      3.762     19.6      R2      0
   720      719     0.198     2.663      4.218     19.6      R2      0
   721      720     0.198     2.794      4.658     19.4      R2      0
   722      721     0.199     2.895      5.114     19.3      R2      0
   723      722     0.198     2.895      5.562     19.1      R2      0
   724      574     0.396     -0.9061    5.738     11.8      R2      0
   725      724     0.297     -0.9838    5.925     12.2      R2      0
   726      725     0.198     -1.069     5.905     12.7      R2      0
   727      726     0.299     -1.214     5.562     13        R2      0
   728      317     0.891     -0.377     2.178     4.55      R1      0
   729      728     0.891     -0.2418    2.393     4.9       R1      0
   730      729     0.792     -0.2265    2.729     5.25      R1      0
   731      730     0.495     -0.185     3.034     5.65      R1      0
   732      731     0.497     -0.037     3.143     6.1       R1      0
   733      732     0.498     -0.005     3.145     6.6       R1      0
   734      733     0.199     -0.005     3.145     7.1       R1      0
   735      613     0.2087    -3.532     19.53     20        R2      0
   736      607     0.1743    -3.526     16.58     20.4      R2      0
   737      659     0.1804    -2.653     12.71     20.2      R2      0
   738      660     0.1419    -3.494     12.34     18.9      R2      0
   739      663     0.2886    -3.535     14.08     18.4      R2      0
   740      336     0.1353    -1.312     4.702     12.5      R2      0
   741       27     0.297     -1.697     -0.9484   -15.1     R5      0
   742      741     0.297     -1.52      -1.209    -15.4     R5      0
   743      742     0.299     -1.611     -1.654    -15.6     R5      0
   744      743     0.198     -1.742     -2.121    -15.7     R5      0
   745      744     0.297     -1.968     -2.274    -16.1     R5      0
   746      745     0.299     -2.278     -2.133    -16.4     R5      0
   747      746     0.299     -2.664     -1.93     -16.6     R5      0
   748      747     0.1644    -3.007     -1.712    -16.6     R5      0
   749      748     0.1924    -3.37      -1.543    -16.6     R5      0
   750      749     0.1905    -3.919     -1.353    -16.6     R5      0
   751      750     0.2732    -4.343     -1.135    -16.6     R5      0
   752      751     0.2957    -4.913     -0.9202   -16.6     R5      0
   753      752     0.3158    -5.494     -0.6766   -16.6     R5      0
   754       51     0.3759    -1.563     1.262     -25.4     R6      0
   755      754     0.3321    -1.827     1.394     -25.6     R6      0
   756      128     0.495     -4.401     7.334     -34.8     R7      0
   757      756     0.3844    -4.847     7.037     -34.8     R7      0
   758      757     0.297     -4.593     6.784     -34.8     R7      0
   759      758     0.1826    -4.451     6.245     -35       R7      0
   760      757     0.1805    -5.224     7.185     -34.6     R7      0
   761      169     0.3889    -6.431     1.938     -35.8     R7      0
   762      761     0.1485    -6.084     1.542     -35.8     R7      0
